0 128 -8 130 -16 192 -22 225 33 191 27 191 20 190 13 191 30 192 24 193 17 192 9 197 20 188 11 188 16 192 5 209 -7 224 -8 251 -15 251 -23 251 -30 257 -39 257 -46 257 -54 257 -62 257 -71 252 -78 251 -67 224 -76 224 -115 201 -112 251 -119 252 -125 224 -134 224 -153 225 -155 223 -170 225 -161 240 -175 238 -194 225 -201 225 -203 210 -216 197 -222 196 -255 207 -301 191 -261 189 -266 190 -256 209 -267 209 -281 224 -280 212 -312 188 -422 129 -380 84 -428 66 -439 60 -448 60 -456 60 -464 59 -465 64 -481 64 -496 78 -502 78
0 120 -8 120 -16 184 -22 218 32 183 25 183 23 179 41 179 31 185 25 185 16 186 9 182 19 180 21 183 13 201 6 202 -5 216 -8 216 -15 244 -23 244 -30 249 -39 243 -46 249 -55 243 -52 212 -74 212 -75 220 -212 127 -219 122 -228 122 -112 215 -120 244 -127 244 -135 243 -141 216 -148 216 -157 216 -167 216 -176 216 -186 214 -191 216 -203 215 -211 215 -220 216 -225 216 -242 218 -250 217 -245 197 -256 201 -279 234 -303 215 -289 182 -321 188 -342 185 -367 184 -436 122 -444 122 -445 73 -462 120 -469 120 -477 120 -485 120 -493 120 -444 76
0 112 -8 112 -16 175 -24 208 25 172 27 173 21 173 42 171 32 177 24 177 30 172 24 174 18 174 20 176 13 194 -22 234 -4 206 -9 207 -15 237 -23 235 -31 236 -39 236 -47 236 -55 236 -63 236 -73 232 -78 232 -88 235 -95 235 -102 208 -112 235 -111 203 -119 203 -130 202 -142 208 -154 206 -158 208 -166 208 -174 208 -182 208 -190 208 -202 205 -209 206 -218 206 -226 206 -233 206 -241 206 -258 208 -266 208 -265 193 -273 177 -304 173 -311 192 -304 172 -318 172 -338 173 -353 176 -375 178 -401 176 -408 175 -480 180 -488 115 -494 113 -501 112
3 104 -8 104 -15 104 -24 201 -30 200 -12 207 20 164 41 163 33 168 24 169 22 164 24 165 17 168 22 167 14 185 7 185 -18 217 -11 198 -14 194 -23 227 -31 229 -39 228 -47 228 -55 228 -63 228 -71 228 -79 227 -87 228 -95 228 -103 228 -111 228 -119 229 -121 197 -133 194 -142 200 -150 198 -158 200 -166 197 -173 200 -182 199 -189 200 -201 198 -204 199 -247 198 -231 177 -359 241 -368 217 -256 177 -252 184 -376 204 -265 183 -292 166 -380 167 -416 49 -432 244 -435 225 -352 169 -360 169 -370 168 -408 171 -417 167 -488 168 -494 104 -504 35
2 96 -8 96 -16 96 -24 96 -32 192 -39 193 19 159 41 155 32 160 24 161 28 155 24 156 17 157 12 156 14 159 5 177 -1 176 -7 167 -19 188 -20 188 -26 188 -39 221 -47 220 -55 221 -63 220 -71 221 -79 221 -81 187 -88 188 -105 187 -108 187 -115 186 -128 187 -134 192 -142 192 -152 190 -162 190 -163 191 -201 167 -213 189 -223 191 -327 233 -336 236 -343 33 -337 31 -356 35 -364 34 -358 32 -384 47 -383 24 -395 25 -396 26 -415 44 -409 48 -385 46 -405 45 -448 225 -360 161 -368 161 -378 159 -400 158 -488 192 -494 96 -501 96
0 88 -8 88 -16 88 -24 88 -32 184 -40 184 18 151 14 150 32 152 24 152 -45 150 -75 185 1 154 -68 150 -105 87 -7 150 -8 149 -11 168 -35 201 -28 182 -32 181 -41 180 -43 181 -52 179 -60 181 -64 184 -73 184 -116 182 -221 201 -182 26 -240 251 -124 180 -127 182 -132 183 -175 184 -157 180 -163 181 -176 154 -299 90 -246 151 -244 153 -328 90 -284 45 -337 40 -341 41 -350 41 -358 40 -358 48 -336 38 -377 25 -400 38 -397 25 -411 25 -389 34 -432 46 -421 36 -415 184 -361 153 -368 152 -377 151 -401 151 -488 149 -494 88 -501 88
3 80 -5 80 -14 80 -24 80 -29 217 -37 211 -47 180 -1 140 29 145 25 143 14 144 8 144 0 145 -11 142 -53 144 -10 142 -14 140 -11 143 -18 160 -27 161 -35 161 -57 194 -65 193 -60 174 -56 177 -91 194 -79 144 -212 82 -211 40 -219 33 -240 237 -151 176 -158 176 -128 153 -165 140 -155 161 -191 201 -168 160 -191 142 -187 161 -190 144 -219 160 -277 144 -285 144 -292 144 -359 80 -365 80 -335 29 -335 36 -350 30 -398 38 -408 32 -404 23 -423 32 -431 38 -439 241 -422 139 -360 142 -368 141 -395 143 -447 142 -487 79 -494 80 -492 26
43 15 5 2 0 0 -24 12 -29 72 -37 72 -48 168 -56 167 -34 135 -42 135 -11 131 4 138 -1 136 -10 136 -17 137 -24 137 -32 139 -24 133 -30 132 -36 133 -29 152 -43 153 -51 153 -57 152 -65 152 -72 152 -77 152 -81 144 -127 151 -137 152 -127 153 -123 152 -133 152 -139 152 -140 152 -252 129 -174 132 -166 152 -179 152 -182 152 -193 152 -204 153 -209 152 -227 132 -293 135 -349 79 -368 74 -373 73 -381 72 -351 22 -351 27 -393 32 -399 23 -420 72 -388 23 -437 73 -437 133 -426 135 -433 133 -451 134 -477 -1 -476 18 -484 18 -492 15
0 0 0 0 0 0 -15 14 -28 64 -40 64 -47 64 -54 64 -63 193 -54 126 -77 195 -81 186 -66 126 -37 124 -45 124 -99 128 -128 5 -127 -8 -144 184 -152 -2 -145 -5 -168 213 -176 177 -85 134 -187 -10 -193 -7 -199 -9 -212 -5 -211 -7 -212 184 -143 133 -212 127 -247 64 -232 126 -264 -9 -276 63 -288 193 -184 126 -191 125 -192 126 -204 126 -208 126 -220 126 -228 125 -241 126 -281 129 -364 67 -373 64 -382 64 -391 223 -342 127 -344 128 -352 127 -422 64 -428 64 -440 192 -448 177 -454 64 -464 3 -450 -1 -468 11 -477 12 -485 13 -497 14
15 -10 12 -11 -13 7 -13 9 -32 8 0 0 -48 8 -47 -15 -56 -19 -72 -12 -80 5 -24 7 -93 55 -103 -16 -112 191 -104 3 -84 6 -122 -8 -134 -13 -146 -13 -144 -9 -168 -14 -127 8 -181 7 -191 7 -189 -7 -200 -12 -209 -12 -214 -12 -216 -8 -228 -12 -234 -12 -252 1 -245 -12 -268 5 -265 0 -284 56 -292 56 -303 185 -312 150 -314 176 -214 116 -241 120 -344 204 -352 185 -337 120 -366 56 -366 8 -381 56 -321 120 -271 121 -287 140 -282 167 -364 120 -430 56 -439 9 -448 10 -456 9 -464 10 -471 16 -476 58 -472 72 -480 72 -357 192
1 0 0 0 0 0 17 -1 -31 6 -38 5 -48 5 -56 5 -41 -19 -72 -13 -40 2 -88 5 -93 48 -97 2 -111 -17 -114 -18 -108 -18 -128 -16 -133 -11 -144 -14 -144 -11 -162 -2 -163 -1 -182 5 -191 5 -200 0 -208 -2 -209 -16 -207 -12 -227 0 -228 -12 -240 -14 -256 -2 -257 0 -268 49 -275 50 -272 65 -149 184 79 112 71 112 -50 177 -76 164 -96 162 -75 179 -112 161 -117 176 -123 175 -130 173 -138 173 -146 171 -154 172 -161 173 -171 171 -176 171 -208 158 -201 161 -208 159 -183 186 -225 159 -296 47 -289 47 -233 178 -233 174 -60 180
52 -3 42 -3 37 -4 25 -5 -28 40 -36 41 -43 42 -40 57 -48 57 23 73 19 169 295 104 287 104 279 104 158 168 150 169 142 169 134 169 126 170 118 169 110 169 102 169 94 170 86 169 192 104 -184 56 -204 41 -200 56 -208 57 -227 42 -225 57 134 103 14 169 -9 167 -16 170 -35 164 -81 8 -102 40 -110 40 -87 40 -74 161 -88 156 -80 160 -103 156 -111 158 -115 162 -124 164 -168 8 -232 6 -241 9 -267 16 -272 25 -281 25 -288 25 -296 25 -304 25 -310 28 -256 12 -272 40 -180 38 -275 40 -240 165 -241 165 -81 175
241 159 238 155 228 149 216 143 227 162 216 159 207 158 202 159 192 157 182 158 175 159 173 160 166 161 134 151 129 150 125 155 79 -1 56 -1 0 0 0 1 0 0 6 0 0 -1 0 0 0 0 -1 0 0 0 -4 32 37 159 31 161 16 162 8 162 -13 158 -9 32 -17 34 -21 168 -43 156 -51 155 -95 32 -98 0 -115 -1 -121 1 -131 0 -168 -3 -191 0 -184 8 -224 7 -233 15 -240 15 -252 16 -265 16 -273 17 -280 17 -288 17 -296 17 -305 19 -313 16 -320 16 -328 16 -338 16 -270 0 -234 162 -257 159 -231 169
192 -10 168 -10 160 -7 136 -8 110 -6 106 -8 73 -1 190 146 177 153 182 25 177 148 169 24 345 280 153 147 132 149 88 -8 11 -8 6 -8 0 -4 0 0 -16 -6 -24 -7 -16 -4 -14 -6 -16 -8 -8 -7 -16 -7 -22 -8 -14 -8 13 148 0 25 10 160 10 155 -19 141 -26 147 -74 -8 -85 -7 -105 -9 -119 -8 -121 -7 -160 -9 -164 -8 -176 -8 -176 -9 -206 -6 -200 8 -204 8 -190 -8 -218 8 -259 10 -264 9 -272 9 -280 9 -288 10 -302 4 -304 4 -312 9 -320 10 -329 11 -307 8 -345 10 -350 10 -358 12 -352 8
249 16 211 17 204 16 197 16 209 15 181 16 147 16 137 15 144 -17 204 153 303 79 295 79 142 128 141 141 60 0 76 -17 16 -16 0 0 0 0 1 0 0 0 -8 -15 -16 -15 -6 -16 -16 -16 0 -2 -24 -16 -20 -16 -20 -15 -28 -16 8 137 -3 139 -64 -17 -72 -16 -80 -15 -79 -16 -92 -16 -108 -16 -118 -16 -126 -16 -134 -16 -139 -17 -147 -8 -178 0 -166 -17 -156 -16 -169 -16 -131 141 -232 -16 -252 -3 -248 8 -236 9 -280 2 -258 0 -247 -16 -195 15 -9 271 -75 15 -252 16 -224 136 -218 136 -128 160 -131 255 -311 271
383 326 377 264 361 194 372 121 379 133 376 76 208 8 192 8 159 9 157 8 112 6 117 4 69 -8 61 -8 53 1 44 -8 80 -8 29 -8 64 -8 15 -8 -16 -13 -18 -8 -32 -17 -40 -23 -39 -21 -40 -23 -32 -25 -32 -21 -40 -25 -40 -24 -42 -23 -49 -23 -64 -25 -72 -24 -76 8 -83 5 -63 7 -48 136 -56 132 -69 128 -76 130 -121 8 -82 9 -121 10 -112 8 -164 8 -173 8 -180 7 -192 7 -199 8 -144 7 -161 7 -164 9 -297 8 -174 200 -239 381 -173 328 -217 122 -276 5 -216 144 -288 8 -284 4 -110 157 -442 266
0 0 0 0 -13 113 97 120 335 239 217 17 210 0 360 65 368 144 392 126 304 145 166 2 298 256 85 335 137 1 129 -1 0 0 129 119 294 128 100 0 96 -1 93 -2 0 0 43 1 0 0 0 0 36 120 22 1 0 0 -40 0 0 0 0 0 0 0 -9 127 -16 136 -25 125 -44 120 -40 -1 -56 128 -41 0 -191 -1 -80 119 -80 130 -87 122 -146 2 -111 125 -127 127 -131 1 -120 130 -255 -33 -265 3 -44 255 -39 121 -159 129 -243 257 -282 258 -53 113 -235 0 -218 0 -18 160 -267 -32 -241 0 -45 159 -250 0
55 56 47 56 50 58 70 54 65 54 55 56 147 119 39 87 -28 54 -72 120 111 360 103 88 13 65 29 83 80 328 8 116 128 106 128 133 120 119 203 153 79 105 104 131 210 139 4 326 -2 312 -12 328 -16 312 40 119 17 119 24 121 160 119 134 120 0 104 -57 -7 -28 111 -33 115 -153 -6 80 188 125 127 104 160 78 120 -87 116 -90 -9 86 246 -95 -6 -104 -9 63 272 -119 104 -121 -40 -173 -7 -207 -8 -71 121 -43 231 -237 249 -238 312 -218 343 -384 280 -94 229 -52 308 -148 247 -92 256 -185 135 -143 165 -168 248
119 51 63 49 105 51 97 51 89 48 77 51 56 68 43 113 -64 -94 24 16 -80 -55 -83 -14 -88 -14 24 96 16 96 9 96 129 96 -9 -18 58 236 240 106 44 -48 56 -32 248 63 -54 112 -62 111 -69 117 47 305 249 128 22 -16 16 -16 129 97 8 113 0 109 -71 -16 -79 -15 -39 -17 -34 -15 120 239 65 75 -248 272 55 242 -70 2 -89 -16 -13 96 -24 92 103 111 20 236 23 112 15 113 -70 145 -125 303 -87 303 -414 247 -421 248 -431 232 -56 248 -60 236 -199 114 -64 256 -343 112 -228 299 -237 300 -368 80 -379 67
375 234 119 108 433 103 333 138 289 137 321 105 336 124 218 296 -29 71 175 -24 311 161 130 -8 222 120 161 152 -111 221 136 103 128 102 280 104 225 104 223 104 94 101 87 104 87 97 198 120 187 228 134 120 166 104 101 138 184 15 121 137 -240 240 144 97 0 101 -139 -24 64 88 117 132 75 140 86 41 106 136 45 231 41 232 40 232 17 137 95 37 -87 105 -119 88 64 38 -122 104 -120 105 -135 105 -144 102 -151 105 -161 103 -153 106 -68 104 -75 104 -92 136 -210 101 -140 96 -136 104 -1 297 -488 238 -145 231 -247 283
320 96 200 224 95 64 415 95 354 127 415 101 319 63 264 88 36 97 27 97 67 104 -72 -15 -80 -16 281 228 271 231 252 88 313 96 324 104 298 94 287 95 275 105 277 95 90 2 250 96 266 52 183 95 128 97 102 96 106 80 71 99 63 95 134 124 192 96 -8 95 -16 92 -28 103 -25 93 -41 94 -40 97 71 32 63 32 72 31 77 32 74 94 64 90 96 101 16 128 8 128 3 128 -3 128 5 104 -8 104 -15 104 -102 79 -6 240 -32 240 -51 241 -115 172 -376 224 -244 271 -228 290 -353 60 -361 60 -378 48
3 -40 -5 -40 -14 -40 -24 81 360 209 153 280 -14 232 267 104 208 96 187 90 192 -41 169 88 162 90 300 214 71 219 291 224 296 232 280 228 280 232 174 74 205 94 233 96 213 118 262 92 241 96 197 96 178 80 102 88 102 72 96 80 127 96 136 100 128 116 142 80 185 91 173 87 120 24 -40 86 -48 86 -56 86 -64 86 -72 87 -81 86 109 81 63 89 48 80 50 84 10 116 2 116 -7 121 -15 121 -22 120 -34 97 -99 79 -98 89 -38 222 -75 217 -83 216 -455 208 -233 247 -214 297 -367 72 -369 48 -382 40
5 39 0 0 -16 -46 40 15 24 16 18 16 8 16 119 81 72 -63 63 -64 56 -63 48 -63 41 -63 25 32 112 272 184 95 208 82 257 205 170 80 164 80 169 64 213 113 238 78 201 108 208 88 130 64 216 225 196 215 200 225 85 127 89 66 81 66 142 88 104 111 110 102 177 83 165 79 -41 78 -48 78 -57 78 -64 79 -73 78 112 74 110 76 70 78 48 74 40 73 8 110 24 74 16 73 51 30 -24 110 -21 84 -40 82 -43 81 -118 80 -127 79 -66 211 -109 197 -198 206 -256 256 -359 76 -369 47 -375 32
0 0 23 8 -16 12 30 12 43 6 -9 9 -33 6 -49 56 37 1 23 1 0 0 -58 7 0 0 -9 9 0 0 76 72 121 -55 120 68 96 61 111 74 95 71 88 71 80 69 70 72 226 112 137 74 147 192 52 183 -160 184 152 194 63 89 136 204 111 79 123 79 136 68 141 73 -32 70 -40 71 -48 71 -56 71 -64 71 -73 71 -80 71 -89 70 -97 70 44 8 48 8 45 71 33 73 26 70 18 70 10 70 0 67 23 17 -44 76 -56 73 -116 55 -52 204 -87 201 -472 220 -224 250 -359 68 -369 39 -377 38
0 0 57 -1 0 0 -24 32 0 0 -37 -64 -48 32 0 0 0 0 26 -2 0 0 -23 -1 0 0 0 0 0 0 0 0 0 0 -40 -1 284 192 285 64 257 191 249 191 263 1 266 70 206 64 236 216 165 193 190 216 149 193 142 193 -50 289 140 65 120 64 118 92 146 60 141 62 110 1 -40 62 -48 62 -57 62 -64 62 -72 63 -80 62 -88 62 -97 62 -105 63 32 1 16 1 16 0 28 65 24 64 13 62 4 62 -6 62 -23 54 -55 96 -56 68 -130 53 -60 200 -47 264 -300 236 -223 273 -366 60 -377 26
21 -10 -5 -73 -13 -72 -24 -70 -30 -72 -40 26 11 -8 43 -13 33 -10 39 -12 41 -12 -54 -9 -86 -72 -76 -14 0 0 0 0 0 0 -16 -12 -78 -6 35 56 -96 183 32 168 265 199 250 208 224 264 -12 185 50 233 -87 61 -33 280 152 183 137 186 -56 250 54 35 101 71 96 87 177 59 -32 54 -40 54 -48 55 -56 55 -64 55 -72 55 -81 55 -89 55 -96 55 -104 55 -112 54 30 -6 14 -8 -1 -8 -144 54 -19 -8 -14 -7 -34 -12 -12 54 -30 46 -64 88 -72 58 -79 117 -384 184 -240 250 -358 60 -366 58 -378 18
1 -80 -5 -80 -15 -78 -24 -17 -31 49 17 -18 46 -14 46 -16 47 -18 119 51 37 -16 8 -17 8 -17 -8 -19 0 0 23 0 0 0 -15 -16 -27 -16 -57 -16 -51 -8 -43 -13 187 48 -49 11 36 176 -69 48 -83 0 -84 -4 -94 -4 -103 44 -2 32 -36 178 -3 240 -176 176 112 171 110 40 160 50 -41 46 -48 45 -56 46 -59 46 -67 47 -81 56 -89 46 -96 46 -104 47 -112 47 -120 46 -128 46 -136 47 -145 46 -153 46 -161 46 -169 46 -40 -19 -19 46 -38 37 -70 80 -159 48 -343 0 -478 -80 -488 84 -230 256 -375 43
0 -86 -8 -86 -16 -24 -24 -23 -32 8 57 -29 142 42 67 -7 60 -24 44 -8 39 -25 25 -28 20 32 22 -18 17 -21 -44 24 1 25 -7 32 -14 24 -21 -13 -48 -9 27 40 -79 7 232 175 194 58 -9 281 -78 -8 -69 -4 -111 -28 -104 42 -47 279 -248 32 -128 41 -8 248 -84 246 105 176 104 33 158 45 144 40 -56 38 -64 37 -72 38 -82 38 60 -23 -96 39 -104 39 -112 38 -121 38 -128 38 -136 38 -144 38 -152 38 -160 39 -168 38 -177 38 -54 -25 -40 -24 -40 37 -80 42 -344 -8 -477 -88 -488 84 -256 208 -253 230
0 0 49 -37 44 -36 -24 -32 0 0 56 -32 64 -33 79 -17 65 -12 57 -13 49 -32 26 -32 29 -25 24 1 18 -24 -17 28 0 0 0 0 -44 0 -55 -27 -64 -28 -103 -25 -95 32 -57 15 -81 0 121 65 154 32 -6 160 -108 -9 -104 16 -178 165 -124 -28 -159 -1 -9 224 -45 161 91 161 96 24 102 32 78 55 142 36 87 -32 -73 30 98 31 39 56 96 34 -104 30 -113 30 31 -32 -128 30 -136 30 -144 31 -152 31 -160 31 -170 30 -176 31 -185 30 -192 31 -24 34 -79 37 -328 -5 -478 -96 -488 68 -392 -24 -375 36
0 -3 57 -41 -14 -9 -24 -44 32 -41 53 -38 75 -36 72 -24 64 -24 59 -24 49 -24 37 -24 23 -35 25 -27 13 -40 8 -12 0 0 -7 -24 -38 -44 -151 -40 -159 -103 -167 -12 -114 -41 -154 -40 -64 -32 56 7 56 32 78 -108 138 24 8 184 145 155 124 25 17 33 -164 24 -20 216 24 136 124 161 28 4 10 4 88 32 64 52 42 56 32 54 -21 11 38 7 80 -39 84 -28 4 56 66 28 -137 22 -144 22 -152 22 -160 22 -169 22 -176 22 -184 22 -192 22 -66 -40 -81 53 -343 -24 -417 -41 -484 -102 -492 -104 -451 -148
0 0 -8 -2 10 -16 41 -49 65 -53 58 -50 79 -32 81 -32 61 -32 53 -31 47 -20 35 -31 33 14 23 -23 -64 -4 6 -24 0 0 -12 -43 -30 -51 -59 -47 -97 -49 -138 -50 -147 -51 -164 -49 -185 -110 25 17 31 -111 40 8 39 17 151 -49 17 15 138 -49 0 0 -127 -96 -57 207 -4 208 56 144 112 151 131 159 110 159 0 0 0 0 0 0 44 150 54 150 2 24 0 0 -52 16 -65 1 -71 -5 34 23 46 20 32 14 -169 14 -177 14 -184 14 -192 14 -201 14 -94 -2 -347 -1 -355 -43 -487 -113 -494 -112 -471 -170
1 10 -8 -48 16 -23 69 -55 62 -58 60 -58 82 -50 74 -52 5 -7 46 -23 46 -24 37 -38 24 -24 0 0 13 -38 4 8 0 0 -8 -41 -25 -60 -99 -59 -152 -64 -168 -49 -112 -56 -120 -57 -129 -57 -141 -57 -178 -57 265 104 31 5 24 4 0 0 0 0 -16 9 0 0 -143 154 81 124 116 140 92 141 104 142 27 72 59 17 0 0 -1 -12 -344 200 65 200 48 144 24 144 34 140 -57 -12 3 7 38 -56 -7 45 32 10 -169 6 -176 6 -185 6 0 0 -5 9 -41 25 -218 61 -254 186 -353 -8 -436 -56 -500 -118
1 7 -8 -32 39 -64 78 -68 79 -68 57 -66 67 -67 71 -45 63 -1 61 -30 39 -25 41 -47 31 -45 26 -16 18 -48 5 -48 0 0 -8 -48 -112 -72 -152 -32 -96 -65 -105 -65 -82 -67 -85 -70 0 0 -106 -62 -146 -65 -184 -36 -95 6 24 0 0 0 -22 -128 0 0 0 0 85 33 -279 135 118 132 55 64 0 0 0 0 0 0 0 0 0 0 32 128 32 132 97 160 -43 1 0 0 0 0 0 0 0 0 45 4 0 0 -16 -66 0 0 0 0 0 0 -35 -2 -208 -1 -86 -64 -116 1 -228 65 -299 219 -376 -16
3 -136 -5 1 96 -57 246 -7 241 2 199 -23 196 -18 189 -12 181 -12 192 -9 53 -39 41 -56 32 -72 3 -38 5 -75 4 -72 6 -39 -7 -56 -49 -58 -30 -68 -61 -56 -52 -76 -58 -72 -89 -73 -95 -76 -98 -75 -148 -73 -152 -73 -157 -73 -6 -5 153 24 103 -44 0 0 -8 -16 -9 -9 -280 186 0 124 81 111 96 0 24 -26 76 -6 56 -8 -26 -17 47 116 86 136 -30 -16 0 0 23 0 0 0 0 0 0 0 -21 24 -35 16 27 -58 4 -71 -72 22 -50 -9 -88 23 -208 -9 -232 -19 -221 -6 -102 -72 -115 9 -131 121
0 -144 -8 -48 111 -13 218 -146 189 -146 181 -145 173 -143 166 -144 157 -142 174 -17 57 -43 47 -64 12 -86 24 -80 4 -84 13 -64 3 -66 -16 -64 -19 -18 -44 -48 -37 -40 -42 -34 -53 -61 -55 -64 -69 -76 -77 -75 -105 -83 -151 -81 -194 -82 -162 -82 -224 -24 -152 -48 107 14 -9 -143 -50 -142 -25 -17 -23 -17 82 -17 73 -17 21 -21 0 0 73 -14 48 -16 55 -16 20 108 -9 48 -38 -30 1 -16 0 0 9 -9 0 0 -8 -17 -16 -15 -42 -16 -48 -8 -72 -10 -119 -30 -53 -7 -23 -14 -230 -24 -271 -144 -277 -144 -248 -23 -237 -13
4 -152 -4 -152 80 -19 232 -23 224 -22 218 -22 208 -22 202 -22 192 -22 172 -27 56 -50 30 -89 0 -86 24 -72 -17 -86 -8 -92 -12 -88 -24 -88 -21 -70 -23 -72 -62 -56 -40 -56 -94 -24 -55 -29 -64 -70 -75 -87 -80 -87 -93 -63 -124 -71 -162 -88 -159 -87 -187 -88 -157 -55 106 103 190 -3 -24 -27 -32 -25 -33 -28 82 -88 71 -8 65 111 95 121 -1 -40 39 -24 -14 -44 40 -25 -37 -21 16 -24 0 0 -10 -24 -16 -8 -6 -23 -19 -16 -56 8 -49 10 -56 9 -66 -9 -142 -36 -58 -90 -229 -31 -270 -152 -296 -152 -301 -152 -309 -152
1 -160 -5 -160 80 -27 221 -35 104 -175 96 -175 88 -175 80 -175 72 -175 65 -175 49 -80 8 -96 2 -100 4 -97 -16 -96 -23 -100 -23 -101 55 -29 -19 -80 -24 -96 -34 -28 -52 -43 -48 -79 -57 -64 -64 -80 -64 -84 -82 -89 -87 -83 -88 -80 -137 -95 -146 -96 -180 -98 -179 -97 -43 -33 21 -35 148 96 139 96 -40 -33 99 -92 120 -90 53 97 -288 128 -81 160 72 97 -33 -41 8 -32 28 -32 -3 -24 0 0 -24 0 13 -32 -23 0 0 0 -25 -23 -33 -33 -110 -44 -109 41 -128 -45 0 0 -230 -38 -296 -184 -324 -176 -241 -160 -250 -159
3 -168 -4 -167 203 -41 176 -172 190 -152 182 -152 199 -168 191 -168 131 -235 177 -167 17 -98 7 -103 -28 -107 -10 -106 -17 -103 -23 -104 17 -88 -20 -104 -19 -96 -22 -88 -37 -67 -37 -86 -59 -107 -79 -69 -56 -88 -83 -108 -98 -108 -95 -108 -99 -104 -113 -108 -145 -104 -248 -105 -241 -105 -233 -72 -178 -102 -180 -40 -12 87 -168 -35 -48 -40 -56 -40 130 -35 -7 -54 -62 152 -280 120 69 -17 58 0 63 -15 21 -33 -1 -56 -67 -57 0 -32 30 -31 8 -8 -99 -56 -241 200 -280 87 -66 -105 -99 -7 -225 -56 -214 -41 -159 87 -368 -107 -433 -105 -500 -166
0 0 51 -113 16 -116 -24 -62 -24 -244 -32 -245 -34 -242 -42 -240 -56 -244 -59 -243 -80 -13 9 -115 -28 -115 -7 -112 -12 -113 -16 -117 -26 -114 -23 -97 -45 -48 -23 -65 -31 -64 106 144 -54 -65 40 108 29 153 25 107 7 117 8 108 -10 143 24 112 -16 107 -31 143 -39 81 56 81 -272 88 131 113 86 81 82 78 83 76 77 75 88 87 76 88 56 78 44 79 35 75 25 15 23 11 -376 -40 -384 -36 -392 -235 -389 -248 -370 -224 -415 -17 -328 -47 -304 -57 -73 65 -208 -59 -246 -176 -208 -49 -232 -56 -287 -175 -296 -175 -235 -208 -249 -176
129 -53 264 137 240 79 -24 -68 -26 -231 -40 -8 -48 -182 7 -119 -64 -58 -68 -232 -65 -247 -9 73 -96 79 -39 106 -44 104 -18 100 -128 80 -136 78 -144 78 -149 80 -156 79 -168 82 -176 80 -184 80 -192 82 -200 80 -208 81 -216 72 -224 81 -232 81 -208 103 166 128 118 72 115 80 82 56 136 135 62 35 115 105 70 72 60 72 53 72 48 75 -335 -253 -335 -253 -344 -252 -352 -252 -360 -252 -368 -252 -376 -253 -378 -248 -393 -250 -392 -233 -288 -54 -48 -57 -157 137 -159 -86 -205 -63 -256 -216 -246 -213 -216 -57 -44 -55 -363 -73 -400 -106 -445 -121
368 72 402 97 287 -49 213 -79 -32 -177 -40 -21 -48 -57 112 -31 -64 -193 -56 -55 54 -206 249 -66 281 77 272 77 260 64 250 64 247 65 237 65 229 65 222 64 212 64 206 64 176 26 167 61 168 67 214 124 141 60 135 25 136 62 128 62 158 96 188 127 94 52 108 65 130 69 112 66 115 71 94 61 88 70 79 62 -156 127 -321 -264 -336 -56 -343 -54 -352 -52 -344 -253 -352 -176 -229 -56 -361 89 -31 -64 -125 -161 -152 -61 -227 -222 -171 -66 -30 -131 -25 -131 -204 -70 -265 -224 -302 -206 -233 -72 -236 -72 -295 -191 -303 -191 -249 -192
256 -73 248 -73 224 -73 117 -210 258 54 -25 -270 -33 -269 -42 -268 -56 -270 -72 -35 373 -216 39 -173 296 54 288 58 280 58 269 65 248 55 248 54 232 52 214 56 191 40 -134 92 -150 40 -161 40 -192 57 -200 57 -104 42 -200 79 -202 72 -230 64 139 64 146 66 134 65 122 56 130 65 128 69 119 64 108 65 104 64 72 -6 -313 -269 -320 -269 -322 -263 -328 -261 -341 -247 25 -136 92 -62 58 -74 54 -73 -204 56 -208 120 -218 120 -242 -138 -172 -68 -176 -74 -184 -71 -204 -77 -265 -231 -254 -229 -213 -70 -217 -80 -390 24 -370 -134 -408 -168
256 -72 236 -86 184 -240 114 -223 -16 -191 107 -72 271 -47 166 -145 207 -80 198 -79 158 -95 48 -207 241 -79 284 44 260 44 235 41 230 50 -136 63 -48 56 35 48 32 112 88 112 79 95 106 142 80 80 -51 64 -143 81 -216 50 -224 61 -232 63 -240 63 103 48 -238 70 88 46 112 62 84 48 95 49 96 56 68 49 -8 -64 -316 -207 -327 -207 -333 -208 -302 -258 -352 -45 -357 -95 -368 -71 -367 -209 -381 -209 -390 -208 -397 -208 -373 -113 -43 -80 -168 -82 -196 -78 -153 -207 -254 -208 -317 -233 -315 -241 -221 -82 -233 -80 -259 -207 -238 -208 -184 -63
238 -99 200 -216 184 -248 112 -231 104 -231 96 -231 88 -231 80 -231 72 -231 63 -230 58 -227 168 -215 291 35 284 40 245 40 89 23 30 106 56 40 131 104 120 38 -49 90 100 38 140 40 -56 88 -96 40 -38 53 -145 41 -72 87 -96 40 -232 40 -237 41 -180 54 -256 56 86 32 81 29 68 32 71 40 104 70 -304 28 -56 -101 46 -88 -205 -105 -277 -152 -340 -214 -348 -215 -356 -214 -352 -199 -57 -55 -113 -88 -153 -105 -153 -93 -272 -232 -276 -226 -6 -86 -96 -88 -133 -104 -191 -103 -257 -249 -328 -231 -342 -217 -225 -80 -89 -79 -336 104 -364 -124
333 -107 389 -96 439 -89 224 -224 215 -224 224 -190 131 -161 382 -96 374 -96 294 -81 340 32 296 94 -32 64 215 96 -80 32 -120 40 -128 40 -136 49 -128 48 -24 32 -32 80 25 31 16 16 84 36 78 32 72 32 -143 27 -94 94 -128 48 -168 24 -136 48 -150 48 -240 56 -264 47 126 64 -187 32 -193 32 -248 26 -303 20 -68 -100 -57 -87 -68 -98 -94 -106 -98 -101 -148 -256 -168 -257 -192 -256 -216 -256 -219 -230 -225 -230 -264 -239 -270 -238 -279 -221 -324 -95 -245 -96 -423 -223 -256 30 -211 -99 -320 -239 -194 -224 -114 -80 -380 16 -396 -110 -407 -127
382 19 381 33 362 20 361 21 353 19 356 41 304 10 -20 120 -54 23 -72 32 342 84 -68 61 -80 7 -104 39 -48 55 -119 23 -113 8 -136 40 -48 48 -89 38 -94 16 8 -8 92 24 -31 24 -72 87 70 8 -16 32 -28 30 -52 -8 -48 8 -177 25 53 26 -67 25 -247 30 -32 24 -88 28 -128 40 -296 32 56 -104 -57 -96 -64 -96 -80 -104 -88 -104 -100 -108 -217 -248 -119 -232 -114 -232 -131 -109 -249 -248 -257 -246 -252 -240 -258 -240 -287 -233 -168 -105 -23 -68 -66 26 -95 -121 -211 -109 -328 -247 -223 -111 -215 -103 -218 -103 -112 -168 -185 -70
416 76 440 111 -16 31 -24 30 -32 30 -40 31 -48 30 -56 30 -64 31 -72 30 -80 31 -88 27 -91 17 -104 28 -49 57 -53 47 0 80 26 32 128 0 41 17 29 16 16 32 -48 16 4 16 64 8 88 32 64 32 8 16 32 8 -40 16 18 28 20 16 32 32 -8 27 -16 16 -82 17 -160 34 135 -208 -47 -115 -55 -272 -126 -239 -165 -256 -135 -244 -123 -240 -97 -240 -105 -239 -31 -127 62 -112 54 -112 -136 -114 -156 -121 -201 -272 -287 -241 -168 -114 1 -87 -88 -18 -81 16 -212 -118 -329 -255 -343 -241 -226 -116 -230 -239 -176 -96 -295 -1
0 0 -8 25 48 6 -24 26 -24 6 -17 -7 -48 21 -32 -9 -48 7 -52 -8 -78 8 -86 8 -95 6 -104 8 -112 8 -56 24 -47 40 56 9 56 -23 167 9 -128 8 24 20 80 35 72 23 31 11 58 40 -49 81 34 40 40 44 28 40 12 39 -88 73 -64 42 -8 56 -14 40 -16 6 -234 8 -296 -6 79 4 101 23 104 26 12 -48 66 4 36 0 34 2 25 2 20 3 12 3 22 18 24 21 47 -249 -157 -248 -290 -248 -166 -118 -49 -200 -52 11 -87 -121 -212 -124 -327 -263 -216 -249 -30 -89 -300 87 -396 -155 -400 -176
0 0 -8 17 5 -14 75 -1 128 0 23 -7 16 16 142 -31 0 -1 0 0 0 0 -8 28 -1 0 -48 -8 -48 -8 -26 -8 0 0 -40 25 -47 8 120 4 110 0 92 -4 112 -17 -64 56 0 0 56 32 44 32 38 32 28 32 25 32 20 32 6 32 0 8 24 24 -80 -16 -120 -2 -192 78 -168 62 -216 0 -123 0 -258 0 -308 -16 -148 0 -280 -4 -224 32 -344 -18 -368 15 48 67 -32 0 -10 0 9 13 -82 -128 -87 -142 -56 -96 -40 -96 0 -192 -10 -128 -192 -222 -210 -255 -217 -255 -127 -95 -169 -95 -397 -127 -405 -127
0 0 4 43 81 -8 41 23 34 34 40 -8 80 -8 10 24 -64 -7 -25 7 -16 12 -24 32 -76 -24 -8 -8 -32 20 -111 -9 -64 -8 -40 40 -16 40 46 -6 -93 -16 88 -8 83 24 56 -8 80 -6 60 24 48 41 38 40 47 0 24 -13 24 -4 16 24 0 20 -5 -8 -16 7 -80 -8 -20 -8 -104 -24 -46 -12 -120 6 -130 26 -136 -8 -178 23 -72 -8 -288 -9 -296 -9 -352 -24 -376 -10 -32 -13 -8 -8 -9 -11 2 0 -98 -137 -98 -150 -64 -128 -72 -130 -50 -129 -73 -102 -57 -144 -88 -105 -30 -188 -99 -103 -111 -136 -136 -131
0 -1 412 43 0 9 -24 -10 0 0 -24 -32 32 -16 -56 -16 32 -16 -7 -16 -65 -17 -44 -24 -32 -16 -40 -24 -48 -19 -24 4 -80 -1 -40 4 47 -13 104 -16 112 -14 88 -16 114 32 74 16 64 16 55 15 44 16 34 12 32 16 31 15 0 24 6 30 0 80 -8 31 -19 15 -24 32 -37 13 -40 -1 -48 0 -56 31 -68 -8 -56 -19 -144 7 -164 0 -224 50 -295 -22 -297 17 -376 -14 -384 -1 -41 -23 -18 -16 -16 -16 -12 -10 -13 -7 -111 -145 -112 -157 -82 -136 -75 -135 -64 -136 -76 -136 -82 -136 -89 -136 -116 -135 -135 -136
420 39 433 59 -16 -9 -24 -6 -32 -24 60 9 -28 -38 8 6 -16 -13 -40 -24 -64 -20 -88 -24 0 0 -41 -31 -32 -24 -28 8 25 -23 57 -40 48 -24 116 -27 94 -12 88 -4 80 -8 72 -8 70 7 57 7 48 24 36 7 32 56 24 40 22 8 8 8 -32 38 -40 18 -16 22 -25 40 -40 8 -108 8 -80 40 -56 0 -57 -24 -72 8 -80 -24 -72 -20 -258 30 -249 27 -320 -24 -296 4 -384 -28 48 66 -40 -29 -36 -24 -24 -24 -24 -22 -21 -14 -30 -18 -122 -165 -130 -168 -91 -144 -103 -144 -157 -165 -161 -163 -128 -144 -178 -165
352 -68 385 -11 0 0 -24 -15 -32 -18 -40 -32 -48 -33 -56 -16 0 0 0 0 -20 -40 70 -16 -32 -28 -2 -2 -64 -16 150 -30 -24 -31 56 -32 48 -68 116 -28 96 -20 90 -18 80 -18 76 0 -2 0 68 -17 52 0 40 32 0 0 40 48 0 0 0 0 -4 0 -8 -4 -16 0 -29 -1 0 0 -40 16 -47 -16 -56 -5 -48 -16 -68 16 -80 0 -88 -32 -96 -32 -208 -32 -304 -36 -304 -24 -384 -36 -392 -36 -48 -64 -48 -32 -33 -32 -31 -31 -28 -24 -32 -23 -40 -28 -11 -6 -137 -173 -144 -173 -154 -173 -159 -173 -179 -161 -80 -20
352 -49 394 -12 16 -4 -24 -42 -28 -42 -40 -48 -48 -24 -56 -25 38 -16 115 -40 48 18 71 -41 -32 -8 -40 55 -16 28 164 -44 32 -31 120 -40 92 -32 117 -44 60 -38 101 -45 96 -28 40 -23 0 0 48 -6 49 -8 -1 0 0 0 28 -8 -16 -20 8 -10 0 -25 -10 -6 -8 -8 0 -8 -32 -24 -40 -44 -88 -38 -56 -25 -56 -37 -70 -8 -80 -24 -74 -40 -160 -56 -230 -24 -256 -23 -312 -40 -366 -56 -392 -41 -16 -18 -56 -72 -57 -40 -40 -41 -48 -41 -47 -41 -44 -31 -46 -30 -56 -35 -62 -32 -48 -18 -78 -34 -86 -33 -96 -33
355 -59 372 -42 -12 -50 -24 -37 -30 -48 -38 -48 -48 -33 -56 -32 -48 -63 26 -48 -15 -56 183 -47 -33 -55 -39 -47 160 -50 -56 -52 0 0 66 -82 49 -44 116 -64 96 -48 96 -48 46 16 88 10 64 -16 63 -19 50 -16 43 -17 27 31 15 -15 12 -16 -16 32 0 0 -8 -16 -16 -24 -32 -17 -28 -16 -40 -16 -52 -17 -48 -16 -64 -32 -74 -16 -48 -17 -90 -16 -82 -64 -202 14 -176 -45 -264 -50 -384 -42 -392 -50 -400 -63 28 40 -56 -50 -68 -56 -66 -48 -57 -48 -56 -48 -66 -50 -64 -45 -64 -41 -70 -41 -79 -39 -86 -39 -101 -42
394 -37 355 -56 -16 -43 -24 -41 -32 -45 -40 -60 16 -8 40 -8 0 -64 56 -9 191 -57 184 -44 96 -48 88 -70 56 -24 40 -48 145 -55 63 -56 127 -48 101 -26 32 -31 24 -23 11 -31 72 -38 -2 -24 58 -9 48 8 40 -7 0 -8 20 -21 -20 -42 13 -9 0 0 -12 -23 -16 -24 -20 -24 -96 -20 -116 -39 -45 -28 -60 -28 -128 -22 -140 -23 -84 -25 -73 -23 -114 -44 -90 -56 -96 -53 -312 -58 -256 -24 -374 -70 -384 -32 -408 -40 -416 -44 -72 -72 -75 -57 -72 -56 -74 -56 -64 -52 -72 -58 -80 -56 -76 -48 -84 -48 -108 -60 -111 -59
355 -71 394 -38 8 -9 -24 -65 32 -48 42 -64 144 -60 136 -80 206 -64 216 -80 178 -68 172 -32 176 -63 166 -64 194 7 152 -65 128 -64 20 -1 130 -48 105 -32 90 -32 88 -16 16 -32 68 -32 64 -36 56 -15 59 16 51 16 0 -1 26 -34 16 32 -2 -2 0 -1 -40 -2 -16 -32 -32 -31 -32 -32 -32 -32 -24 -28 -120 -32 -99 -65 -72 -40 -80 -17 -86 -32 -96 -51 -106 -32 -304 -72 -265 -11 -304 -32 -336 -63 -381 -79 -408 -67 -416 -68 -424 -44 -432 -48 8 32 -96 -66 -88 -63 -90 -68 -97 -68 -88 -62 -97 -65 -92 -58 -112 -67
355 -80 385 -60 -5 -23 -24 -63 -28 -74 23 -74 224 -73 216 -72 128 -68 196 -72 176 -72 152 -72 152 -40 138 -24 144 -79 74 -89 112 -23 116 -40 116 -40 120 -39 64 -8 90 -40 84 -40 66 -44 64 -40 55 -8 48 -9 50 9 28 -39 24 -22 18 -40 8 -44 -64 -40 -72 -48 -16 -46 -28 -40 -69 -71 -35 -40 -33 -40 -56 -64 -64 -58 -74 -42 -84 -42 -122 -10 -153 -43 -104 -72 -208 -52 -184 -73 -320 -72 -328 -71 -336 -79 -328 -64 -345 -40 -424 -54 -432 -56 -408 -39 -32 -16 -88 -72 -92 -75 -100 -72 -88 -70 -92 -68 -108 -74 -114 -73
376 -84 368 -79 432 17 -24 -63 -5 -96 88 -16 224 -80 115 -105 208 -81 150 -80 79 -80 168 -72 176 -80 160 -95 168 -103 72 -79 136 -80 126 -48 46 -48 109 -48 96 -52 48 -47 90 -3 65 -24 60 -16 63 -1 48 -16 45 -29 27 -47 24 -31 26 -2 8 -32 11 -1 -12 -16 -16 -31 -22 -48 -32 -64 -41 -64 -46 -50 -56 -48 -64 -52 -72 -52 -64 -64 -88 -32 -72 -46 -91 -75 -96 -72 -220 -52 -192 -112 -196 -96 -335 -81 -296 -32 -320 -68 -376 -68 -432 -74 -440 -64 -16 -12 -103 -85 -80 -80 -100 -80 -89 -79 -96 -80 -106 -82 -112 -80
374 -88 380 -85 336 -124 420 -4 -32 -79 -40 -81 48 -56 8 -71 0 -90 -8 -98 16 -56 72 -72 96 -68 152 -71 144 -74 134 -56 98 -4 120 -65 112 -40 105 -39 87 -58 84 -40 73 -29 67 -27 59 -27 52 -23 42 -26 40 -26 28 -24 -7 -40 -26 -57 3 -20 0 -40 -8 -26 -20 -57 -26 -40 -32 -44 -32 -48 -28 -80 -52 -58 -120 -56 -56 -71 -48 -67 -79 -55 -162 -55 -104 -58 -176 -66 -124 -56 -128 -56 -200 -78 -244 -88 -140 -88 -216 -88 -232 -104 -432 -86 -440 -73 -448 -68 -105 -91 -72 -73 -88 -82 -88 -87 -96 -87 -104 -89 -108 -84
410 -89 403 -88 361 -97 330 -129 -32 -79 -40 -79 23 -63 -28 -93 64 -48 90 -32 176 -96 184 -92 176 -116 190 -30 160 -88 138 -68 64 -72 116 -64 117 -64 108 -48 102 -18 81 -40 86 -16 83 -16 61 -32 51 -34 43 -34 8 -48 27 -35 32 -16 16 -18 16 -16 0 -68 -12 -32 -24 -64 -90 -66 -30 -64 -24 -80 -120 -72 -54 -80 -24 -72 -64 -64 -84 -64 -93 -49 -135 -47 -167 -72 -116 -64 -123 -64 -120 -92 -104 -74 -208 -88 -216 -112 -256 -95 -264 -79 -304 -78 -440 -100 -448 -84 -104 -104 -95 -97 -96 -96 -88 -92 -81 -87 -92 -88 -103 -91
432 -82 426 -82 374 -96 331 -115 -11 -69 -40 -104 -48 -102 15 -81 1 -103 88 -87 192 -104 109 -122 176 -104 152 -104 162 -104 134 -70 66 -80 116 -56 108 -72 105 -55 80 -1 96 -24 72 -44 67 -42 59 -42 51 -42 42 -42 33 -43 30 -42 30 -24 16 -43 16 -24 0 -42 -9 -42 -16 -40 -17 -76 -36 -72 -56 -49 -48 -56 -90 -88 -64 -75 -72 -78 -80 -76 -88 -40 -96 -72 -99 -73 -112 -56 -184 -75 -104 -56 -147 -107 -144 -73 -135 -105 -258 -96 -263 -89 -304 -48 -416 -120 -448 -113 -88 -105 -91 -105 -88 -104 -80 -100 -81 -95 -92 -96 -96 -96
337 -256 423 -89 378 -110 378 -80 348 -98 -40 -102 -48 -98 8 -100 0 -112 -8 -113 16 -12 7 -15 96 -128 56 -104 144 -80 132 -84 128 -95 120 -96 111 -48 76 -64 64 -18 98 -32 75 -49 67 -50 59 -50 52 -50 44 -50 35 -50 28 -50 20 -50 10 -50 4 -50 0 -49 -12 -49 -20 -48 -12 -32 -33 -48 -40 -64 -48 -52 -91 -65 -64 -63 -72 -32 -86 -49 -80 -32 -196 -16 -116 -76 -112 -50 -124 -82 -128 -110 -239 -112 -128 -110 -142 -116 -136 -110 -312 -96 -336 -80 -440 -112 -448 -116 -88 -112 -80 -105 -77 -107 -88 -114 -89 -109 -94 -108 -96 -104
388 -247 330 -262 386 -114 348 -120 361 -97 310 -128 361 -63 -54 -120 -64 -121 24 -89 32 -82 -16 -120 0 -55 168 -120 152 -120 149 -124 128 -121 120 -88 112 -72 112 -40 107 -40 83 -58 75 -58 67 -58 59 -58 51 -58 43 -58 35 -58 27 -58 19 -58 11 -58 3 -58 -5 -58 -13 -58 -20 -58 -14 -39 -41 -61 -32 -39 -32 -40 -60 -60 -104 -68 -79 -58 -85 -58 -97 -60 -96 -40 -108 -57 -104 -91 -121 -88 -128 -112 -207 -152 -48 -39 -376 -118 -272 -104 -377 -119 -336 -88 -440 -121 -448 -106 -64 -104 -94 -119 -80 -116 -88 -119 -92 -116 -86 -112 -64 -96
