0 0 0 0 -16 193 -22 180 32 191 24 191 16 194 12 191 31 192 24 194 29 188 8 196 23 188 19 192 13 209 -71 235 -66 256 -6 222 -15 252 -23 257 -31 257 -39 257 -47 257 -55 257 -62 257 -71 252 -79 252 -164 241 -173 240 -184 250 -112 254 -119 252 -127 253 -180 242 -191 256 -213 256 -216 224 -230 223 -240 260 -246 256 -260 256 -268 256 -209 211 -223 196 -222 194 -301 191 -270 192 -265 192 -258 209 -266 209 -336 256 -352 255 -308 192 -422 129 -432 273 -440 294 -448 294 -456 294 -464 294 -472 294 -480 294 -488 294 -496 294 -504 294
0 0 0 0 -16 178 40 183 33 183 24 183 16 187 41 179 31 184 26 184 16 186 10 182 18 180 22 183 15 201 -60 246 -63 249 -5 216 -15 245 -23 244 -31 249 -39 249 -47 249 -55 249 -62 244 -114 250 -142 242 -212 122 -219 122 -232 24 -161 254 -120 245 -127 245 -135 243 -142 243 -150 216 -158 216 -166 216 -174 216 -182 218 -191 216 -261 249 -269 249 -284 252 -285 249 -294 249 -311 248 -251 203 -256 201 -327 240 -328 249 -272 200 -322 185 -343 184 -367 183 -436 122 -442 122 -456 270 -462 271 -470 263 -478 263 -487 262 -495 262 -503 262
4 247 -8 -9 -16 175 -24 170 33 175 25 175 21 173 41 171 32 176 30 171 94 243 25 172 27 175 21 193 -49 233 -63 242 -66 243 -70 241 -15 236 -23 235 -31 237 -39 236 -47 236 -55 236 -63 239 -73 231 -143 239 -87 238 -95 235 -102 211 -112 235 -119 237 -127 237 -135 237 -142 208 -150 208 -159 208 -166 208 -174 207 -182 208 -190 208 -198 210 -269 241 -278 241 -285 241 -294 241 -301 244 -308 241 -327 242 -268 193 -273 177 -303 174 -312 192 -308 172 -318 172 -265 244 -346 172 -373 179 -400 175 -408 175 -471 176 -488 115 -496 1 -502 253
4 243 -4 237 -13 -21 -24 208 -2 169 -10 168 20 164 41 163 32 168 25 169 22 164 32 167 23 167 20 168 14 184 8 184 -72 234 -71 233 -18 196 -23 227 -31 227 -39 229 -47 228 -55 229 -63 229 -71 229 -79 228 -87 228 -95 229 -103 229 -111 227 -119 227 -127 227 -137 226 -142 201 -151 198 -158 202 -166 201 -174 202 -235 219 -254 233 -262 233 -269 233 -275 236 -229 177 -359 233 -319 237 -253 177 -261 176 -288 176 -265 183 -289 166 -412 30 -424 270 -432 267 -411 165 -352 169 -361 168 -362 164 -408 171 -417 167 -488 167 -496 -14 -503 249
4 234 -4 229 -16 -28 -24 193 -32 155 -39 151 17 159 36 162 31 160 24 160 95 227 87 227 24 158 12 159 27 175 8 176 -2 176 -89 211 -79 225 -20 189 -24 188 -41 220 -47 221 -55 221 -63 221 -71 221 -79 221 -87 221 -95 221 -97 189 -113 188 -112 188 -126 192 -134 192 -205 225 -214 225 -222 225 -225 223 -195 169 -248 217 -249 226 -327 224 -336 233 -344 245 -352 262 -360 262 -368 262 -376 262 -384 262 -392 261 -400 245 -408 262 -416 262 -424 262 -432 246 -440 262 -414 191 -360 161 -369 160 -374 156 -399 158 -487 195 -494 96 -503 239
2 223 -4 222 -13 218 -16 -28 -32 151 -40 139 16 151 13 151 32 152 24 152 -46 151 4 154 79 219 -69 150 -111 225 -7 150 -9 149 -11 168 -80 208 -86 217 -95 217 -42 180 -50 180 -58 180 -62 181 -64 184 -143 221 -145 215 -221 201 -232 225 -240 250 -182 217 -190 217 -194 216 -222 200 -216 222 -217 217 -166 153 -300 90 -304 95 -242 155 -328 90 -335 230 -344 255 -352 255 -360 238 -368 255 -376 255 -384 233 -392 254 -400 254 -408 254 -416 254 -424 254 -432 238 -440 256 -437 -37 -362 152 -369 151 -377 151 -401 151 -475 153 -495 88 -500 226
2 220 -6 218 -12 216 -24 176 -32 176 -35 193 -47 135 0 140 30 145 26 140 18 140 7 144 -1 145 -46 145 -61 -48 -22 142 -8 143 -20 142 -20 161 -26 160 -113 192 -94 208 -112 202 -120 202 -116 206 -126 208 -79 144 -212 81 -224 230 -232 230 -207 176 -201 195 -206 192 -129 160 -173 143 -233 192 -230 209 -169 160 -191 142 -185 161 -191 144 -218 160 -278 144 -285 145 -293 144 -359 3 -368 225 -376 224 -384 225 -392 225 -400 230 -408 246 -416 246 -424 246 -432 230 -440 202 -422 139 -362 144 -366 140 -393 143 -448 144 -487 79 -494 220 -504 246
0 217 -8 238 -16 238 -24 238 -32 239 -38 214 -48 178 -39 133 -34 135 -42 135 -11 131 6 136 1 132 -5 132 -17 136 -25 136 -32 136 -40 139 -29 132 -37 133 -32 144 -40 144 -49 152 -57 152 -65 152 -76 144 -84 144 -81 144 -127 151 -136 152 -126 152 -124 152 -133 152 -139 152 -141 152 -185 -24 -174 132 -158 152 -179 152 -182 152 -195 153 -198 152 -218 152 -228 132 -293 135 -350 -56 -361 -15 -375 216 -384 217 -392 217 -400 217 -408 239 -416 239 -422 214 -431 217 -440 240 -441 72 -427 135 -433 133 -434 133 -480 212 -488 238 -496 238 -504 238
0 209 -8 230 -16 230 -24 230 -32 204 -37 196 -48 -52 -56 192 -63 159 -53 126 -80 158 -61 126 -66 127 -24 128 -54 124 -100 129 -128 212 -136 229 -144 184 -152 -2 -160 230 -168 228 -148 125 -154 125 -191 203 -200 230 -208 229 -216 213 -224 229 -204 124 -143 133 -238 64 -256 194 -232 126 -272 230 -280 227 -288 184 -188 122 -191 125 -196 124 -201 125 -209 126 -220 126 -229 126 -240 126 -282 129 -366 -64 -375 209 -383 204 -375 143 -349 -64 -343 128 -380 -25 -424 -51 -432 209 -439 191 -448 177 -455 204 -464 230 -472 230 -480 230 -488 230 -496 230 -504 230
0 222 -8 222 -16 222 -24 223 -32 222 -40 205 -48 205 -56 222 -64 204 -71 196 -80 222 -88 220 -96 194 -104 203 -112 184 -120 222 -128 201 -136 222 -144 222 -152 222 -160 222 -168 222 -176 201 -184 222 -192 223 -200 222 -208 222 -216 222 -224 222 -232 222 -240 222 -248 222 -256 222 -264 222 -272 222 -280 222 -288 204 -296 204 -299 178 -311 150 -292 114 -208 117 -241 119 -344 220 -352 185 -359 185 -366 56 -376 223 -384 223 -321 119 -273 121 -314 184 -350 151 -340 120 -430 198 -440 222 -448 222 -456 222 -464 222 -472 228 -480 -41 -472 72 -480 72 -356 192
0 214 -8 214 -16 215 -24 192 -32 214 -40 214 -48 214 -56 214 -64 214 -72 214 -80 214 -88 214 -96 198 -104 193 -112 215 -120 214 -128 214 -136 214 -144 214 -152 214 -160 214 -168 214 -176 214 -184 193 -192 214 -200 214 -208 214 -216 214 -224 214 -232 214 -240 214 -248 214 -256 214 -264 215 -272 220 -276 50 -272 65 -149 184 49 240 72 112 -50 177 -59 178 -96 161 -75 178 -112 161 -117 176 -123 175 -130 173 -140 167 -147 171 -154 171 -160 172 -170 171 -177 169 -188 164 -200 160 -208 159 -182 186 -226 160 -296 47 -270 48 -233 175 -233 174 -62 180
0 190 -8 207 -16 190 -24 190 -32 182 -40 -57 -48 -55 -40 57 -48 57 23 73 67 176 263 232 258 232 263 232 271 104 150 169 142 169 134 169 125 170 118 169 110 169 102 169 93 170 86 169 162 232 -184 56 -208 -57 -216 -55 -130 72 -228 42 -224 57 101 232 128 104 0 170 -16 170 -36 163 -80 8 -102 40 -110 40 -87 40 -74 160 -70 170 -80 159 -88 160 -96 160 -119 156 -124 164 -170 8 -210 6 -247 7 -266 16 -273 25 -281 24 -289 24 -297 24 -305 24 -308 28 -262 9 -272 40 -182 39 -274 40 -246 166 -240 166 -62 104
244 156 237 155 228 149 216 143 238 163 216 159 208 158 200 159 192 158 182 159 176 159 169 160 160 162 152 152 129 149 124 151 117 155 56 -2 9 0 8 0 0 0 -8 0 0 2 0 0 0 0 -2 0 0 0 -5 32 36 159 26 160 16 162 8 162 -14 158 -9 32 -17 34 -21 168 -44 152 -52 151 -95 32 -68 151 -114 0 -122 1 -136 2 -168 -3 -190 0 -210 0 -224 7 -235 3 -242 8 -255 11 -267 16 -272 16 -281 16 -289 16 -295 16 -305 19 -312 16 -321 16 -329 16 -338 16 -270 0 -238 152 -244 152 -235 162
192 -10 168 -7 128 -8 136 -7 112 -6 109 -7 198 148 190 145 196 154 182 25 177 148 169 24 169 270 153 147 132 149 84 -8 11 -8 8 -5 6 4 0 0 -16 -7 -22 -7 -16 -7 -8 -9 0 1 -9 -7 -16 -9 -24 -9 -16 -8 13 147 -1 25 10 160 10 155 -19 141 -26 147 -74 -8 -87 -8 -106 -10 -120 -8 -120 -8 -160 -8 -164 -8 -160 -8 -170 -6 -207 -4 -200 7 -180 -8 -188 -7 -216 9 -260 10 -265 8 -273 8 -281 8 -288 9 -272 5 -304 4 -313 8 -320 9 -329 11 -304 8 -344 10 -352 10 -359 11 -342 8
249 16 213 17 204 16 197 16 209 15 181 16 146 16 139 15 141 -17 187 79 303 79 296 79 142 128 140 140 72 -1 77 -3 16 -16 0 0 -2 -6 0 0 0 0 -7 -15 0 -16 -8 -15 -16 -16 -1 0 -18 -16 -30 -16 -23 -16 -28 -16 8 137 -2 139 -64 -17 -72 -17 -80 -16 -78 -15 -88 -15 -108 -16 -112 -16 -125 -16 -128 -16 -138 -16 -153 -16 -176 0 -160 -16 -161 -17 -163 -16 -131 138 -208 -14 -233 -1 -240 0 -242 8 -281 2 -259 0 -242 -16 -195 15 -9 271 -197 152 -268 16 -228 140 -218 136 -129 160 -92 303 -261 270
244 257 360 264 359 176 294 128 382 135 406 104 208 8 192 8 171 10 171 128 165 134 93 5 90 -24 83 -24 53 1 65 -24 57 -24 48 -24 45 -24 15 -8 -18 -12 -18 -8 -24 -8 -42 -23 -48 -24 -30 -23 -32 -24 -16 -12 -22 -16 -32 -16 -38 -22 -46 -24 -64 -24 -64 -24 -79 6 -84 6 -58 8 -48 137 -57 128 -56 129 -76 128 -84 133 -82 9 -121 10 -113 9 -164 8 -173 8 -180 7 -191 7 -189 8 -145 7 -161 7 -164 9 -297 8 -269 264 -311 138 -319 137 -217 121 -218 134 -216 144 -288 8 -292 6 -110 157 -344 260
0 0 0 0 75 -64 74 96 357 246 217 17 209 0 346 64 368 144 391 149 305 145 166 2 260 240 137 254 137 1 129 -1 0 0 129 119 293 128 100 0 97 -1 93 -2 0 0 43 1 0 0 0 0 36 124 22 1 0 0 -40 0 0 0 0 0 0 0 -9 127 -11 128 -25 126 -44 120 -41 -1 -56 129 -20 34 -74 120 -80 119 -80 131 -87 122 -146 2 -113 119 -127 127 -131 1 -122 128 -147 124 -265 3 -28 264 -31 128 -159 129 -242 256 -120 256 -155 105 -235 0 -218 0 -19 159 -269 -33 -241 0 -44 159 -250 0
55 56 47 56 51 56 38 58 66 54 55 56 146 119 -4 116 -28 53 -72 120 173 183 103 88 13 65 32 88 150 239 8 116 128 106 119 128 162 24 203 153 79 105 104 131 210 139 57 247 51 247 41 247 35 246 21 105 17 118 25 121 159 120 134 119 32 75 -16 117 -29 111 -36 111 -153 -7 10 110 128 128 106 152 45 136 -88 121 -90 -9 102 150 -93 -7 -104 -9 -52 137 -119 104 -123 -40 -173 -7 -181 -8 -66 124 -154 238 -235 249 -170 248 -203 247 -256 249 -72 256 -104 241 -88 295 -64 289 -185 135 -181 112 -375 181
119 51 63 48 106 52 97 51 92 52 79 51 56 68 41 113 -62 128 24 16 -80 -112 -84 -14 -89 -14 23 96 16 96 -21 112 129 96 -9 -18 44 241 240 106 43 -48 58 -32 252 60 -55 111 -62 111 -70 117 46 305 248 133 22 -16 16 -16 130 124 7 113 0 100 -71 -16 -81 -15 -39 -17 -34 -15 121 239 34 59 -287 255 72 248 -70 2 -89 -16 -8 97 -41 104 102 144 39 256 22 112 -87 113 -70 144 -315 302 -241 240 -416 174 -42 270 -430 247 -38 257 -45 255 -188 115 -50 303 -343 112 -217 315 -240 300 -365 112 -379 67
400 236 56 96 446 102 359 123 289 137 319 104 254 108 22 312 -16 29 175 -24 355 6 130 -8 222 120 -104 240 272 239 136 103 127 102 280 104 175 137 223 104 103 101 87 104 87 97 179 105 205 231 123 107 184 99 136 168 134 168 140 168 -124 224 169 127 0 101 -139 -24 64 88 97 40 96 124 86 41 18 108 65 223 71 233 69 231 2 88 55 25 32 40 -102 105 29 28 -122 103 -121 97 -135 105 -144 102 -151 105 -161 103 -154 106 -67 104 -74 104 -74 104 -210 101 -130 88 -135 104 -104 233 -488 176 -112 232 -374 104
340 99 284 289 59 94 415 95 354 128 414 101 403 68 248 96 35 97 26 128 67 104 -72 -15 -80 -16 293 228 303 257 295 222 314 95 324 105 292 93 283 104 274 105 277 95 81 -31 249 96 242 26 183 95 128 97 103 97 98 97 70 95 95 97 135 160 191 96 -8 95 -16 93 -27 103 -24 98 -40 95 -40 96 -57 94 64 32 56 32 78 32 72 96 67 93 49 97 16 124 7 128 0 128 -8 128 -14 128 -39 129 -91 79 -110 78 -96 91 -34 240 -74 215 -54 256 -372 228 -248 248 -228 286 -353 60 -424 94 -378 48
1 101 -5 101 -14 95 -11 -159 232 208 222 208 141 216 239 93 209 96 184 90 192 -41 168 88 173 93 208 105 80 216 285 218 296 232 267 217 313 254 177 84 168 75 230 95 207 119 263 92 254 92 168 118 121 73 106 88 104 88 98 88 90 74 120 94 126 112 144 87 185 89 170 81 110 27 -40 86 -48 86 -56 86 -64 86 -72 86 -80 86 104 80 103 85 48 81 50 84 32 80 24 80 -8 117 -15 120 -23 120 -33 97 -98 77 -96 86 -39 216 -52 224 -62 222 -464 235 -170 296 -212 296 -358 83 -427 89 -376 38
7 -176 1 -176 -11 -175 41 15 23 15 19 16 7 16 118 81 181 76 62 -64 166 76 157 76 41 -64 -40 72 -36 208 249 81 209 82 264 208 171 80 163 80 158 80 209 81 261 14 200 108 205 87 130 64 218 224 187 208 272 240 80 71 87 66 81 65 141 88 104 111 111 104 177 83 163 72 111 17 -48 78 -57 78 -64 78 -73 78 58 16 108 72 62 80 59 77 92 76 32 81 28 77 16 73 11 69 -24 111 -19 84 -42 81 -48 80 -106 81 -112 79 -54 212 -54 240 -272 206 -255 257 -358 76 -412 69 -376 33
0 0 23 8 -16 12 30 12 43 7 -9 9 -34 6 -26 8 133 72 125 72 117 72 -58 7 102 71 -9 9 0 0 76 72 121 -55 121 67 94 61 102 71 96 71 88 71 80 70 70 72 239 0 137 74 172 209 -64 232 -151 183 174 214 64 88 156 204 72 55 150 120 137 69 137 73 -32 70 -40 70 -48 70 -56 70 -64 70 -74 70 -80 70 -89 70 -96 70 29 8 23 7 53 74 69 70 24 72 57 72 10 70 2 68 -14 62 -47 104 -56 73 -123 55 -120 69 -56 220 -356 200 -224 232 -359 74 -367 41 -433 70
0 0 57 -1 0 0 -24 32 0 0 -39 -178 -38 -190 0 0 0 0 28 -5 0 0 -24 -1 0 0 0 0 0 0 0 0 0 0 59 64 121 182 301 71 263 209 120 40 261 1 255 1 176 95 136 62 186 200 180 200 169 199 167 191 -40 305 139 65 120 64 119 92 138 54 136 64 120 0 -40 62 -48 62 -56 62 -64 62 -72 62 -80 62 -88 62 -96 62 -104 62 -112 62 -120 62 0 0 1 0 0 0 0 0 0 0 -5 62 -14 60 -55 96 -60 68 -129 52 -12 224 -92 204 -255 192 -223 271 -367 60 -436 65
0 0 -6 59 -12 69 -19 -200 -31 -72 -30 -200 11 -8 42 -11 33 -10 39 -12 116 60 -54 -8 -86 -72 -5 -1 0 0 0 0 0 0 -17 -13 -86 -8 35 56 32 264 104 183 111 53 124 50 208 216 40 184 40 242 -87 61 17 183 152 176 -110 118 71 178 80 63 105 97 111 91 176 60 89 -2 -40 54 -48 55 -56 55 -64 55 -72 55 -80 55 -88 54 -96 54 -104 54 -112 54 -120 54 -128 54 -136 54 -144 54 -153 54 -160 54 -33 -8 -12 54 -29 55 -63 82 -72 57 -218 178 -200 182 -227 119 -358 60 -366 57 -377 50
2 55 -3 59 -16 -208 -24 -78 -25 -207 29 -16 46 -14 64 -19 48 -18 40 -20 38 -20 9 -16 0 0 -37 -14 0 0 0 0 0 0 -15 -16 -25 -15 -57 -15 -58 20 -67 49 186 48 140 183 -30 192 -69 48 -154 24 -86 0 -177 33 -104 50 -2 32 28 240 -2 240 -233 191 107 166 110 40 160 48 -41 46 -48 46 -56 46 -64 45 -72 46 -82 46 -88 46 -96 46 -104 46 -112 46 -120 46 -128 46 -136 46 -145 46 -152 46 -160 46 -168 46 -43 -16 15 48 -36 43 -71 80 -159 48 -343 0 -477 -159 -488 52 -271 225 -375 43
1 -216 -2 -216 -16 -24 -24 -24 -22 -216 52 -24 142 42 68 -7 60 -24 46 -8 36 -28 24 -28 -32 32 16 -7 16 -7 -56 32 -63 38 -80 40 -83 44 -21 -12 -47 -9 27 40 -94 36 170 25 194 58 42 166 -78 -8 -69 -4 -112 -33 -104 43 18 168 -201 33 -128 41 -10 232 -32 182 123 183 80 80 158 44 144 39 -56 38 -64 38 -72 38 -81 38 85 38 -96 38 -104 38 -114 38 -120 38 -128 38 -136 38 -144 39 -152 39 -160 39 -168 38 -176 38 -184 38 -54 -24 -38 38 -77 40 -343 -8 -478 53 -488 71 -208 217 -252 232
7 -224 -5 -40 15 -33 -24 -31 0 0 55 -32 64 -34 84 -18 63 -13 56 -13 49 -31 24 -32 0 0 -21 32 0 0 -57 33 0 0 -62 30 -74 34 -55 -27 -64 -28 -77 -38 -79 33 -57 15 -109 28 184 94 177 96 -101 255 -158 2 -104 16 128 164 -123 -28 -192 25 -201 159 -208 224 118 157 13 32 103 32 79 63 142 36 128 23 -72 30 112 22 39 66 95 33 -105 30 -112 30 28 -32 -128 30 -135 30 -144 31 -152 31 -160 31 -170 30 -176 30 -184 30 -192 30 -4 25 -80 65 -320 -5 -480 -178 -488 45 -244 96 -375 36
0 0 -7 -45 -1 -40 -24 -39 32 -41 53 -38 76 -36 73 -24 58 -24 59 -24 49 -24 37 -23 25 -23 -14 13 13 -24 -40 25 -60 28 -39 -8 -38 -44 -152 -40 -160 -104 -82 -170 -114 -42 -154 -41 -64 -32 56 7 52 25 33 23 161 88 -110 6 160 157 144 23 17 31 -165 24 -24 210 -43 143 135 168 34 8 25 22 16 9 62 58 40 55 34 56 -53 23 -24 9 82 -40 16 55 4 56 66 28 -136 22 -145 22 -152 22 -160 22 -168 22 -176 22 -184 22 -192 22 -70 -40 -81 54 -343 -24 -417 -41 -488 -103 -494 39 -504 41
0 0 -8 -53 -16 -48 40 -49 26 -48 52 -48 79 -32 65 -48 64 -32 -5 -15 -14 18 -22 -8 32 19 -26 12 -48 8 11 -23 0 0 -4 -28 -24 -48 -60 -47 -95 -45 -138 -50 -147 -51 -167 -49 -186 -240 25 17 12 -112 33 17 40 20 154 -48 17 18 120 -55 0 0 -137 -113 -208 210 -122 144 103 160 148 180 34 16 16 16 0 0 0 0 0 0 50 152 51 151 -46 -2 -38 2 -57 15 -68 0 -73 -5 38 24 42 20 32 7 -169 14 -176 14 -184 14 -192 14 -200 14 -96 32 -341 0 -347 -43 -486 -113 -494 27 -504 38
0 -24 2 -238 16 -24 49 -58 33 -54 56 -56 65 -58 74 -52 0 0 24 8 -17 13 -40 -9 -32 3 -40 7 -41 9 -55 9 -48 -10 -70 0 -8 -47 -87 -57 -129 -56 -154 -59 -114 -56 -120 -56 -125 -57 -141 -57 -178 -57 47 -72 31 5 24 5 0 0 0 0 -16 7 0 0 -6 133 118 136 38 8 44 9 160 176 16 5 0 0 0 0 -13 3 80 199 18 140 40 139 37 157 25 133 -48 1 -7 17 -14 37 47 13 31 10 -168 6 -176 6 -184 6 0 0 0 0 -39 25 -464 184 -351 9 -417 -24 -437 -56 -500 -118
0 0 -3 -252 50 -64 73 -68 68 -68 56 -67 149 4 68 -47 0 0 -23 -16 0 0 40 -47 0 0 -35 0 18 -48 -72 -16 0 0 -8 -48 -113 -66 -120 -35 -96 -65 -105 -65 -82 -67 -88 -64 0 0 -105 -62 -147 -65 -184 -27 -128 -13 24 0 0 0 -22 -128 0 0 0 0 112 64 104 143 0 0 32 -14 0 0 0 0 0 0 0 0 0 0 60 154 44 125 -25 0 -31 -1 0 0 0 0 0 0 0 0 41 -51 0 0 -16 -66 0 0 0 0 0 0 0 0 -208 -2 -89 -64 -116 1 -480 176 -431 193 -376 -16
0 0 -8 -40 48 -76 69 -72 61 -71 55 -73 47 -72 72 -56 -15 -29 55 -70 -14 -15 43 -55 32 -72 -32 -7 15 -64 5 -55 5 -39 -7 -56 -23 -68 -31 -68 -61 -56 -43 -68 -49 -70 -8 -3 -95 -73 -97 -76 -127 -70 -151 -73 -160 -71 -6 -5 218 -55 12 8 0 0 -8 -16 -9 -9 114 128 -10 120 160 160 95 0 0 -27 64 -8 52 -1 -10 -11 104 152 -25 -8 -32 -16 -39 -23 -45 -23 11 -7 32 8 0 0 -22 24 -33 23 25 -61 12 -4 -56 26 -80 24 -89 23 -208 -10 -232 -19 -227 -7 -225 -15 -117 -8 -110 127
0 0 -3 -271 0 -82 29 -80 33 -79 27 -85 16 -77 56 -81 -10 -32 55 -63 45 -80 42 -64 6 -86 26 -64 4 -84 10 -76 -4 -65 -16 -64 -20 -48 -80 -17 -97 -17 -89 -15 -116 -16 -58 -64 -71 -75 -86 -76 -109 -65 -136 -80 -196 -83 -163 -82 -159 -80 -152 -48 152 7 -9 -143 -50 -142 -25 -17 -24 -17 130 1 73 -17 23 -24 0 0 66 -4 56 -16 55 -16 45 117 -49 -16 -40 -8 1 -16 0 0 9 -8 -14 17 -20 16 -32 16 -41 -15 -49 -16 -62 -8 -118 -30 -37 38 -208 -19 -230 -24 -270 -144 -275 -176 -248 -23 -240 -14
0 0 -8 -24 -16 -152 28 -90 78 -73 59 -23 51 -23 303 40 311 40 199 -23 160 -40 167 -152 33 -86 27 -72 -17 -87 72 -19 0 -89 -24 -88 -72 -38 -103 -43 -86 -25 -40 -56 -114 -28 -54 -28 -119 -23 -74 -87 -83 -69 -160 -23 -116 -73 -174 -92 -160 -87 -188 -88 -17 101 151 136 166 -24 -24 -27 -32 -25 -33 -28 82 -88 26 -22 82 102 93 120 -19 -40 38 -8 -39 -31 23 -2 -40 -22 -47 -36 0 0 -11 -24 -19 -9 -5 -24 -1 33 -56 8 -44 4 -57 9 -63 -4 -127 -22 -209 -39 -229 -31 -270 -152 -294 -152 -301 -152 -309 -152
0 0 -4 -26 -8 -288 137 -31 217 -159 153 -159 196 -40 192 -38 178 -33 188 -192 161 -31 178 -127 281 -161 13 -97 -17 -97 -22 -100 -27 -99 -25 -96 -82 -38 -24 -76 -96 -32 -104 -32 -107 -47 -117 -33 -64 -80 -72 -88 -82 -88 -85 -88 -88 -79 -137 -95 -176 -93 -181 -99 -179 -97 -43 -33 21 -35 178 2 -24 86 -40 -33 67 -97 119 -103 77 94 -208 63 -20 112 -20 -15 -50 -48 9 -32 27 -32 -8 -24 0 0 0 0 56 -29 25 -99 0 0 -14 20 -48 -32 -111 -44 -156 -54 -128 -45 -208 -34 -230 -38 -294 -192 -300 -192 -242 -160 -257 -161
0 0 -8 -71 -9 -107 159 -41 97 -44 217 -56 208 -47 202 -41 197 -39 184 -38 184 -45 328 -41 294 -47 42 -88 -18 -103 -23 -104 3 -88 -21 -106 -34 -56 -25 -88 -80 -41 -57 -41 -49 -105 -114 -36 -63 -88 -81 -104 -29 -40 -102 -108 -98 -104 -115 -109 -146 -106 -248 -105 -241 -105 -208 -106 -192 -103 -185 -39 -126 55 29 81 -11 -88 130 -42 128 -104 -8 -40 -273 182 -343 79 -34 -62 79 -103 0 0 56 -16 -64 -55 -64 -54 -12 -9 46 -34 24 -103 -37 -38 -184 82 -72 90 -65 -105 -94 -40 -208 -42 -215 -39 -78 144 -358 -103 -435 -105 -500 -166
64 -81 51 -112 51 -111 169 -49 258 132 218 -64 84 -209 79 -192 71 -192 63 -191 56 -191 169 -46 271 -55 240 -48 -13 -47 -21 -47 -28 -47 -18 -66 -59 143 167 145 -72 145 -89 160 -112 144 135 143 82 144 60 104 -78 -45 -86 -44 28 144 -102 -44 -110 -44 -117 -43 -4 144 -16 136 -79 112 -4 81 -35 15 -43 15 -51 15 -59 16 -71 76 72 84 63 80 58 84 -33 -49 -31 -48 -40 -47 -48 -60 -56 -60 -24 -42 -16 -48 -12 -44 -16 -50 -87 -57 -304 -57 -72 82 -207 -53 -246 -176 -206 -48 -234 -57 -192 -180 -297 -175 -242 -177 -249 -176
80 149 152 73 56 72 354 104 340 62 218 -72 100 -198 165 -183 177 -185 175 -185 167 -184 179 8 172 8 288 104 -48 86 0 72 -124 71 -136 80 248 111 238 101 226 92 212 86 199 87 196 102 -68 57 -198 -186 -208 -18 -216 -18 -224 -18 -232 -18 -240 -18 -248 -18 -256 -18 -264 -18 -272 -18 -280 -18 -288 -18 -296 -18 -304 -18 -312 -18 -320 -19 64 79 64 77 101 104 -36 -56 -25 -57 -41 -66 -8 -50 -16 -48 -24 -50 -2 -48 -12 -48 -31 -22 -38 -31 -377 168 -153 -64 -206 -64 -252 -216 -217 -61 -216 -57 -8 -58 -367 -74 -400 -106 -445 -121
384 69 386 84 370 72 358 79 36 130 216 -176 114 -208 79 -128 -64 -26 -72 -26 -80 -26 -88 -26 -96 -26 -104 -26 -112 -30 269 85 256 72 252 65 248 70 240 62 228 63 221 63 224 96 -142 -132 -192 -44 -200 -53 -208 -52 -216 -24 -224 -289 -231 -231 -240 -231 -248 -288 -252 -190 -248 -176 -257 -176 -265 -175 -141 -56 -149 -56 -157 -56 -213 -63 -317 -189 72 60 107 96 -30 -68 -27 -65 -26 -68 -41 -65 -49 -77 -56 -78 -64 -77 -72 -77 -79 -79 -86 -78 -40 -126 -46 -128 -26 -131 -206 -71 -266 -224 -327 -208 -234 -72 -236 -71 -296 -191 -301 -191 -249 -192
384 63 383 55 384 72 280 -63 105 -217 0 -298 99 -215 41 -72 -64 -200 -72 -34 -80 -32 -75 -248 -96 -32 -97 -247 -112 -33 -42 -73 264 62 256 64 252 73 228 52 220 52 219 87 -95 -109 -180 -198 -188 -198 -200 -200 -191 -122 168 -52 175 -89 209 -72 210 -105 191 -72 38 -120 128 -136 164 -74 184 -72 153 -72 -40 -74 -49 -88 100 -65 -320 -183 73 64 0 -77 92 80 108 95 49 71 36 66 24 58 64 92 52 86 -74 -73 -81 -84 -35 -63 39 -43 -176 -74 -186 -71 -204 -77 -264 -230 -292 -216 -213 -70 -217 -80 -325 56 -370 -134 -488 -184
384 55 383 54 376 53 416 83 135 -224 319 -15 216 -80 45 -15 66 -143 -71 -66 -80 -47 -24 -80 -96 -36 -104 -273 254 -16 122 -204 260 74 254 80 -20 33 104 48 104 48 150 46 171 -79 -54 -77 -58 -122 -165 -150 -208 -87 -147 -76 -172 -95 -179 -95 -207 -146 -215 -145 -255 -79 -263 -79 -271 -79 -279 -80 -287 -79 -295 -79 -303 -79 -310 -85 -318 -209 57 56 48 58 42 58 28 44 26 53 32 61 30 62 16 49 -55 -81 -73 -80 -78 -92 -32 -80 -40 -144 -177 -87 -155 -207 -255 -208 -304 -239 -324 -223 -221 -85 -238 -87 -260 -206 -238 -208 -185 -63
337 -89 352 -88 357 -89 231 -101 212 -92 97 -232 193 -92 96 -224 143 -220 -72 -198 -80 -52 -88 -69 -96 -50 -104 -50 -112 -53 248 44 148 40 179 40 -58 103 9 41 -85 40 -168 40 92 -86 179 -88 -184 -14 -66 -105 -204 -214 -215 -312 -218 -344 -216 -200 -224 -200 -232 -199 -247 -344 -117 -80 -125 -80 -133 -80 60 -24 53 -24 -86 -153 -93 -153 34 -24 -315 64 72 96 41 40 28 55 22 46 28 48 24 44 18 44 -66 -89 -71 -92 -82 -101 -89 -101 -8 -86 -67 -87 -113 -89 -192 -104 -253 -248 -329 -232 -221 -93 -226 -80 -121 -72 -220 37 -374 -94
256 -99 248 -98 240 -95 231 -104 99 -242 95 -240 88 -239 188 -101 300 -74 -72 -75 -80 -57 -88 -51 -88 -262 -104 -319 35 -88 119 -114 260 48 -136 46 246 69 -28 32 -144 32 200 33 78 -224 24 -223 53 -99 8 -256 -14 -224 -22 -225 -16 -256 -38 -225 -34 -256 -42 -256 -50 -256 -58 -256 -78 -225 -87 -225 -94 -224 -72 -224 -142 -224 -65 -225 -74 -224 -320 40 -336 32 48 72 37 63 24 40 31 36 -72 -96 -5 -98 -14 -97 -22 -97 -27 -96 -40 -97 -326 -63 -239 -96 -245 -96 -124 25 -212 -100 -304 -243 -216 -225 -161 -79 -230 28 -396 -109 -451 -112
320 -125 439 -167 399 -112 216 -111 160 -264 95 -246 87 -248 188 -107 183 -108 173 -109 165 -109 48 -247 48 -247 141 -108 23 -248 20 -242 280 56 248 36 243 64 235 44 200 -104 215 -168 88 -104 72 -105 64 -102 57 -102 48 -102 42 -103 14 -112 17 -102 20 -103 11 -102 -11 -113 -23 -116 -23 -109 -23 -96 -31 -109 -48 -111 -56 -110 -66 -115 16 -104 66 32 49 52 -330 48 32 72 16 22 37 39 47 41 -61 -87 45 -105 -135 -198 -150 -232 -153 -108 -168 -104 -33 -88 -46 33 -95 -121 -213 -108 -330 -249 -209 -96 -215 -103 -219 -103 -125 -40 -137 -40
400 12 442 47 434 54 304 -126 221 -239 181 -241 115 -256 86 -252 75 -251 64 -248 141 -241 132 -239 158 -240 143 -240 154 -193 200 -96 274 45 -39 25 -100 84 -152 15 232 8 278 -82 72 -240 64 -241 51 -241 47 -241 39 -241 31 -241 23 -240 30 -206 7 -240 -1 -240 -9 -240 -17 -239 -25 -239 158 -103 165 -105 154 -175 145 -175 54 -97 162 69 79 32 48 32 -344 30 24 26 24 34 16 25 16 12 14 21 -16 -113 -144 -112 -152 -110 -162 -114 -168 -114 0 -88 -82 16 -51 15 -213 -118 -329 -255 -343 -241 -224 -114 -230 -239 -177 -95 -249 16
381 1 362 1 368 3 375 11 295 -122 287 -134 318 -105 310 -105 256 -104 348 8 313 1 312 39 32 39 -88 24 273 37 -102 8 -16 39 58 8 -32 24 -84 40 224 31 216 3 207 3 184 1 176 1 203 23 190 10 159 -2 184 23 140 -2 137 -2 160 24 119 -2 135 39 72 0 95 -1 89 0 102 41 112 88 -61 6 -256 40 -215 33 -208 7 -344 4 32 36 22 24 15 16 7 16 -1 0 64 48 -81 -105 -157 -247 -290 -248 -166 -118 12 -176 -71 -120 -129 -87 -213 -123 -328 -264 -216 -249 -41 -184 -240 7 -399 -153 -400 -176
0 0 88 8 0 0 2 -2 0 16 326 -4 347 17 332 15 325 32 63 -15 73 31 104 4 226 0 -40 64 48 1 -73 64 0 0 -104 0 44 0 152 -1 176 32 168 64 -143 0 -49 -21 0 0 106 0 64 32 7 37 0 0 -32 16 76 17 -54 33 -64 32 54 16 32 2 40 15 0 0 8 62 0 0 1 0 0 0 -200 -5 -208 48 -344 0 32 24 16 8 16 0 13 -3 0 9 8 14 1 0 -80 -128 -88 -142 -56 -96 -39 -96 6 -191 -11 -128 -193 -222 -210 -255 -217 -255 -121 -93 -105 -66 -375 -145 -405 -127
0 0 416 56 48 0 40 23 69 -8 -36 -12 343 22 336 24 320 26 -40 -8 222 -8 73 15 64 -8 88 -8 24 -24 8 -24 -64 -9 -12 -7 8 -8 154 -8 -24 -24 186 40 128 55 136 8 144 65 24 28 16 26 7 48 -32 22 0 55 55 55 8 24 32 23 40 89 -48 24 40 40 -144 88 -4 72 16 24 -74 24 0 0 -223 57 -207 48 -221 -23 -224 24 30 24 24 22 -4 -12 0 0 2 0 0 0 40 28 -86 -140 -97 -149 -104 -151 -73 -130 -80 -106 -73 -104 -16 -132 -89 -105 -96 -105 -104 -103 -112 -136 -174 -153
0 0 390 18 80 -18 -24 1 -1 0 -33 -20 -48 -3 320 0 -56 -14 49 -17 -47 -15 -8 30 226 -16 216 -17 15 41 16 -31 0 0 -16 -16 156 -16 8 -16 -64 48 168 17 32 -17 8 12 -16 49 18 2 43 15 16 16 32 18 -8 32 15 16 -24 40 0 17 -40 24 -48 8 -58 0 -32 15 -104 47 -136 56 -56 20 0 0 -8 -16 -16 -16 -190 -15 -288 -16 -344 0 -368 -18 8 10 0 0 -2 -18 -16 -23 -7 -4 -16 -14 -103 -145 -112 -145 -114 -144 -121 -157 -126 -158 -65 -136 -73 -136 -82 -136 -158 -158 -168 -158 -179 -160
380 -7 370 -22 87 -16 -22 -25 360 24 -40 -24 336 11 45 -23 -32 -22 -26 39 48 9 -56 -20 -64 -25 -44 36 -80 -24 3 -24 -64 40 134 -23 48 -20 185 8 142 -22 -8 41 136 36 -40 56 47 20 24 8 16 8 6 8 28 33 -16 9 -16 23 8 39 9 10 4 56 -48 25 -25 39 0 0 -80 16 -48 12 -92 40 -16 36 -25 -8 -33 -24 -312 -24 -224 8 -253 -16 -352 -10 -344 -10 -2 -26 -16 -28 -13 -16 -16 -16 -10 -8 -24 -22 -28 -17 2 4 -120 -153 -140 -168 -136 -166 -142 -166 -153 -165 -161 -165 -170 -165 -176 -153
376 -29 369 -27 364 -14 360 -4 344 -24 352 8 -46 -33 328 -2 50 -4 -44 -28 65 16 72 -33 -48 48 -72 -32 -80 -30 -23 33 0 0 -92 34 -36 64 72 -32 160 -16 31 -31 152 30 104 33 0 0 96 32 7 8 40 30 22 30 24 32 0 0 2 0 6 0 -40 4 -1 0 -54 0 -32 0 -40 14 2 0 -88 0 0 0 -42 34 16 48 -298 33 -320 -32 -332 -31 -299 0 -344 -17 0 1 -8 -32 -24 -32 -20 -32 -24 -36 -29 -24 -32 -26 -38 -24 0 0 -130 -160 -136 -161 -145 -161 -160 -161 -156 -164 -168 -160 -168 -164
389 -23 383 -19 352 -43 -24 -23 352 -6 -40 -22 336 -8 -56 -29 -41 -39 123 -41 224 -40 56 24 -66 -38 -53 24 208 -40 -24 56 176 -40 24 -16 160 40 168 24 144 20 136 24 112 41 104 54 118 -8 24 -6 53 41 12 8 -4 0 -8 -6 -16 -6 -28 22 0 20 20 -8 -38 -9 -58 -26 0 0 4 60 32 28 -8 -24 -8 -40 -25 23 -35 -40 -310 -40 -226 -34 -230 -24 -352 -40 -306 -2 -368 -24 0 -8 -16 -40 -22 -30 -30 -31 -19 -23 -28 -25 -36 -27 -46 -32 -56 -44 -16 -8 -24 -3 -144 -172 -42 -8 -48 -8 -102 -38
384 -34 384 -24 368 -18 359 -17 360 -8 351 -13 -48 -33 -38 -32 44 -42 -26 17 16 4 48 17 56 -48 23 -53 224 -1 -40 24 8 -64 -40 32 160 -48 154 -47 192 12 134 15 15 15 134 16 -39 9 24 -32 16 -12 7 -3 32 0 24 14 16 -15 -24 -16 -28 -16 -40 -16 16 -33 -24 -16 -64 -16 -68 24 -88 -49 -28 -1 0 -32 -8 -24 -32 15 -22 -48 -31 -48 -40 -48 -241 -52 -296 -16 -384 -49 -392 -32 -16 -32 -24 -48 -32 -38 -36 -52 -43 -52 -48 -36 -46 -35 -44 -28 -64 -44 -72 -50 -36 -16 -44 -17 -92 -42 -104 -48
376 -52 379 -40 367 -31 -24 -43 356 -20 -40 -56 -35 -48 74 -64 -32 -56 -12 16 96 -84 115 -52 200 -56 200 -56 153 -56 182 -56 174 -56 36 -45 112 -56 168 41 160 -8 144 32 144 -40 154 -24 64 -16 48 -40 40 8 8 0 -1 0 22 8 -50 -24 -24 -36 -32 -24 -38 -24 -56 -41 -90 -22 0 8 -16 -17 -80 -24 -12 41 1 -28 -123 -57 -32 8 -42 -56 -52 -56 -60 -56 -304 4 -342 -56 -384 -56 -392 -41 -16 -18 6 16 -32 -32 -43 -46 -50 -49 -50 -60 -64 -63 -56 -42 -62 -44 -74 -52 -80 -48 -88 -53 -96 -56 -104 -48
388 -49 378 -48 368 -30 -24 -49 34 -32 149 -64 48 32 238 -64 236 -64 224 -64 256 -33 200 0 256 0 192 11 -34 16 0 -1 0 0 215 -17 0 0 -26 32 42 -60 56 -30 57 0 120 40 0 0 60 -16 39 -4 8 -32 32 -30 -1 -32 16 -33 0 -1 0 0 -8 -32 16 0 -41 -16 0 0 -74 0 -4 0 0 1 0 0 -24 -48 -32 -16 -8 -24 -192 -17 -304 0 -241 -32 -247 -69 -256 -32 -264 -33 -400 -66 -376 -48 -33 -36 -44 -50 -53 -53 -63 -59 -64 -68 -64 -62 -68 -56 -68 -46 -72 -46 -91 -60 -94 -60 -100 -52
387 -76 384 -63 364 -63 -20 -80 82 -70 24 -74 0 0 94 -48 258 -71 0 0 220 -72 248 -7 194 8 200 -8 207 -15 184 -72 176 -72 48 -56 145 -17 136 24 40 -36 144 -14 136 -9 88 -20 64 -43 56 -8 14 -56 6 -31 32 -8 24 -40 -22 -52 24 -40 -32 -39 -72 -40 32 5 8 -45 23 -7 6 -8 0 -8 -10 24 -16 -71 14 -8 0 2 -56 23 -14 -40 -200 -40 -232 -90 -344 -72 -352 -70 -359 -72 -272 -78 -408 -72 -408 -72 -40 -56 -53 -71 -61 -62 -64 -60 -67 -72 -62 -58 -64 -52 -84 -67 -88 -64 -96 -68 -104 -64
388 -79 383 -72 358 -76 -10 -52 96 -48 88 -84 112 -81 105 -63 32 17 232 -17 32 15 72 -48 -32 -16 56 -16 208 -79 183 -80 96 -72 40 -16 56 -48 68 -64 96 -45 56 -47 82 -32 40 -32 56 -20 52 -20 48 0 8 -40 -4 -45 22 -48 -16 -32 -28 -32 0 2 -44 -40 -16 -48 -88 -50 32 -64 32 4 0 0 -7 17 16 -47 -16 -24 -48 16 -24 -16 -52 19 -200 -82 -176 -80 -184 -64 -272 -64 -364 -80 -371 -79 -296 -80 -304 -48 -328 -71 -432 -80 -54 -64 -64 -83 -70 -84 -72 -84 -68 -60 -73 -63 -88 -68 -96 -75 -104 -72
408 -68 386 -90 378 -68 352 -84 360 -48 76 -88 72 -88 -22 -92 -28 -88 63 -103 0 -88 -56 -88 204 -88 196 4 216 -72 48 -8 96 -56 81 -72 112 -41 87 -56 80 -73 56 -72 76 -28 64 -28 64 -24 52 -24 43 -24 32 -26 32 -24 -16 -48 -24 -46 9 -24 0 -55 -40 -72 -80 -20 -88 -55 16 8 40 -56 -80 -89 -152 -14 16 -57 -4 -61 0 -24 -40 7 -49 -71 -56 -24 -48 -64 -81 -88 -80 -25 -346 -25 -368 -87 -376 -88 -386 -88 -296 -100 -48 -64 -57 -61 -64 -72 -73 -78 -72 -92 -67 -71 -82 -80 -88 -84 -96 -83 -104 -83
444 -64 436 -64 374 -92 350 -96 355 -62 -40 -79 16 -64 -27 -93 61 -111 -16 -32 240 -95 -24 -30 -32 -31 200 1 -42 -32 176 -32 160 -62 152 -40 144 -32 100 -65 58 -56 56 -48 71 -33 32 -56 64 -32 48 -36 42 -35 9 -66 33 -33 35 -16 16 -19 -24 -52 -56 -32 -41 -49 -48 -64 -2 0 -32 0 39 -67 32 -64 -24 -8 -96 -89 -70 -64 -48 -32 -218 -1 -120 -66 -40 -80 -80 -32 -40 -64 -80 -96 -90 -96 -351 -32 -285 -39 -260 -81 -388 -96 -368 -95 -58 -96 -64 -97 -73 -86 -71 -90 -66 -78 -84 -89 -86 -92 -92 -90 -102 -92
336 -236 328 -237 392 -80 360 -94 347 -95 374 -36 48 -98 26 -103 64 -104 -27 -35 -48 -104 70 -100 204 -13 56 -104 24 -117 168 -40 208 -39 88 -70 144 0 67 -48 96 -71 88 -24 91 -24 72 -40 60 -42 52 -42 46 -41 36 -43 22 -48 20 -39 32 -24 4 -41 0 -40 -18 -44 -50 -58 -56 -72 -70 -84 22 -75 8 -74 -16 -40 -23 1 -104 -40 -136 -64 -77 -69 -45 -40 -71 -63 -130 -39 -81 -1 -81 -104 -97 -103 -82 -103 -248 -87 -386 -103 -300 -103 -304 -96 -56 -66 -56 -74 -64 -106 -72 -105 -65 -85 -80 -100 -87 -104 -96 -104 -100 -98
322 -240 330 -241 384 -104 364 -101 342 -113 344 -88 -48 -98 58 -113 64 -117 50 -113 -16 -114 -52 -111 -66 -112 -41 -53 192 -34 214 -78 208 -24 152 -57 56 -90 72 -72 64 -74 88 -49 76 -48 68 -48 60 -48 52 -48 44 -48 36 -47 28 -50 20 -49 11 -48 4 -50 -4 -49 -13 -53 -10 -34 -30 -53 -16 -32 -74 -72 -48 -80 -89 -94 -102 -76 -72 -49 -80 -48 -119 -63 -79 -81 -144 -96 -112 -80 -184 -80 -90 -112 -201 -153 -353 -47 -55 -31 -256 -108 -408 -113 -336 -107 -440 -112 -64 -84 -64 -113 -62 -95 -72 -102 -78 -102 -89 -108 -94 -112 -102 -108
384 -248 325 -251 386 -115 378 -98 356 -118 344 -121 332 -113 332 -85 32 -120 32 -89 40 -120 -56 -114 64 -115 -6 -61 190 -24 39 -89 160 -38 120 -88 144 -88 73 -89 88 -56 83 -57 76 -56 68 -56 60 -56 52 -56 44 -58 36 -56 28 -56 20 -56 12 -58 4 -56 -4 -59 -10 -56 -23 -57 -28 -60 -32 -57 -24 -40 -32 -16 -88 -86 -64 -90 -64 -41 -85 -58 -90 -57 -90 -90 -104 -88 -80 -64 -46 -40 -256 -58 -200 -122 -277 -119 -281 -126 -384 -120 -296 -124 -432 -124 -48 -72 -76 -116 -64 -116 -60 -104 -76 -112 -80 -114 -88 -120 -51 -85 -177 -248
