0 0 0 0 -15 180 40 191 32 191 28 190 19 193 9 196 31 192 24 193 30 188 9 197 18 190 19 192 12 209 -56 247 -62 256 -8 224 -15 251 -23 257 -31 256 -39 257 -47 257 -55 257 -62 256 -71 252 -79 253 -152 272 -165 273 -185 249 -112 254 -119 251 -127 253 -133 224 -191 256 -200 240 -216 224 -230 223 -239 246 -244 254 -254 256 -260 253 -257 227 -222 196 -226 194 -299 193 -257 207 -263 192 -258 208 -343 236 -319 257 -352 257 -297 192 -422 130 -432 269 -440 295 -448 295 -456 295 -464 295 -472 295 -480 295 -488 295 -496 295 -504 295
0 0 0 0 -16 177 40 183 33 183 27 183 21 182 41 179 31 185 25 184 24 181 14 180 6 187 19 200 -45 231 -59 248 -48 249 -7 214 -15 244 -23 245 -31 244 -38 249 -47 244 -55 249 -62 244 -130 249 -142 242 -212 127 -220 122 -228 122 -159 250 -119 216 -127 245 -135 243 -143 243 -150 216 -159 216 -166 217 -174 216 -182 216 -190 216 -248 232 -256 232 -265 238 -272 237 -280 231 -299 249 -310 226 -256 200 -327 246 -341 256 -272 200 -321 188 -343 184 -368 184 -436 122 -444 122 -456 276 -463 272 -471 263 -478 262 -487 263 -495 262 -504 261
3 243 -7 -9 -16 175 -8 174 33 175 27 173 17 179 41 172 32 176 24 176 33 173 25 173 6 179 19 193 -51 240 -54 232 -51 228 -9 207 -15 237 -23 236 -31 237 -39 237 -47 237 -55 236 -63 236 -72 231 -80 224 -87 235 -95 237 -102 211 -112 235 -119 236 -127 237 -135 237 -142 208 -149 209 -160 207 -166 210 -173 210 -182 208 -189 209 -197 208 -205 208 -214 209 -221 208 -228 206 -287 226 -308 241 -317 233 -325 219 -273 177 -297 191 -305 192 -309 172 -317 172 -332 175 -346 172 -375 178 -400 176 -409 175 -472 175 -488 115 -496 -6 -501 251
4 241 -5 235 -12 -24 -24 162 -16 224 17 164 20 165 36 168 32 168 37 163 16 170 25 165 18 167 34 183 -66 216 -57 239 -64 226 -59 220 -17 195 -23 229 -31 229 -39 229 -47 229 -55 229 -63 228 -71 228 -79 228 -87 229 -95 229 -103 229 -111 229 -119 229 -128 229 -136 229 -142 201 -149 199 -160 198 -165 201 -173 201 -181 200 -192 196 -201 198 -256 220 -273 230 -289 248 -359 233 -308 249 -322 242 -322 216 -288 176 -269 184 -294 164 -380 167 -424 270 -432 252 -411 165 -352 169 -360 168 -363 163 -408 171 -417 168 -488 160 -496 104 -503 244
4 234 -4 229 -16 -28 -23 191 -15 158 24 159 17 159 41 156 31 160 24 161 31 159 25 157 18 158 11 158 13 176 5 177 -2 176 -79 233 -65 212 -20 188 -33 187 -39 221 -47 220 -55 221 -63 221 -71 220 -79 221 -87 221 -95 221 -104 187 -109 189 -121 187 -126 194 -133 193 -145 190 -200 211 -161 190 -216 211 -183 169 -247 217 -261 233 -327 224 -336 233 -344 242 -352 263 -360 263 -368 263 -376 262 -384 262 -392 261 -400 243 -408 262 -416 262 -424 263 -432 246 -440 263 -432 216 -348 156 -368 160 -375 155 -400 159 -487 163 -495 96 -503 238
4 223 -3 223 -16 -30 -16 -30 -32 151 -38 140 17 151 14 150 32 152 24 152 -46 151 4 154 15 148 -69 150 -111 225 -7 150 1 152 -13 168 -80 210 -86 217 -81 203 -42 180 -50 180 -48 179 -60 181 -65 185 -130 203 -155 232 -191 151 -232 225 -240 217 -168 201 -131 181 -184 203 -205 222 -214 217 -220 217 -166 153 -300 91 -299 95 -243 155 -326 91 -335 230 -344 254 -352 255 -360 239 -368 255 -376 255 -384 229 -392 255 -400 255 -408 255 -416 255 -424 254 -432 242 -440 256 -415 -9 -361 153 -368 152 -375 148 -403 151 -471 147 -496 88 -500 225
2 220 -4 219 -12 213 -24 176 -31 176 -9 -16 16 142 9 142 29 145 26 139 18 140 7 144 -1 145 -11 142 -62 -48 -10 141 -14 142 1 160 -19 161 -87 215 -96 215 -94 208 -111 209 -118 209 -123 207 -127 208 -80 145 -212 81 -224 236 -232 230 -207 176 -191 217 -189 214 -128 153 -161 140 -216 216 -224 215 -230 224 -191 142 -233 182 -192 146 -218 160 -278 144 -285 145 -300 -46 -358 80 -368 220 -376 220 -384 225 -392 224 -400 234 -408 247 -416 247 -424 247 -432 231 -440 202 -422 139 -362 144 -370 144 -403 139 -448 141 -487 153 -494 216 -504 246
0 212 -8 238 -16 220 -24 221 -32 240 -38 213 -31 135 -43 133 -6 132 -44 132 -15 141 6 137 1 131 -10 136 -17 137 -25 136 -33 138 -23 133 -29 132 -37 133 -30 152 -45 153 -129 184 -57 152 -66 152 -70 152 -83 144 -82 144 -136 -36 -136 152 -123 151 -123 152 -136 152 -139 152 -145 152 -185 -25 -152 152 -167 152 -178 152 -182 152 -195 152 -201 152 -216 152 -224 152 -342 79 -347 79 -364 -16 -375 215 -384 213 -392 216 -400 226 -408 240 -416 222 -422 214 -431 213 -440 242 -440 72 -426 135 -396 132 -452 134 -480 212 -488 239 -496 239 -504 239
0 209 -8 231 -16 231 -24 231 -32 200 -37 195 -48 -53 -55 192 -64 172 -53 126 -62 130 -50 -40 -32 125 -37 125 -44 124 -100 129 -128 212 -136 229 -144 184 -152 -2 -160 230 -168 228 -148 125 -99 -27 -190 204 -200 230 -208 229 -216 210 -224 229 -131 135 -162 -30 -247 61 -256 193 -232 126 -272 230 -280 212 -288 181 -201 131 -191 125 -196 124 -203 126 -213 127 -204 144 -229 125 -240 126 -282 128 -364 67 -375 204 -384 200 -384 153 -351 -63 -344 128 -353 127 -424 -64 -432 209 -439 191 -416 126 -455 204 -464 230 -472 231 -480 231 -488 231 -496 231 -504 231
0 223 -8 223 -16 223 -24 222 -32 223 -40 205 -48 202 -56 223 -64 204 -71 193 -80 223 -88 220 -96 193 -104 194 -112 184 -120 222 -128 200 -136 223 -144 223 -152 223 -160 223 -168 222 -176 201 -184 222 -192 223 -200 223 -208 223 -216 223 -224 223 -232 223 -240 223 -248 223 -256 222 -264 223 -272 223 -280 223 -288 204 -296 204 -299 178 -308 153 -258 -26 -213 116 -241 120 -344 204 -352 177 -358 186 -366 56 -376 223 -384 226 -321 119 -273 121 -326 184 -342 143 -340 121 -430 199 -440 223 -448 223 -456 223 -464 223 -472 228 -480 -22 -473 72 -480 72 -356 192
0 215 -8 215 -16 215 -24 188 -32 215 -40 215 -48 202 -56 214 -64 215 -72 215 -80 214 -88 215 -96 198 -104 191 -112 215 -120 215 -128 215 -136 215 -144 214 -152 215 -160 215 -168 215 -176 215 -184 192 -192 215 -200 214 -208 215 -216 215 -224 215 -232 215 -240 215 -248 215 -256 215 -264 215 -272 220 -275 50 -272 65 -149 184 81 112 71 112 -50 177 -59 178 -95 161 -75 178 -99 168 -118 176 -125 175 -132 167 -140 166 -147 171 -154 171 -160 171 -170 171 -179 167 -188 164 -200 159 -211 161 -182 186 -226 160 -296 47 -234 172 -233 178 -233 177 -60 180
0 196 -8 208 -16 190 -24 191 -32 182 -40 -38 -44 42 -40 57 -48 57 23 73 68 176 295 104 287 104 279 104 271 104 150 169 142 169 134 169 126 170 118 169 110 169 102 169 93 170 86 169 192 104 -184 56 -204 41 -201 56 -208 57 -228 42 -225 57 135 103 128 104 -8 167 -16 170 -35 163 -80 8 -102 40 -110 40 -82 40 -75 160 -70 170 -80 160 -88 160 -96 160 -119 156 -124 164 -132 164 -244 8 -242 8 -155 164 -273 25 -281 24 -289 24 -297 25 -305 24 -302 24 -268 8 -272 40 -180 38 -234 168 -240 165 -241 165 -60 176
244 150 237 155 228 149 216 143 226 162 216 159 208 158 200 159 192 157 182 159 175 159 168 159 159 161 151 152 128 149 124 151 117 155 109 156 0 0 -1 0 8 0 0 0 0 0 16 14 0 0 -1 0 0 0 31 155 36 159 23 159 16 162 8 162 -14 158 -9 32 -17 34 -22 168 -43 154 -52 151 -59 153 -68 151 -75 156 -129 -1 -160 -3 -171 -3 -192 0 -216 0 -224 12 -232 13 -251 16 -254 15 -266 16 -273 17 -281 16 -289 16 -297 16 -305 19 -311 17 -321 16 -329 16 -339 16 -270 0 -238 152 -244 152 -230 170
192 -6 160 -6 128 -8 138 -8 109 -5 112 5 198 147 189 145 196 154 182 25 176 148 167 25 215 265 153 147 132 149 86 -8 9 -8 0 0 0 0 0 0 -18 -6 -24 -8 -16 -4 -14 -8 -16 -8 -8 0 -24 -6 -30 -10 22 148 13 147 -1 25 10 160 8 153 -20 141 -27 147 -35 148 -85 -7 -106 -10 -120 -8 -128 -8 -160 -8 -163 -8 -176 -8 -184 -1 -207 -3 -200 7 -204 8 -189 -8 -232 8 -258 10 -265 8 -273 8 -281 8 -287 8 -298 12 -301 3 -313 8 -320 9 -329 11 -306 8 -345 10 -351 10 -357 11 -356 8
248 15 212 17 205 16 197 16 209 15 181 16 198 142 139 15 144 -16 204 153 305 79 296 80 142 128 140 140 60 0 54 -18 14 -12 0 -1 0 1 0 0 0 0 -2 0 -16 -16 -14 -16 -16 -16 0 -1 -21 -16 -29 -15 -24 -16 13 140 8 137 -3 138 -11 140 -80 -18 -72 -6 -80 -16 -104 -18 -108 -17 -118 -16 -126 -16 -128 -16 -144 -16 -171 -16 -176 0 -160 -8 -115 141 -123 140 -132 141 -224 -17 -248 -2 -245 9 -276 5 -281 3 -259 9 -245 -16 -195 15 -201 17 -216 137 -217 141 -224 136 -218 136 -105 159 -120 283 -312 270
381 326 361 265 368 197 366 196 381 60 406 104 207 8 192 8 171 10 172 132 165 134 115 5 72 -8 61 -8 53 1 44 -8 78 -8 29 -8 42 -24 0 0 -16 -10 -24 -16 -24 -8 -42 -18 -39 -8 -48 -22 -32 -24 -38 -24 -32 -8 -48 -24 -48 -24 -44 -22 -64 -26 -78 -24 -79 5 -86 6 -96 8 -48 137 -57 128 -56 127 -76 128 -83 133 -82 9 -121 10 -113 8 -123 8 -178 6 -171 5 -139 133 -144 133 -157 7 -161 7 -164 9 -297 8 -281 265 -312 137 -128 327 -217 121 -218 134 -216 144 -287 5 -240 133 -110 157 -345 265
0 0 -6 -121 74 -65 103 133 319 238 217 17 209 0 346 65 369 144 368 128 304 145 166 2 297 248 91 254 137 1 129 -1 0 0 129 119 293 128 100 0 97 -1 93 -2 0 0 43 1 0 0 0 0 36 120 22 1 0 0 -40 0 0 0 0 0 0 0 -2 128 -11 128 -25 125 -44 119 -41 -1 -56 129 -41 -1 -73 126 -80 119 -80 130 -87 122 -146 1 -110 127 -126 126 -131 1 -120 130 -148 124 -265 3 -6 280 -32 128 -159 129 -241 257 -243 257 -88 191 -235 0 -218 0 -123 192 -233 125 -242 0 -44 159 -250 0
55 56 48 56 52 56 70 54 68 51 55 58 146 119 9 127 -28 53 -72 120 109 248 103 88 -30 128 29 83 93 243 7 116 128 106 120 128 146 23 203 153 79 105 105 132 210 138 9 247 1 247 -8 248 -16 247 39 107 17 118 24 120 159 119 134 136 126 56 -16 117 -29 111 -36 111 -153 -6 104 186 125 127 106 152 75 185 -88 124 -90 -9 102 150 -93 -7 -118 -7 -23 184 -119 104 -123 -40 -173 -7 -198 -12 -68 105 -98 217 -231 247 -244 248 -247 247 -419 249 -72 257 -97 263 -106 236 -87 241 -185 135 -99 185 -376 192
119 51 64 49 96 52 101 51 92 52 87 50 72 50 42 113 -62 127 24 16 -76 -14 -84 -14 -88 -14 24 96 -12 113 8 96 129 96 -9 -18 52 240 271 189 40 -49 76 109 80 -16 -55 111 -62 111 -70 117 46 305 247 132 22 -16 16 -16 155 177 7 113 1 97 -71 -16 -79 -15 -39 -17 -34 -15 93 227 0 0 -295 257 56 241 -70 2 -89 -16 76 184 47 175 80 112 12 232 -34 176 15 112 -70 145 -128 305 -249 242 -416 172 -56 230 -430 248 -59 224 -60 232 -192 113 -48 310 -233 320 -225 305 -243 261 -365 112 -433 112
380 214 56 96 433 103 332 138 287 137 260 120 254 108 264 295 -2 33 175 -24 319 168 130 -8 289 169 -103 161 277 219 136 104 127 102 280 104 176 136 223 104 104 100 88 104 87 97 198 120 204 230 110 104 184 99 101 138 159 40 121 137 -119 167 151 161 0 101 -139 -24 64 88 134 36 97 125 87 41 106 136 73 219 49 232 59 216 -33 120 90 38 -82 106 -102 105 64 38 -122 103 -119 105 -135 105 -144 102 -151 105 -160 103 -154 106 -68 104 -74 104 -68 122 -210 101 -32 37 -137 104 -111 224 -480 162 -121 240 -297 273
340 100 256 232 58 95 415 95 354 127 415 99 288 62 327 157 35 97 27 97 0 0 -72 -15 -80 -16 281 205 272 208 230 160 314 96 304 99 298 94 287 95 278 95 277 95 81 -31 250 95 265 46 183 95 117 97 104 96 154 156 182 167 63 95 135 125 192 96 -8 95 -17 92 -28 103 -34 93 -40 95 -40 97 -56 95 64 32 58 31 72 30 72 94 67 93 50 97 80 41 8 128 0 128 -8 128 -11 129 -3 151 -3 160 -36 160 -112 94 -34 240 -63 215 -68 237 -432 224 -256 292 -232 284 -353 60 -360 60 -437 102
1 101 -5 98 -11 97 -11 -159 361 208 155 213 333 278 340 154 209 96 187 90 192 -41 166 90 173 93 232 161 80 215 230 135 266 155 218 136 207 135 239 155 232 151 231 143 206 122 262 92 241 96 216 145 176 152 106 88 109 89 158 152 175 153 168 164 128 117 148 79 183 91 175 87 120 24 -41 86 -48 86 -57 86 -64 86 -73 86 -81 86 106 81 103 85 52 79 50 84 32 80 24 80 54 33 -16 117 -24 120 -24 92 -12 151 -110 88 -100 137 -64 198 -82 212 -448 285 -216 215 -234 304 -359 85 -415 72 -381 40
8 -176 0 0 -8 -172 41 15 24 16 18 16 7 16 137 93 181 76 173 77 166 76 157 76 40 -64 -42 97 136 273 247 81 185 80 265 208 172 80 163 80 158 80 209 81 272 25 202 108 203 134 195 145 172 147 186 208 167 148 162 147 156 144 155 141 164 156 104 111 168 17 176 83 163 72 -41 78 -49 78 -56 78 -65 78 -73 78 72 20 106 72 63 80 97 79 91 75 36 73 24 74 16 73 8 73 -25 110 -32 106 -43 81 -44 81 -32 151 -117 80 -55 205 -88 212 -408 306 -242 235 -359 76 -364 51 -435 63
31 47 23 8 0 0 45 5 43 7 -9 9 -31 6 25 8 133 72 125 72 117 72 -58 7 102 71 -8 9 0 0 76 72 121 -55 120 68 94 61 112 74 95 71 245 8 80 70 70 72 236 -1 135 73 172 218 44 200 -31 197 177 214 63 89 137 185 159 142 141 123 141 72 142 73 -33 70 -40 70 -48 70 -56 71 -64 71 -72 71 -80 71 -89 70 -96 70 -105 70 34 8 38 8 70 70 24 72 56 68 10 70 0 68 -17 64 -46 104 -52 72 -32 139 -119 72 -58 216 -420 219 -272 200 -236 263 -367 40 -423 57
0 0 57 -1 0 0 -24 31 0 0 -40 -192 -20 -160 0 0 0 0 28 -5 0 0 -24 -1 0 0 0 0 0 0 0 0 0 0 59 64 284 192 296 71 263 192 231 128 191 104 258 0 212 120 155 111 157 182 232 279 161 175 152 184 -33 300 152 67 122 64 120 90 144 60 136 64 -32 62 -40 62 -48 62 -56 62 -64 62 -72 62 -80 62 -89 62 -97 62 -105 62 -113 62 -120 62 -128 62 0 0 0 0 0 0 0 0 -4 63 -14 60 -54 96 -56 68 -41 129 -128 133 -64 225 -416 288 -226 270 -366 63 -372 29
17 -181 -5 58 -14 61 -16 -199 -31 -72 -28 -200 11 -8 43 -13 33 -9 41 -9 28 -8 -54 -9 -86 -72 -3 -1 -47 73 -27 25 0 0 -17 -13 -86 -8 35 56 96 248 -144 184 176 104 171 128 210 216 7 181 38 268 -87 62 -30 184 147 169 -113 132 -56 250 140 120 134 111 111 91 168 58 -32 54 -40 54 -48 55 -56 55 -64 55 -72 55 -80 55 -88 54 -96 54 -104 54 -112 54 -121 54 -129 54 -137 54 -144 54 -152 54 -160 54 -169 54 -12 56 -22 52 -64 88 -64 61 -62 185 -284 184 -303 297 -240 243 -366 57 -378 50
4 61 -3 55 -11 -208 -14 -197 -24 -206 29 -16 46 -14 57 0 48 -17 121 52 38 -20 12 -20 19 -15 -7 -17 0 0 0 0 0 0 -16 -15 -14 -15 -51 1 -96 49 -67 49 186 47 -57 49 129 176 -69 48 -149 58 -85 -4 -164 64 -104 50 -1 32 72 239 -64 273 -226 176 114 167 101 112 158 48 -41 46 -48 46 -56 46 -64 45 -73 46 -82 45 -88 46 -96 46 -104 47 -112 46 -120 46 -128 46 -136 46 -144 46 -152 46 -160 46 -168 46 -177 46 -13 49 -32 44 -72 79 -80 98 -345 -1 -476 -160 -479 56 -273 232 -375 43
5 -86 -4 -216 -16 -24 -24 -23 -23 -212 56 -25 67 -26 68 -7 60 -24 52 -9 54 -9 25 -24 -31 32 21 -5 -45 25 0 0 1 25 -7 32 -64 23 -102 26 -57 -23 27 40 -79 28 171 26 195 59 -12 168 -78 -8 -83 -4 -94 -20 -104 39 14 214 -201 33 -128 41 -9 232 4 168 105 157 132 112 156 44 144 40 -56 38 -64 38 -72 37 -81 38 41 12 -96 38 -104 38 -112 39 -121 38 -128 38 -136 38 -144 38 -152 39 -160 39 -169 38 -177 38 -185 38 -45 -24 -38 38 -77 43 -344 -8 -477 49 -487 70 -232 175 -264 288
8 -224 57 -33 43 -36 -23 -35 -32 -38 56 -32 65 -33 77 -17 0 0 24 32 48 -31 27 -33 -31 38 -22 20 -37 32 -55 32 0 0 0 0 -76 37 -17 -16 -34 -24 -71 -38 -79 33 -55 16 -97 19 121 65 154 32 106 225 -159 1 -104 16 -112 168 -124 -28 -149 16 -72 192 20 159 105 146 95 95 103 32 79 62 135 35 128 23 -72 30 96 32 38 66 96 34 -105 30 -113 30 14 -32 -128 30 -136 29 -144 30 -152 31 -160 30 -169 31 -177 31 -184 30 -192 30 -12 24 -80 65 -328 -5 -478 -176 -487 53 -319 273 -256 219
0 -36 0 0 0 0 -24 -44 33 -41 53 -38 75 -24 73 -24 64 -24 53 -23 49 -24 35 -23 -22 -8 -26 25 12 -24 8 -13 -65 32 -76 30 -14 -39 -70 -42 -160 -103 -71 -167 -109 -41 -154 -40 -129 -8 56 7 52 25 32 22 135 58 7 185 149 136 144 20 17 31 -165 24 -15 225 72 120 63 71 100 88 90 89 96 86 63 57 40 56 80 83 50 90 55 85 79 -39 88 -23 4 56 56 26 -136 22 -145 22 -152 22 -160 22 -168 21 -176 22 -185 22 -192 22 -201 22 -26 -40 -343 -24 -421 -41 -485 -102 -494 39 -504 37
17 -51 -5 -57 -16 -55 40 -49 35 -47 52 -48 0 0 73 -40 61 -32 -7 7 51 -24 -24 7 32 19 -40 8 -47 8 0 0 0 0 -60 -14 -13 -32 -60 -47 -68 -48 -108 -54 -82 -44 -169 -52 -182 -238 25 17 12 -112 32 17 43 21 154 -48 17 18 16 11 0 0 -138 -113 47 207 -169 144 96 147 49 69 32 16 17 16 56 81 51 80 78 80 38 126 48 142 32 81 18 81 -60 0 8 82 8 75 51 21 47 20 32 14 -169 14 -176 14 -184 14 -192 14 -201 14 -76 51 -342 -1 -355 -43 -486 -113 -494 23 -504 35
0 -24 10 -230 16 -22 49 -58 37 -55 56 -55 18 -8 74 -48 0 0 6 8 45 -24 -16 8 -30 4 -39 7 -42 6 15 -25 0 0 -77 16 -9 -40 -87 -52 -95 -59 -168 -66 -112 -53 -121 -56 -125 -57 -126 -56 -152 -47 46 -86 31 16 24 4 0 0 0 0 -16 7 0 0 -254 132 120 134 39 8 67 75 98 139 78 76 59 60 85 73 58 75 79 196 24 160 40 137 10 116 32 146 16 72 15 72 38 -55 36 12 30 10 -168 6 -176 6 -184 6 0 0 0 0 -39 25 -463 185 -255 186 -417 -24 -437 -56 -500 -117
0 0 0 -254 38 -64 77 -69 68 -68 56 -65 70 -67 12 -17 0 0 -5 7 0 0 41 -47 0 0 -28 -11 -49 9 -58 -6 0 0 -76 4 -51 -63 -151 -70 -93 -65 -86 -64 -82 -65 -88 -64 0 0 -78 -66 -148 -64 -153 -67 -102 9 24 0 0 0 -22 -128 0 0 0 0 50 33 119 176 64 51 56 64 0 0 0 0 0 0 0 0 0 0 39 109 32 110 7 65 -43 0 0 0 0 0 0 0 0 0 37 4 0 0 -26 -65 0 0 0 0 0 0 0 0 -208 -1 -86 -64 -143 1 -479 177 -222 191 -375 -16
0 0 -8 -40 48 -76 69 -72 61 -71 55 -72 47 -71 3 9 0 0 -8 -41 -15 -15 41 -56 29 -60 -44 -2 22 -60 -56 0 5 -39 -57 -33 -23 -68 -30 -68 -49 -55 -21 -53 -50 -70 -72 -56 -91 -76 -88 -72 -142 -72 -152 -73 -155 -74 -6 -5 188 0 12 8 0 0 -9 -16 -9 -9 111 123 43 121 104 121 87 46 102 55 64 -8 88 65 16 40 -14 56 -36 -18 8 48 48 57 35 55 34 64 11 44 0 0 -22 24 -33 24 -41 23 12 -4 -56 26 -40 46 -89 32 -208 -10 -232 -19 -222 -6 -224 -15 -115 9 -117 102
0 0 -5 -272 -3 -84 32 -87 37 -81 29 -83 17 -77 56 -82 0 0 54 -63 35 -82 44 -72 5 -86 27 -64 4 -84 15 -64 1 -77 -9 -65 -20 -54 -81 -17 -93 -16 -86 -13 -115 -12 -117 -24 -127 -48 -80 -61 -97 -64 -136 -80 -156 -84 -164 -81 -137 -71 -152 -48 164 50 -9 -143 31 -145 -25 -18 -24 -17 121 -17 73 -17 67 32 80 48 72 -15 56 -15 8 47 32 96 -48 -16 16 48 40 65 0 0 16 40 -16 17 -19 16 -31 17 -41 -15 -46 17 -29 47 -58 47 -56 38 -208 -19 -230 -25 -235 -19 -242 -21 -248 -23 -237 -13
0 0 -7 -24 -7 -269 -24 -96 32 -89 24 -89 19 -90 43 -93 45 -87 45 -91 45 -87 31 -90 -1 -85 24 -72 0 -90 -8 -89 -1 -88 -23 -88 -80 -17 -88 -15 -87 -25 -40 -56 -97 -25 -54 -29 -128 -32 -74 -87 -90 -69 -149 -24 -123 -69 -155 -88 -159 -87 -181 -87 -201 -17 119 89 166 -24 -24 -27 -32 -25 -39 -25 82 -88 20 -8 79 103 64 44 76 40 39 -8 -2 39 37 -25 42 46 29 40 0 0 -11 -24 -17 -8 -5 -23 -18 -24 -56 7 -60 16 -57 8 -63 -4 -40 41 -209 -39 -229 -32 -235 -27 -243 -27 -301 -152 -308 -152
0 0 -3 -26 -8 -288 41 -97 36 -97 27 -97 45 -129 43 -31 207 -32 168 -49 156 -47 135 -97 14 -80 14 -96 -17 -96 -23 -100 -15 -97 -16 -96 -83 -31 -39 -32 -96 -32 -104 -32 -113 -23 -109 -41 -143 -48 -73 -90 -82 -89 -87 -83 -91 -84 -136 -96 -147 -96 -180 -100 -162 -95 -43 -33 128 32 118 33 112 31 -40 -33 -48 -34 116 -31 55 64 -196 94 -143 96 48 32 -32 -48 9 -32 28 -32 40 44 0 0 -24 0 15 -32 8 -35 0 0 -30 -24 -50 -32 -33 37 -94 39 -54 32 -208 -34 -230 -38 -306 -164 -318 -164 -242 -160 -258 -161
0 0 -8 -71 49 -105 360 -103 209 -41 205 -44 130 -199 208 -48 205 -39 168 -57 161 -168 170 -168 351 55 122 90 -18 -103 -23 -104 2 -88 -20 -104 -32 -76 -103 -55 -92 -40 -87 -40 -49 -105 -118 -24 -56 -88 -81 -104 -29 -40 -102 -108 -98 -88 -114 -109 -147 -106 -238 -105 -241 -105 -201 -106 -177 -110 -184 -39 -31 88 -104 86 -48 -40 -19 -88 120 -32 66 26 -17 151 -343 87 47 15 79 -33 0 0 45 -8 32 12 22 24 18 18 43 -35 -30 -12 -36 -32 -243 88 -440 24 -65 -105 -99 -7 -208 -41 -216 -41 -151 75 -358 -103 -435 -105 -500 -166
97 -97 51 -112 90 -116 316 -60 216 140 152 80 210 -40 71 -179 197 -47 248 -80 175 -50 310 -33 3 -48 296 -175 -13 -47 -21 -47 -28 -47 -37 -47 -108 -115 -152 -39 -160 -39 -168 -39 -176 -39 -184 -48 -192 -48 -200 -48 -208 -48 -216 -48 -161 -31 -169 -31 -180 -32 -106 -32 -114 -31 -9 144 -272 89 107 99 86 80 88 72 103 95 74 71 78 79 74 85 65 77 56 77 -23 -49 -34 -60 40 20 41 19 32 20 24 20 -16 -48 -24 -47 -32 -16 -38 15 -304 -57 -53 67 -207 -53 -211 -53 -205 -47 -234 -57 -233 -49 -296 -175 -242 -177 -249 -176
159 74 104 72 352 78 232 -184 216 132 223 149 195 -62 79 -200 182 -58 199 -49 176 -54 167 -57 175 -55 359 -35 240 25 0 73 146 72 -136 -56 -138 -272 -152 -16 -160 -17 -168 -16 -176 -17 -184 -17 -192 -17 -200 -17 -208 -17 -216 -17 -224 -17 -232 -17 -240 -17 -248 -17 -256 -17 -264 -21 117 104 -252 72 128 136 69 62 63 63 68 61 64 54 56 54 64 69 -18 -58 38 8 20 -10 48 16 41 5 32 15 24 16 -2 -48 -11 -57 -48 -26 -38 -31 -432 80 -160 -86 -206 -61 -256 -215 -217 -61 -216 -57 -44 -55 -367 -74 -377 -117 -445 -121
370 63 368 60 371 51 113 -191 206 94 174 101 198 -66 79 -208 180 -66 91 -199 84 -208 153 -193 151 -193 143 -191 89 -1 -92 -132 -119 -189 -132 -190 -140 -320 -39 65 221 -129 184 -32 209 -129 135 -31 127 -31 -72 28 111 -31 -117 -63 89 0 -85 -56 -91 -56 -230 -176 -256 -25 -264 -28 108 52 99 45 118 78 100 70 80 48 87 64 80 70 4 0 0 0 -16 -66 0 0 -19 -56 0 0 16 0 0 0 4 0 0 0 -26 0 0 0 -27 -127 -30 -129 -25 -131 -206 -70 -256 -223 -328 -208 -217 -58 -238 -72 -296 -191 -300 -190 -249 -192
370 56 376 54 272 -116 193 -88 383 -74 84 64 195 -79 79 -216 73 -216 119 56 -80 -51 -88 -33 -96 -33 -104 -33 -112 -33 -120 -33 -128 -33 -26 -124 -16 -69 103 -199 271 -64 181 -8 120 -39 -147 53 247 -73 198 -9 224 -74 216 -71 198 -91 33 -76 25 -74 136 -4 -256 -46 -264 -36 134 70 120 56 114 56 100 66 98 56 89 56 82 55 74 57 18 -26 7 -24 0 -24 -9 -24 -33 -9 25 58 18 58 -47 -23 -72 -72 1 -1 0 0 24 -70 -176 -74 -185 -73 -204 -79 -265 -231 -292 -215 -218 -71 -217 -80 -360 19 -370 -134 -488 -184
384 60 384 45 399 -72 221 -84 217 -87 345 -60 181 -79 79 -224 73 -224 123 80 50 -77 48 -96 -96 -65 -104 -40 -112 -65 -120 -52 -128 -54 -136 -35 -15 -132 -22 -132 -32 -137 -37 -132 20 -80 13 -80 5 -80 -2 -80 -12 -80 -19 -81 -27 -81 -35 -81 -19 -50 -116 -128 -255 -67 -105 -81 120 69 93 39 96 42 89 41 80 40 82 48 61 40 52 40 48 48 33 39 36 62 8 48 15 37 19 49 15 44 -42 -28 1 0 5 -17 -37 -73 -42 -144 -177 -87 -155 -207 -204 -87 -315 -240 -219 -84 -220 -82 -238 -87 -249 -207 -238 -208 -106 -16
385 45 381 37 395 55 222 -92 193 -219 98 -232 145 -89 143 -220 176 -214 311 -152 1 -184 39 -151 -96 -282 -104 -48 -112 -56 -116 -213 -126 -73 107 -97 103 -94 92 -98 84 -98 72 -103 63 -103 53 -103 82 -78 70 -87 62 -87 54 -88 46 -88 -8 -152 -21 -153 135 -152 128 -152 194 -121 116 59 99 53 96 40 104 72 78 72 -249 40 -256 48 -309 40 50 72 33 52 25 55 26 56 16 25 8 25 16 38 -65 -88 -8 -23 -16 -24 -32 -25 -8 -96 -95 -88 -113 -89 -193 -103 -211 -92 -329 -232 -220 -90 -224 -90 -102 -25 -308 40 -373 -90
384 16 376 16 310 -94 220 -104 420 -96 204 -103 200 -102 322 64 256 -63 63 -240 55 -238 55 -235 51 -249 -104 -59 -112 -58 -120 -57 -128 -58 -136 -76 113 -96 105 -88 26 -256 18 -256 69 -100 33 -227 28 -226 21 -226 -25 -227 -29 -256 -38 -226 -46 -256 -19 -223 -6 -225 142 -32 121 47 104 31 -216 41 -272 32 -282 32 -302 35 -196 53 -208 60 -328 52 -336 33 76 105 24 45 22 36 17 15 -64 -96 -5 -79 -14 -96 20 -80 -27 -79 -37 -79 -305 -157 -239 -96 -245 -96 -147 24 -211 -99 -328 -235 -195 -224 -80 -32 -300 30 -396 -110 -443 -80
256 -105 248 -105 240 -105 219 -109 237 -102 205 -107 87 -248 217 -94 174 -117 66 -248 175 -121 52 -247 -95 -301 -104 -65 -112 -60 -105 -215 177 -39 103 -121 20 -267 10 -248 33 -232 76 -112 69 -107 62 -109 54 -109 47 -109 40 -109 28 -114 20 -109 16 -110 7 -110 1 -110 130 -70 128 26 -261 29 -154 88 -20 24 -26 25 -2 22 -244 84 -210 41 100 92 -336 24 -312 40 32 42 24 40 36 39 -25 -56 15 -40 46 -105 -134 -198 -149 -232 -153 -108 -168 -105 -33 -88 -69 -7 -80 -58 -213 -108 -330 -248 -208 -93 -215 -103 -219 -103 -110 -168 -151 -71
401 -51 257 -206 238 -240 169 -239 102 -255 95 -256 87 -256 79 -255 71 -256 66 -255 336 -180 47 -256 126 -131 144 -118 132 -117 17 -255 7 -254 105 -239 271 -53 264 -53 252 -54 232 -52 190 -72 179 -72 186 -50 196 -49 174 -47 198 -52 191 -52 171 -55 127 -96 147 -47 133 9 -76 16 0 15 -6 15 -38 16 -72 16 -176 95 -182 64 -177 16 -268 25 -320 24 -326 17 0 0 16 26 16 28 7 8 0 0 -17 -112 -144 -112 -153 -111 -162 -114 -168 -114 -1 -88 -88 17 -45 15 -213 -118 -330 -256 -221 -114 -224 -114 -230 -239 -100 -48 -317 15
401 5 344 -68 336 -73 397 -45 400 -112 222 -214 114 -249 80 -256 75 -261 63 -263 55 -264 48 -264 44 -259 117 -249 109 -247 139 -248 324 -114 264 -56 236 0 231 8 219 0 212 0 156 -7 198 8 192 8 184 3 176 0 156 -8 129 -42 -207 7 -47 7 -61 8 17 9 -8 40 -5 71 -64 10 -29 16 -40 6 -144 23 -174 72 -208 31 -262 9 -336 8 -344 9 0 -4 0 0 1 0 0 -1 0 0 65 48 -1 -56 -157 -247 -290 -248 -167 -118 -2 -188 -96 -110 -88 -121 -212 -124 -328 -264 -194 -250 -94 -85 -298 8 -399 -153 -401 -176
384 -10 402 15 390 14 378 1 319 -79 360 -64 366 -70 333 -97 327 -97 358 -120 352 -120 350 -128 299 -65 305 15 -88 -1 76 0 192 0 152 6 -82 72 -52 0 -48 1 -8 20 -176 8 -168 1 1 0 -156 64 50 0 120 47 80 1 0 0 0 0 -24 0 0 0 -48 14 -1 1 -8 0 -193 63 -136 15 -182 -3 -214 16 -208 40 -312 4 -208 47 -344 -1 65 64 25 25 0 0 0 0 0 -2 -9 -18 0 0 -6 -39 -34 -65 -57 -88 -40 -96 5 -193 -10 -128 -192 -222 -244 -254 -217 -255 -121 -93 -169 -95 -375 -145 -405 -127
383 9 380 7 416 60 362 9 344 -8 343 -17 358 6 351 7 345 6 328 3 304 -17 292 -17 306 24 91 -8 190 -8 200 -8 128 -8 -8 55 -80 60 -23 55 -31 25 -88 24 -126 56 -124 56 -80 24 125 32 48 -10 32 -7 46 -8 104 56 106 55 -8 39 32 56 -6 -8 -24 -7 -10 -8 -160 52 -228 55 -8 -7 -212 -8 -32 -8 -200 -8 -193 25 -326 0 -352 -9 24 28 -18 -10 11 8 1 0 -8 -16 0 -8 -56 -87 -16 -47 -34 -72 -48 -72 -30 -76 -34 -80 -19 -199 -81 -105 -88 -106 -96 -105 -99 -103 -80 -70 -90 -72
0 -1 372 -4 46 -14 392 48 352 0 346 -1 336 4 320 -8 320 2 312 -1 304 -2 296 16 32 15 -48 52 240 46 -56 56 0 63 -43 17 -86 48 -25 48 -48 15 -98 56 114 -16 88 -16 64 -17 24 -16 16 -17 -12 -16 0 -16 8 32 -16 -17 38 -1 -16 49 -74 16 0 16 -18 -16 -64 -16 8 -16 -34 -17 -40 -15 -256 56 -206 -18 -232 -15 -216 17 -352 -12 -297 -7 -368 2 4 0 -1 0 -8 -20 -16 -24 -7 -4 -14 -13 -72 -95 -112 -145 -64 -79 -42 -80 -43 -81 -64 -88 -73 -138 -78 -88 -72 -85 -84 -80 -94 -80
380 -8 376 -8 48 -16 360 -6 346 -8 336 -11 336 -9 368 46 -64 -24 -8 -15 312 16 -35 -6 -32 -15 -61 40 0 0 -12 -12 196 0 -72 39 -48 38 116 -24 144 -26 128 -24 103 -25 18 -24 72 -24 21 -8 32 43 64 8 -1 -1 -48 56 -32 24 -56 42 0 23 -40 3 -21 1 -24 9 -72 -24 -84 -22 -46 -24 -92 -24 -22 -24 -272 40 -208 12 -216 -14 -338 -24 -344 -24 -313 -15 -360 -27 -32 -24 -16 -22 -8 -22 -16 -16 -32 -34 -23 -16 -84 -103 -89 -104 -48 -63 -80 -88 -86 -88 -56 -87 -91 -88 -76 -82 -112 -88 -111 -87
386 -16 368 -36 356 -43 368 0 338 -32 340 -15 332 -15 321 -19 -11 -21 -16 -24 -60 -32 40 -4 37 -25 -104 -25 0 0 -28 65 0 4 -8 -24 -15 15 148 -34 113 -33 104 -31 76 -32 72 -32 32 -33 21 -16 16 -32 -28 48 0 -16 -40 33 -2 0 -8 8 0 0 -24 0 0 1 -24 16 -23 -29 -40 -32 -80 -30 -88 -32 -52 -32 -79 -33 4 0 -232 -20 -224 16 -258 -1 -368 -32 -321 -23 32 28 0 0 -16 -16 -37 -33 -27 -32 -40 -50 -36 -24 -34 -22 -106 -103 -128 -161 -92 -95 -82 -95 -88 -94 -98 -95 -182 -176 -170 -164
367 -48 380 -24 360 -24 392 22 394 24 344 -10 331 -23 282 -56 1 -32 -52 -36 48 -7 39 -9 -96 -40 24 8 -70 24 -71 23 -64 32 160 -40 112 -42 205 40 -64 40 128 -36 128 -38 40 -38 64 -32 84 -10 -3 -12 21 -12 -4 -24 6 8 16 6 -25 -7 32 -12 -48 -25 -20 -40 -8 -32 -32 -40 -40 -40 -33 -39 -41 -40 -264 28 0 0 -176 -40 -228 -24 -224 -30 -336 -37 -304 -32 -376 -39 -384 -42 26 24 -31 -45 -26 -40 -32 -45 -32 -40 -48 -51 -44 -33 -47 -31 -55 -39 -116 -120 -121 -119 -130 -120 -137 -119 -148 -121 -174 -105
384 -32 368 -46 398 9 361 -15 350 -18 344 -18 11 -40 328 -16 0 -40 56 -17 48 -16 40 -18 -80 -45 -104 -47 -48 17 -72 31 0 0 -89 15 -48 -32 -96 15 -32 13 125 -48 80 -50 40 -44 136 16 24 -34 65 -16 8 -32 0 0 -5 24 16 -18 -8 -16 -16 -2 -8 0 -66 -48 -64 -48 -24 -46 -72 -44 -84 -48 -88 -48 -48 -49 -58 -48 -16 -8 -248 -32 -290 20 -264 -16 -240 -13 -376 -47 -384 -48 -338 -41 -20 -32 -41 -53 -32 -50 -48 -48 -48 -52 -61 -63 -69 -68 -72 -60 -64 -44 -71 -50 -129 -127 -156 -116 -96 -51 -102 -42
372 -61 370 -51 344 -64 392 8 322 -60 372 8 16 -55 -56 -40 64 -25 56 -8 54 -6 64 -8 16 -25 168 -57 176 -56 -40 -52 -1 0 141 -58 -49 7 168 -41 107 -55 152 -16 90 -56 89 -55 64 -58 40 6 48 8 -9 -23 4 -40 -48 24 16 -56 -14 -32 0 -39 -28 -20 9 -15 -4 -47 -64 -56 -72 -56 -84 -55 -88 -52 -16 -54 -53 -57 -112 -56 -42 -56 -288 16 -200 -42 -242 -46 -360 -48 -384 -56 -378 -56 -343 -45 9 6 -32 -40 -46 -44 -60 -55 -66 -55 -64 -61 -63 -55 -70 -55 -76 -48 -78 -47 -88 -48 -94 -47 -108 -48
386 -46 384 -44 360 -48 392 0 -19 -65 90 -32 64 -34 48 -48 0 0 51 -66 16 32 248 -32 0 0 -24 32 16 -64 0 0 142 -64 -66 0 112 -64 123 -65 111 -63 40 -64 96 -60 72 -64 27 -63 24 -49 8 -24 -10 -32 32 -32 4 -14 16 -63 8 -36 0 -49 24 -36 2 0 -65 -64 -80 -64 -80 -64 -48 -64 -88 -57 -64 -65 -70 -64 -38 -65 -24 -32 0 0 -203 -57 -368 -60 -354 -56 -354 -48 -376 -63 -400 -65 -408 -49 0 -4 -72 -98 -48 -49 -56 -46 -62 -52 -83 -65 -80 -82 -88 -70 -104 -84 -91 -63 -96 -64 -108 -54
392 -53 367 -71 364 -69 403 -9 0 -32 80 -65 80 -62 7 -8 48 -40 224 -73 -24 -8 -23 -8 232 -55 152 -74 207 -27 -58 -8 144 -72 96 -72 82 -69 72 -65 60 -72 88 -74 73 -73 68 -73 64 -71 -8 -7 -16 -8 40 -40 48 -40 -24 -72 -16 -56 3 -40 0 -72 -42 -56 -14 -72 -24 -72 -32 -66 -44 -72 28 -26 -28 -70 0 -28 -72 -74 -16 -30 -37 -1 -96 -73 -264 25 -242 -40 -234 -40 -384 -71 -376 -48 -400 -70 -408 -72 -416 -72 -48 -57 -16 -12 -56 -54 -64 -58 -70 -70 -80 -82 -94 -92 -96 -90 -94 -70 -100 -76 -109 -64
376 -81 370 -80 386 -39 39 -72 32 -79 82 -68 48 -45 60 -63 64 -80 -8 0 80 -66 186 -81 64 -81 -48 -4 -32 14 7 -22 144 -80 120 -80 112 -71 106 -80 112 -48 88 -66 84 -32 62 -28 0 -1 26 -59 16 -63 32 -48 24 -49 -8 -80 -16 -60 -8 -64 -23 -15 -45 -1 -40 -21 -13 -79 -18 -79 7 -83 -80 -80 -42 -80 -96 -76 -105 -77 -32 -81 -66 -80 0 0 -304 -17 -304 -8 -322 -8 -254 -64 -266 -49 -272 -48 -377 -74 -403 -80 -360 -69 -432 -80 -65 -67 -64 -65 -80 -80 -80 -72 -80 -72 -101 -100 -107 -100 -100 -72 -122 -100
385 -94 400 -71 360 -92 360 -72 344 -73 -40 -78 -48 -80 56 -54 64 -80 56 -57 -80 -88 24 -73 -40 -16 9 -7 187 -89 95 -88 147 -72 122 -88 112 -57 66 -88 61 -88 56 -71 80 -56 41 -40 70 -8 61 -66 54 -8 48 -10 -9 -72 -12 -72 16 -32 8 -41 -32 -88 -26 -24 -64 -86 -64 -88 -32 -90 -32 -88 -208 -8 -32 -88 -66 -89 -60 -88 -14 -64 -68 -84 -71 -80 -41 -87 -80 -86 -104 -88 -62 -48 -264 -54 -272 -40 -296 -72 -288 -54 -298 -55 -416 -92 -60 -70 -62 -68 -72 -88 -76 -92 -89 -100 -84 -79 -90 -84 -96 -82 -108 -80
348 -174 322 -164 360 -96 364 -80 384 -33 24 -94 -48 -96 -56 -96 60 -84 88 -75 -24 -32 8 -65 -48 -16 200 -95 16 -33 134 -88 94 -94 121 -96 111 -96 95 -96 96 -66 54 -63 96 -81 80 -64 64 -34 50 -36 16 -48 96 -32 32 -17 -8 -63 15 -67 -56 -31 0 -94 -78 -16 -40 -32 -25 -96 -64 -92 -18 -96 -37 -95 -22 -92 -48 -96 -104 -96 -72 -96 -71 -96 -100 -96 -138 -96 -104 -96 -92 -89 -336 -34 -296 -16 -257 -95 -328 -88 -312 -94 -308 -64 -415 -81 -65 -87 -72 -81 -82 -97 -72 -88 -88 -106 -96 -114 -86 -95 -94 -96 -104 -99
334 -236 326 -236 372 -109 352 -102 348 -88 23 -95 -48 -86 -45 -99 -64 -104 56 -72 50 -88 24 -72 -40 -40 19 -104 -48 -6 214 -72 160 -98 84 -104 80 -104 86 -76 96 -89 72 -81 80 -79 68 -44 58 -44 24 -79 47 -41 40 -41 -32 -38 24 -75 16 -76 8 -24 0 -58 -40 -88 -1 -87 -40 -40 -72 -103 -18 -104 -84 -104 -88 -104 -48 -103 -55 -103 -73 -104 -88 -56 -114 -72 -108 -104 -144 -104 -107 -103 -270 -25 -336 -32 -96 -102 -294 -70 -288 -70 -294 -96 -432 -104 -384 -96 -96 -108 -64 -104 -72 -108 -90 -112 -80 -98 -87 -105 -94 -105 -102 -106
416 -175 327 -243 376 -104 352 -112 352 -96 345 -81 336 -80 -56 -112 64 -104 48 -113 32 -84 -88 -112 32 -104 0 -110 160 -112 145 -110 144 -113 151 -105 136 -80 85 -85 64 -95 60 -88 79 -49 77 -33 56 -53 52 -48 40 -53 32 -53 24 -53 16 -53 8 -53 8 -48 8 -32 0 -80 -56 -64 -56 -80 -32 -48 -80 -104 -113 -45 -120 -46 -96 -112 -72 -80 -152 -32 -88 -88 -113 -111 -108 -84 -161 -112 -120 -112 -320 -36 -276 -96 -320 -84 -316 -80 -290 -104 -404 -112 -416 -111 -440 -111 -16 -48 -81 -125 -73 -111 -89 -127 -80 -103 -88 -109 -94 -107 -104 -115
384 -247 378 -186 386 -122 354 -140 344 -120 334 -122 335 -103 364 -58 -64 -120 -72 -120 -60 -112 -68 -111 16 -88 -56 -52 192 -120 -37 -23 144 -120 79 -119 113 -75 56 -40 64 -97 98 -40 72 -61 64 -61 56 -60 48 -61 40 -61 36 -57 24 -61 16 -61 8 -60 0 -61 -8 -61 -12 -56 -10 -40 -16 -39 -36 -40 -140 -41 -80 -104 -56 -92 -66 -88 -104 -72 -70 -41 -120 -80 -96 -72 -80 -88 -142 -118 -153 -117 -289 -24 -266 -89 -280 -110 -408 -120 -304 -88 -424 -120 -432 -120 -440 -110 -64 -102 -72 -112 -71 -123 -88 -138 -83 -111 -90 -112 -150 -200 -179 -249
