0 0 0 0 1 0 0 0 1 0 0 0 0 0 0 0 0 0 0 0 0 0 1 0 1 0 0 0 0 0 0 0 0 0 0 0 0 0 1 0 -1 0 80 53 21 6 -2 0 56 43 -1 0 0 0 0 0 1 0 -3 0 0 0 0 0
1 -1 0 -1 0 -1 0 -1 0 -1 -1 -5 0 -3 0 -2 0 -1 0 -2 7 1 131 103 -19 -5 -18 -1 -23 -4 -33 -7 0 -1 0 -2 0 -1 -5 -4 14 4 29 10 -5 -5 17 9 54 40 7 5 36 21 11 10 19 0 16 -3 -10 -6 -1 -2
0 -1 0 -1 0 -1 0 -1 0 -1 0 -1 0 -3 0 -1 0 7 0 -2 137 149 134 121 -91 86 0 0 125 167 0 -1 0 -1 0 -2 0 -1 -1 -2 -13 -10 16 5 24 6 51 46 1 0 20 18 25 30 28 18 22 6 14 -9 -1 -1 -19 -5
0 -1 0 -1 0 -1 0 -1 0 -1 0 -1 0 -1 0 -1 0 4 0 1 -57 73 2 -2 0 -3 -68 139 1 3 -1 1 1 -1 0 -1 1 -1 1 -1 2 -1 1 -1 0 -1 2 0 -1 -2 35 36 39 31 -12 -16 20 4 15 -11 -5 4 -7 -1
0 -1 0 -1 0 -1 0 -2 0 -1 0 -1 0 -1 0 -4 0 1 0 -1 -68 107 16 -17 -1 -2 -17 10 -84 85 1 -1 1 -1 2 -1 2 -1 2 -1 2 -1 1 -1 1 -1 1 -1 1 -1 44 37 -48 -27 9 11 -3 -2 -13 -16 -1 -5 -38 -22
0 -1 0 -2 0 -2 2 1 2 0 0 -1 0 -1 0 -3 0 0 0 1 0 -2 -51 126 -84 88 -9 13 1 -1 1 -2 47 -3 2 -1 2 -1 2 -1 2 -1 1 -1 1 -1 1 -1 1 -1 1 -1 20 18 12 10 -10 -13 0 -4 -44 -34 -50 -37
0 -1 0 -2 1 -2 0 -2 3 1 0 -1 0 -1 0 -3 0 0 0 -8 -12 123 7 -8 -37 88 0 0 1 -1 1 -2 1 -2 1 -2 1 -2 3 -2 2 -1 2 -1 1 -1 1 -1 2 -1 1 -2 37 33 32 22 -11 -12 -26 -35 2 -3 -46 -40
0 -2 7 -1 -6 -2 -12 -2 5 -1 -8 -2 0 -2 0 -2 0 -3 0 0 24 -11 -1 -11 -35 79 1 -2 2 -3 2 -2 2 -1 2 -2 2 -1 2 -1 2 -1 45 64 2 -1 1 -1 1 -1 1 -2 1 -2 1 0 -26 -32 -6 -10 -45 -38 -1 -3
5 -1 -4 -2 -7 -2 -6 -2 -10 -2 1 -1 -6 -1 0 -2 0 0 0 -6 -44 68 0 -9 -1 -8 1 -2 2 -2 2 -2 2 -2 2 -2 2 -2 2 -2 1 -2 2 -1 -164 114 1 -2 2 -1 1 -2 1 -1 -3 -6 18 13 12 2 -43 -39 -41 -36
9 -1 -5 -2 -7 -2 -9 -2 -10 -2 -5 -2 -6 -2 0 -2 0 0 0 -11 15 71 -39 66 -18 -27 1 -1 -1 12 2 -2 2 -2 2 -2 1 -3 2 -2 -107 19 54 106 2 -2 1 -2 2 -2 1 -1 1 -1 0 -2 -5 -5 14 6 -54 -50 -49 -47
0 -2 -2 -2 -8 -2 -6 -2 -4 -2 -2 -2 0 -2 -2 -2 0 -2 0 -2 0 83 -6 -26 0 2 2 -2 1 -3 2 -2 2 -2 1 -2 2 -2 2 -1 2 -2 2 -2 36 45 2 -1 1 -2 1 -2 1 1 30 21 -1 -3 2 -1 -8 -6 -16 -12
1 -2 -2 -2 0 -2 0 -2 -1 -2 1 -2 -1 -2 0 -2 0 -2 0 35 0 -1 -36 21 1 0 1 -2 2 -3 1 -1 1 -2 2 -2 2 -2 2 -2 2 -1 1 -3 50 64 1 -3 1 -2 1 -2 1 -1 0 -2 18 11 -11 -14 -1 -3 -28 -24
0 -3 -2 2 224 93 190 53 0 -1 51 28 39 51 28 83 33 63 -1 37 0 23 -37 11 1 -2 1 -2 2 -2 2 -2 2 -2 2 -2 1 -1 2 -1 1 -2 2 -1 1 -2 2 -2 2 -1 1 -2 1 -2 10 8 5 7 7 1 -20 -18 -10 -9
0 -2 90 -87 37 74 1 -8 60 -38 52 69 40 30 0 0 0 -13 1 -5 -11 22 -1 0 1 -2 2 -2 2 -2 2 -2 2 -2 2 -2 2 -2 2 -2 1 -2 1 -2 1 -1 1 -3 1 -2 1 -2 1 -2 10 12 23 18 -15 -15 -225 137 0 -2
0 -1 11 -19 9 -22 0 2 45 -73 -1 -19 0 13 33 60 32 46 0 1 -1 30 -37 8 1 -2 1 -2 2 -2 2 -2 2 -2 2 -2 2 -2 2 -2 2 -2 -69 -77 1 -2 2 -1 1 -2 0 -1 1 -2 11 15 10 6 -215 110 3 -1 -234 131
0 -4 -2 0 0 -14 50 -96 -1 -11 -2 -11 23 26 22 -74 11 33 0 1 -10 -17 -48 -30 0 5 1 -2 1 -2 2 -3 2 -2 2 -2 2 -2 2 -2 2 -2 1 -2 -160 54 1 -2 1 -2 1 -2 1 -2 -200 67 -5 -9 -2 0 -20 -18 -22 -18
1 31 11 7 10 -26 -1 11 11 13 49 18 38 30 -15 11 -23 -22 -1 -8 0 -6 -2 42 1 5 1 -2 2 -3 2 -3 2 -2 2 -2 2 -2 2 -2 1 -1 1 -1 0 -1 1 -1 1 -2 1 -2 1 -3 0 -7 -4 -4 -12 -8 -10 0 -20 -11
1 24 12 -19 0 -31 -1 4 2 -45 16 -28 -1 0 1 -2 1 2 -1 -1 -10 -12 -48 -13 1 1 1 -2 2 -3 2 -5 2 -2 2 -1 2 -2 1 -2 2 -3 2 -2 2 -38 1 -2 1 -2 1 -2 3 18 -124 -120 1 0 -1 14 -17 -14 -233 64
0 -5 20 -44 0 -6 -1 -3 33 16 0 -2 1 -2 1 -5 -1 6 23 30 -9 -13 -34 -38 1 -1 1 -2 2 -2 2 -2 1 -2 2 -2 1 -2 1 -3 1 -2 1 -2 1 -2 1 -2 1 -2 1 -2 1 21 19 30 23 32 -1 14 -9 9 -11 -12
0 -6 89 -116 39 -9 0 -1 1 -2 21 -12 37 -101 0 -3 1 -10 -32 -26 1 -68 -1 -8 -33 -41 1 -2 2 -3 2 -3 1 -2 2 -3 2 -2 1 -1 1 -2 1 -1 0 -10 1 -2 1 -2 -1 1 0 6 -127 -131 -1 -13 10 -3 -15 16 -19 1
30 47 20 -9 1 -1 0 -1 -3 -8 -13 -45 4 -14 48 -140 0 -7 54 -39 -10 -38 0 8 -54 -57 1 -2 1 -2 1 -3 2 -2 2 -2 1 -3 1 -2 1 -2 2 -2 1 -2 1 -3 1 -1 -155 -14 -1 -1 -1 0 2 -4 -206 7 6 10 -23 -18
0 2 19 -9 0 3 203 -2 -1 -3 2 10 34 -141 46 -149 1 -4 126 -15 -34 -63 0 4 -20 -91 1 -3 1 -3 35 -61 -1 -2 2 -3 1 -2 1 -1 1 -2 1 -2 0 -1 1 -3 0 -2 1 -1 -186 -28 -142 -155 -1 -24 0 -4 -2 -11 -23 4
0 6 18 6 9 -1 212 -43 -1 -9 -23 -60 -10 -9 0 4 0 -1 25 -128 -35 -38 5 -92 -1 -3 1 -2 1 -4 1 -3 1 -3 1 -3 1 -3 1 -2 1 -1 2 -3 1 -2 1 -3 0 -1 0 -3 0 -3 -110 -158 -2 -37 1 -3 -6 4 -12 -18
0 -2 11 -3 -1 6 0 1 62 -159 59 -161 1 0 -48 -74 13 -5 -19 -42 1 -6 -6 -132 -36 -92 1 -3 1 -3 0 -4 1 -3 1 -3 1 -3 1 -3 1 -3 1 -2 7 -33 1 -3 0 -2 -1 7 1 -2 -2 -4 -203 -23 -222 -11 0 0 -32 -42
0 -6 0 -1 0 -4 0 -7 -4 -29 0 -2 -1 -3 0 -3 0 -3 0 -3 0 -3 1 -3 -12 -1 1 -3 1 -3 1 -4 0 -3 1 -3 1 -3 1 -3 1 -3 1 -3 3 -6 0 -2 0 -2 1 -2 0 -3 2 -2 0 -3 0 -3 -121 -169 -1 -1
0 2 11 1 0 1 1 -2 -21 -30 -33 -106 0 -3 0 -3 5 -4 176 12 -4 -3 1 -3 1 0 -2 0 1 -3 0 -4 1 -4 2 -4 1 -3 1 -3 1 -3 2 -5 4 -7 -4 5 4 -2 -3 -13 -1 -4 -1 -9 -2 0 0 -3 0 -3 -25 -16
1 3 1 -1 232 -81 205 -84 -22 -39 1 -4 0 -3 51 26 121 21 118 6 -3 -8 155 35 4 -9 1 33 0 -2 0 -2 0 -4 0 -4 0 -3 2 -4 2 -4 -1 -2 2 -6 1 -4 0 -3 15 -7 0 6 0 -3 -170 -5 -153 29 -175 20 0 -3
0 -3 0 3 215 -105 224 -85 -1 0 3 -7 168 -6 128 -2 31 22 -3 0 102 25 1 -3 0 -3 66 30 1 -4 1 -6 0 -4 1 -3 0 -3 0 -3 0 -3 1 -3 -1 0 59 -2 -169 -174 2 -3 0 -3 0 -4 -151 -1 -1 15 -3 25 -5 24
7 19 -6 -21 0 -2 -5 -1 0 -3 1 -3 185 17 11 3 107 21 164 -13 -8 -7 150 19 0 -3 -34 24 0 -3 0 -2 0 -3 1 -3 0 -4 1 -3 1 -3 -1 0 -2 2 -121 2 1 -1 -3 -14 0 -3 -131 3 16 -8 -160 -8 -2 -4 0 -5
6 16 1 -1 -10 -6 0 -2 0 -3 -1 3 28 -7 165 3 178 -10 174 -7 14 -11 0 -3 134 10 -17 -13 0 -3 0 -2 0 -3 0 -5 0 -3 0 -3 0 -3 2 -7 -107 -10 -125 -17 29 -3 0 -2 0 -3 11 -7 0 -3 0 -17 -179 -3 -5 3
1 0 -1 -7 0 -6 0 -2 0 -2 1 -3 25 -21 50 -5 -6 3 8 -30 -19 3 2 -46 -11 -41 0 -3 0 -2 1 -4 1 -4 0 -3 0 7 1 -4 0 -3 -1 0 0 -4 -13 4 0 -3 0 -3 0 -2 0 -2 -9 -15 -9 -4 6 -19 -13 6
0 -2 0 -3 0 -3 0 -3 0 -3 199 -19 191 -9 17 -18 182 -27 -8 -28 163 -14 148 -12 -17 -50 1 -5 0 -2 -1 -2 -1 -1 0 -2 0 0 0 -2 0 -2 2 -7 50 -25 -13 -4 -113 -37 0 -3 -132 -31 1 0 -1 -2 -124 -20 -1 -5 -171 -46
