0 0 0 0 0 0 0 0 0 0 1 10 0 0 0 0 0 0 0 0 0 0 -1 0 -6 0 0 0 1 0 0 0 0 0 0 0 0 0 -1 0 1 0 21 0 9 0 -12 1 11 10 37 39 40 33 -1 0 -1 0 0 0 0 0 -20 1
1 0 0 0 0 0 0 0 0 0 -2 -6 0 -2 0 -2 0 1 0 -1 8 3 0 0 1 0 6 3 0 0 1 1 0 0 0 0 0 0 58 39 11 5 55 39 46 36 18 14 27 22 0 3 21 23 29 10 1 -2 1 -2 2 4 -3 5
0 0 0 0 0 0 0 0 0 0 0 0 0 0 0 -1 0 1 -60 77 7 1 138 159 1 0 -12 14 0 2 0 1 0 -1 0 0 0 0 -2 -1 0 1 1 1 44 35 37 35 16 13 -14 -8 26 31 -12 -10 0 -1 1 -12 -20 -5 -26 -13
0 0 0 0 0 0 0 0 0 0 0 0 0 0 0 -1 0 1 -68 121 27 -2 0 1 -2 4 -70 143 -24 9 0 0 0 0 0 0 0 0 0 0 0 0 0 0 0 0 0 0 -2 -2 2 3 -50 -22 29 18 3 1 -6 -14 2 -4 -14 5
0 0 75 201 0 0 0 -1 0 0 0 0 0 0 0 0 0 9 0 1 128 128 3 -1 -37 154 -18 9 0 0 0 0 0 0 1 -1 0 0 0 0 0 0 0 0 0 0 0 0 0 0 -14 -10 -5 -8 -27 -22 -50 -31 -9 -12 -42 -29 -2 -2
0 0 -1 -1 0 -1 169 167 -2 -3 0 0 0 0 0 -2 0 3 0 -1 0 -3 16 -16 -7 8 -71 106 0 0 0 0 0 0 0 0 1 0 0 0 0 0 0 0 0 0 0 0 0 0 0 0 -54 -32 -10 -11 -11 -14 -5 -7 -44 -32 -13 0
0 -1 0 -1 1 0 0 0 -6 -4 0 0 0 0 0 0 0 0 0 -3 123 99 -17 133 0 -3 0 0 0 0 0 0 0 0 0 0 1 0 0 0 1 0 1 0 0 0 0 0 0 0 0 0 16 18 -29 -29 -37 -33 -27 -31 -56 -43 0 3
0 0 -1 0 -4 0 -9 0 -4 0 -8 0 0 0 0 0 0 12 0 -7 0 -9 1 11 -6 13 0 1 0 0 0 0 1 0 0 1 0 1 1 0 50 109 0 -1 0 0 0 0 0 0 0 0 13 16 -11 -13 -4 -3 -38 -38 -56 -44 -56 -41
8 1 -5 0 -3 0 -5 0 -9 0 -4 0 -7 0 0 0 0 -4 -4 89 -20 60 1 6 -4 7 1 -1 1 0 0 0 2 24 0 0 0 0 -65 59 0 -1 -160 55 0 0 0 0 0 0 0 0 1 4 12 14 4 4 -2 -1 -42 -35 -42 -31
9 1 16 1 -7 0 -9 0 -8 0 -8 0 -11 0 0 0 0 1 -25 19 0 -2 -1 0 1 -1 1 -1 1 0 0 0 0 0 0 0 1 1 0 1 0 -1 -135 93 0 0 0 0 0 0 0 0 0 1 14 15 -4 -2 15 9 8 7 -29 -18
0 0 0 0 -11 0 -12 0 -13 0 17 1 -10 0 -5 0 0 0 9 -1 -11 12 -6 -20 1 -3 1 0 0 1 0 0 1 0 0 0 0 0 0 0 0 0 0 0 0 0 0 0 0 0 0 0 0 1 16 15 -8 -7 6 2 -31 -28 -1 0
0 -1 223 82 229 85 0 2 -1 7 -3 0 40 19 -3 0 0 0 1 16 -12 17 -39 24 0 1 1 0 0 1 1 0 0 0 1 0 1 0 0 0 0 0 0 0 0 0 0 0 0 0 0 0 0 0 22 14 2 1 0 1 8 7 -30 -22
0 2 -1 4 35 89 57 -70 -3 41 33 52 39 49 6 38 4 35 1 5 -1 -7 0 0 0 0 0 0 1 0 1 0 0 0 1 0 1 0 0 -1 -109 34 0 0 0 -1 0 0 0 0 0 0 0 0 0 2 24 17 0 0 -8 -3 -30 -22
0 -2 34 90 93 -82 0 0 -1 12 18 3 38 14 -22 -9 10 38 0 -14 -1 27 0 0 0 0 0 0 0 -1 0 0 1 0 0 0 0 0 0 0 44 34 1 0 0 -1 0 0 0 0 0 0 0 0 21 18 4 7 -14 -15 -21 -15 -19 -10
0 -2 2 -15 0 -8 0 31 60 -48 -2 -10 39 -28 -21 -14 -1 -1 10 -26 -1 25 -1 41 0 0 0 0 0 0 0 0 1 0 1 0 1 0 0 0 -96 41 0 -1 0 0 0 0 0 0 0 0 0 0 -211 74 -210 89 0 -1 -10 0 -20 -12
0 -3 9 -5 44 63 0 -2 1 -27 49 40 1 -8 35 -41 0 -5 1 4 0 23 -34 -18 0 0 0 0 0 1 0 0 0 0 1 0 0 0 0 0 0 0 0 0 0 0 0 1 0 0 0 0 -131 -106 21 14 0 -2 -11 -9 -5 -1 -224 95
29 58 -2 2 37 31 0 14 2 -36 14 -10 37 21 -16 13 11 34 -1 -25 0 12 -14 -61 0 -1 0 0 0 2 0 0 0 0 0 0 0 0 1 0 0 0 0 1 0 0 0 0 0 0 0 0 0 2 13 26 14 9 -15 -9 -18 -3 -224 87
2 26 -1 13 -1 -11 0 3 2 -38 1 3 2 -1 -17 17 -31 -42 -1 4 -1 -55 -17 12 0 1 0 0 0 -1 0 1 0 -1 -24 -44 0 0 0 0 0 0 0 0 -1 2 0 0 0 0 0 0 0 2 24 51 2 7 -1 -3 -19 -17 -5 -10
0 -20 0 -1 38 12 29 9 26 -12 57 -102 157 -3 31 -108 -1 20 -31 -24 0 9 -13 -92 0 1 0 0 1 0 0 0 0 1 1 0 0 0 -1 1 -3 9 0 1 0 1 0 0 0 0 -156 -4 -158 10 25 43 13 15 -211 26 -4 -3 -157 -133
27 30 0 1 -1 1 16 35 -3 -5 0 1 0 1 -21 29 0 0 0 1 -8 -27 -49 -42 0 0 0 1 0 0 0 0 1 0 1 0 0 0 0 0 0 1 0 0 0 0 0 1 0 1 1 0 -157 -6 0 1 0 -14 -3 21 -12 24 -8 -11
1 3 34 26 -1 1 222 11 -25 -29 21 25 6 -16 -36 -48 -31 -71 -31 -23 1 -6 -1 -45 -2 -5 0 0 0 0 1 0 1 0 0 0 -13 24 0 1 0 1 1 0 -1 2 0 0 0 1 -1 -1 -161 1 4 -13 10 -10 0 20 -19 -10 -21 5
0 0 18 -6 231 -14 205 -34 1 9 -14 -23 -34 -36 0 8 -31 -78 24 -117 -33 -40 0 -19 -33 -61 0 1 0 1 3 0 1 0 1 0 0 1 1 0 -148 69 0 0 0 0 0 0 0 0 1 2 -123 -109 -132 -140 -1 -22 0 0 -12 9 -12 -24
7 20 19 11 214 -39 205 -42 2 12 47 -141 0 12 -46 -78 0 -3 -18 -39 -38 -36 -13 -127 -2 -9 0 0 0 0 1 0 1 0 1 1 0 1 20 -99 0 0 -11 18 0 0 0 0 0 0 1 2 1 1 -159 10 -1 -3 2 -7 -235 -63 -33 -42
0 2 -6 -16 -1 6 1 1 -29 -33 12 -19 167 -29 -49 -71 -34 -82 -58 -34 -1 0 -1 0 -8 1 0 0 0 -1 0 0 0 -1 0 1 1 0 1 -1 9 -14 -2 4 0 0 0 0 1 -3 -3 -3 -3 -2 0 0 0 0 -227 -74 -25 -41 -231 -94
21 33 -6 -18 0 -5 0 -9 185 -50 0 0 0 0 0 0 0 0 -5 1 0 0 -5 1 -2 1 96 28 0 0 1 0 0 0 0 0 1 -1 -1 0 -8 7 -1 1 -1 1 1 -3 -1 2 -5 1 -6 0 1 0 0 0 0 0 0 0 -227 -103
0 -5 -7 -20 -1 -1 0 2 202 -41 0 0 -2 2 0 -1 184 17 3 -4 151 42 -1 0 -2 0 1 -1 -1 -1 0 0 0 0 0 0 0 -1 1 -1 0 0 0 0 1 -2 2 -4 -3 0 0 0 9 -4 19 48 -151 29 -159 20 -2 -1 0 0
8 17 -1 -7 8 6 -9 -16 -11 -34 0 0 0 -1 185 -3 167 -3 -8 39 160 9 -1 0 0 1 77 30 -1 2 0 0 0 0 0 0 0 0 0 0 0 0 -1 1 0 0 0 7 -1 0 0 -1 0 0 -2 6 12 8 -53 18 0 24 -179 -10
6 27 1 -8 0 -3 0 4 0 0 0 0 0 3 177 14 10 17 1 0 -1 0 -39 3 137 22 81 31 0 0 0 0 0 0 0 0 0 0 0 0 1 0 -1 1 -12 27 -127 23 -4 -3 0 -1 0 -1 -164 -3 -117 5 -173 1 -51 25 -59 20
6 18 -6 -21 -1 -1 0 0 0 0 62 -23 25 -4 129 -3 166 -22 -16 17 151 -13 -26 10 -11 23 0 -6 0 0 0 0 0 0 0 0 0 0 0 0 0 0 1 -3 1 -3 1 4 0 1 -1 0 0 1 -42 8 -149 -8 -173 7 -181 6 -13 -20
1 15 -8 -25 1 7 0 0 0 1 -2 12 186 -6 33 5 159 -20 6 -14 156 -27 2 15 117 -4 -19 14 0 0 0 0 1 -1 0 0 0 0 0 0 -2 4 -1 2 14 -8 -79 -24 0 0 1 0 0 0 10 -26 -145 -2 -50 -17 -183 12 -15 11
1 6 1 -3 215 -140 0 0 0 0 151 -14 177 -29 -2 -28 -4 8 112 7 130 -1 148 -26 -9 6 109 -13 0 0 0 1 0 0 -1 2 0 0 0 0 -1 2 -1 2 4 8 0 -1 -2 -20 0 0 -35 3 -135 -28 -1 1 -180 6 4 -3 -8 5
0 0 -7 -25 0 0 0 0 0 0 18 -41 16 -10 0 0 168 -41 162 -37 157 -17 155 -18 -53 -14 75 -27 0 -1 0 0 0 0 0 0 0 0 0 0 1 -3 -116 -32 36 -4 -9 -19 -112 -37 -2 -3 0 0 -44 -5 -2 -1 0 -1 -164 -47 -172 -46
