0 0 0 0 0 0 0 0 0 0 0 0 0 0 1 12 0 0 0 0 0 0 2 0 0 0 0 0 0 0 1 0 0 0 0 0 0 0 1 0 0 0 2 0 51 30 36 30 11 0 10 0 3 0 10 1 1 0 0 0 0 0 0 0
0 0 0 0 0 0 0 0 0 0 1 0 0 -3 0 -3 0 4 156 123 166 130 -1 -1 -2 0 112 106 -28 -5 -31 -7 0 0 0 -1 0 -1 10 4 55 31 2 -2 14 -3 -11 -2 34 26 26 25 40 16 16 10 5 2 1 2 -5 3 -16 1
0 0 0 0 0 0 0 0 0 0 0 0 0 -4 0 -1 0 5 -68 102 136 149 -6 -6 133 153 113 152 -34 -5 -45 -11 0 0 0 -2 0 0 -3 -3 -1 -3 31 12 -11 -7 13 7 26 24 21 21 18 13 0 -4 4 1 1 -6 -1 -9 -8 -9
0 1 0 0 0 1 0 0 0 0 0 0 0 -5 -1 -16 0 8 8 -7 137 146 150 148 150 168 0 0 -18 4 1 0 1 0 0 1 0 1 0 1 1 1 1 1 2 1 0 0 20 17 19 23 -15 -12 -2 -7 0 -4 -8 -12 -3 4 -20 -8
0 1 1 1 0 2 8 14 1 2 0 0 0 0 0 -1 0 8 0 -3 -44 132 129 145 -23 -13 -93 122 1 0 0 1 0 1 1 0 1 1 0 1 0 0 1 1 0 1 1 1 -1 0 -49 -28 12 15 -15 -17 -22 -25 -1 -3 -1 -1 -39 -30
0 1 13 10 181 174 1 2 0 0 0 1 0 1 0 -3 0 3 0 -4 1 2 -53 122 -72 95 -19 8 1 1 1 1 1 1 1 1 1 1 0 1 0 1 1 1 0 1 64 -40 0 1 0 0 5 4 -25 -27 19 -1 -15 -21 -2 -3 -29 -18
0 1 0 2 0 1 0 1 -19 -13 0 1 0 0 0 -3 0 18 0 -4 -32 93 118 118 1 -9 -1 4 1 1 1 1 1 1 1 1 1 1 1 1 0 1 1 1 0 0 1 1 1 1 0 0 -52 -36 11 10 -26 -29 14 -1 -4 4 -28 -18
0 1 -1 1 -1 1 -1 1 -1 1 -1 1 0 1 0 1 0 10 -20 73 -12 122 119 88 -7 6 0 1 0 1 1 1 1 1 1 1 1 1 1 1 1 1 1 2 1 2 1 1 1 1 0 0 19 22 -11 -15 20 10 1 1 -73 -48 -26 -18
10 2 -3 1 -3 1 -6 1 -4 1 -5 1 -4 1 0 0 0 4 8 4 -29 39 118 79 -10 -8 -1 3 0 1 0 1 1 1 1 1 2 0 1 1 1 2 1 1 1 1 1 1 1 1 0 0 29 30 11 11 -13 -13 -7 -9 -58 -48 -91 -62
9 2 16 2 -7 1 -8 1 15 2 -6 1 -9 1 1 1 0 2 8 -1 -34 50 117 73 0 2 0 2 0 1 1 2 1 2 -4 -5 1 1 -65 62 1 2 -133 119 1 2 1 2 1 2 0 1 -1 -4 22 18 3 3 6 -1 -22 -13 -64 -56
0 2 12 2 10 2 2 2 11 2 9 2 5 2 1 2 0 2 0 14 5 45 1 2 -20 67 0 2 1 2 1 2 1 2 1 2 3 74 1 2 0 2 0 2 1 3 1 2 1 2 0 2 0 1 22 16 -9 -10 -1 -2 -6 -2 -27 -19
7 129 223 83 225 71 28 87 0 2 1 2 1 2 -21 1 0 2 9 78 2 12 -15 -39 1 33 1 1 0 2 0 2 1 2 1 2 1 2 1 2 1 2 1 3 1 2 1 2 1 2 0 2 0 2 14 12 -10 -9 15 7 -5 -4 -11 -9
1 1 224 67 74 -72 49 -76 0 2 50 48 41 -9 41 -28 26 35 14 35 0 56 0 2 1 1 1 2 1 2 0 2 1 2 2 1 1 3 1 2 1 2 1 2 1 2 1 2 1 2 0 2 0 2 0 -1 -7 -4 0 1 -7 -4 -11 -7
0 1 -1 2 25 86 -9 35 0 -1 15 21 0 4 21 -41 0 -5 14 28 -9 -16 0 2 1 2 1 2 1 2 1 2 1 2 1 2 1 2 1 2 -107 35 0 2 0 2 0 2 1 2 0 2 0 2 0 -4 21 12 -12 -13 -237 127 -11 -8
0 -1 1 -1 -10 12 15 57 -4 17 36 -47 25 -42 -20 -18 11 40 12 -6 -12 13 -6 -48 0 2 1 2 1 2 1 2 1 2 1 2 1 2 1 2 -130 -5 1 3 1 2 0 2 0 2 0 2 0 2 15 9 21 16 8 -4 -6 -2 -2 -4
1 38 1 1 1 0 1 -11 -2 14 -1 8 40 -25 1 -19 10 42 9 44 0 -19 1 33 0 3 0 2 1 1 1 2 1 2 0 2 1 2 1 2 1 2 0 3 1 2 0 3 0 2 1 3 0 3 -199 69 20 9 0 -4 -22 -18 -25 -22
2 30 24 34 9 23 1 -8 61 -53 48 21 34 44 1 4 0 2 0 -34 1 -23 -6 44 0 4 1 2 1 1 1 2 1 3 0 2 1 2 1 2 1 2 1 2 0 2 0 2 0 3 0 3 5 25 22 8 22 10 0 -5 -22 -15 -233 80
2 25 49 37 38 34 0 -14 -1 -8 51 -54 1 3 -24 16 0 2 1 3 1 22 -28 -19 0 0 1 2 1 3 1 3 1 3 3 3 2 2 2 9 1 2 -148 31 1 2 0 2 0 2 0 3 2 28 -122 -120 3 24 6 -2 -2 -2 -223 67
1 13 19 -38 68 -108 -9 -18 -2 1 16 -6 1 -2 -23 15 -36 -6 -11 -33 -8 -54 -34 -49 0 3 1 2 1 2 1 2 1 2 1 2 1 14 1 3 1 2 1 3 1 0 0 2 0 3 2 0 0 16 16 39 1 3 -211 32 -1 1 -32 -28
1 7 0 5 39 3 -9 7 -22 1 -16 -16 0 4 -38 -14 0 14 17 24 0 -74 -13 -97 0 3 0 2 1 2 1 2 1 3 1 3 2 2 1 3 1 2 1 2 1 2 0 2 0 2 0 5 -157 10 0 -3 -8 -23 -227 -53 -10 -2 -242 27
8 24 22 -1 212 21 224 1 -5 -8 0 6 161 -12 -1 5 0 13 26 -112 -1 8 -6 -97 1 4 0 2 0 2 1 2 1 2 1 2 -11 26 1 2 1 2 1 2 1 2 0 3 0 2 1 4 -195 -33 2 1 0 -6 0 -9 -4 -18 -225 16
1 6 223 -18 210 -16 0 4 -13 -48 0 1 0 5 -52 -33 0 8 -32 -22 6 -1 0 7 -5 -45 1 4 1 4 4 2 1 3 1 3 1 3 2 1 1 3 0 3 1 0 0 3 0 3 4 8 1 4 -131 -146 3 2 -1 -8 1 -7 -17 -25
0 4 18 6 8 13 -1 9 -1 -15 14 -11 0 2 -13 20 0 6 -49 -48 -36 -34 9 -126 -56 -62 0 2 0 3 2 3 2 3 0 3 1 3 1 2 1 3 1 2 1 -1 0 3 0 3 1 4 1 3 -3 -21 -11 -49 -1 -7 -234 -65 -17 -17
0 5 10 3 1 1 0 0 1 3 14 -11 60 -166 -47 -70 -33 -93 2 -153 -1 3 4 2 4 2 -3 3 0 2 1 3 1 3 1 2 1 3 1 3 1 2 -1 7 1 1 0 3 -1 5 -3 13 -2 1 1 3 2 4 8 -32 1 -23 -6 -24
0 7 -6 -14 8 17 -8 4 -27 -26 0 6 1 2 -1 3 13 0 3 2 -2 3 159 24 -7 16 -84 -151 0 2 0 3 2 2 1 3 2 2 0 3 -5 5 0 3 0 3 2 -2 0 3 2 1 -13 -2 0 3 0 3 -1 2 1 3 -15 -12
8 36 1 7 1 8 -8 -1 200 -26 -1 4 -2 5 -1 4 6 0 157 46 11 26 -15 2 -3 7 -7 14 1 3 0 3 1 3 -1 3 0 3 -1 3 -2 4 1 2 1 1 2 -1 -1 3 0 3 0 3 -20 18 -1 3 -165 10 0 3 -1 2
7 33 0 5 9 11 -9 0 -23 -22 -1 4 28 -3 0 3 179 34 25 39 -7 3 97 3 0 2 -34 38 -21 26 0 3 1 3 0 2 -1 3 3 1 -2 4 1 3 0 3 -107 -10 3 7 0 6 0 3 1 -4 14 27 10 26 -156 -6 -3 40
1 11 2 12 -11 -4 -9 -6 0 3 2 0 4 10 -6 16 2 2 -4 7 104 14 97 -2 0 3 1 2 0 2 1 -2 0 3 0 3 0 3 0 3 1 3 0 3 -5 14 62 18 1 4 -177 -176 0 2 -139 -6 11 -8 0 3 -56 9 -61 -1
1 8 0 11 0 6 1 1 0 3 0 3 191 -14 -2 23 173 -19 174 5 -12 3 157 12 -41 3 127 -15 0 3 0 3 0 3 0 3 0 3 0 3 0 3 4 -6 0 3 42 -22 -136 21 0 3 0 2 0 6 14 3 -16 6 0 3 -4 10
1 14 0 0 0 1 0 3 0 3 0 3 -2 13 182 -2 167 8 -28 13 -39 10 -24 -32 -42 -21 116 1 0 2 0 3 -1 4 0 3 0 3 0 3 0 2 -1 5 -105 16 0 2 -1 4 0 3 -160 -19 -32 1 -117 -1 -167 -17 6 -5 -4 -20
248 -139 0 0 0 -1 0 3 0 3 183 -1 180 -26 14 -10 36 2 -13 -1 109 -7 158 -17 130 2 -1 4 -1 6 0 3 0 3 0 2 0 2 0 3 1 0 5 -9 55 -18 2 2 2 -13 0 3 -130 1 -1 -15 -129 1 2 -34 8 8 -1 3
0 -4 -6 -16 2 0 -7 -221 64 -39 145 -18 31 -2 187 -8 168 -3 164 -16 2 -46 -31 -42 -5 -11 120 -40 8 -28 4 -5 2 -1 90 -167 0 0 0 0 1 0 -108 -3 -2 -4 -117 -15 47 -21 -10 -27 5 -25 -116 -15 -125 -54 -4 -2 8 -7 -183 -48
