1 0 0 0 0 0 0 0 0 0 -1 0 0 0 1 12 0 0 0 0 0 0 1 0 13 0 0 0 1 0 1 0 0 0 0 0 0 0 1 0 0 0 10 0 1 0 58 45 -12 0 2 0 15 23 0 0 0 0 -1 0 0 0 -11 1
1 -1 0 0 0 0 0 0 0 0 2 2 0 -2 0 -2 0 3 0 -2 147 146 158 128 -9 -1 9 4 9 4 -32 -7 0 -1 0 -1 0 -1 -2 -1 68 43 66 47 41 22 -3 1 -3 -4 4 2 14 15 14 11 10 10 1 3 -1 1 -15 4
0 0 0 0 0 0 0 -1 0 0 0 -1 0 -3 0 -1 0 0 0 -2 0 -2 -7 -4 140 148 -3 1 0 -2 1 0 0 0 0 -1 0 0 -3 -3 -6 -5 -2 -3 11 0 -3 -1 24 17 24 26 24 28 11 11 6 5 4 -5 -6 1 -24 -13
0 -1 0 -1 0 -1 0 -1 0 -1 0 -1 0 -1 0 -2 0 8 0 -1 0 0 -39 150 -19 -9 -81 89 -34 -1 -114 83 1 0 0 0 2 -1 2 -1 2 -1 1 -1 2 0 2 0 16 11 0 -1 18 20 14 17 -1 -4 -5 -13 -6 0 -14 0
0 0 0 -1 0 -1 0 0 3 4 0 -1 0 -1 0 -2 0 5 0 -5 1 1 -36 123 -20 -9 -25 1 -26 6 2 -2 2 -1 -47 213 2 -1 3 0 1 0 1 -1 2 -1 2 -1 2 0 -25 -12 40 31 15 18 -31 -28 -5 -12 -4 7 -20 -8
0 -1 0 -1 9 4 2 3 -2 -3 0 -1 0 -1 0 -3 0 2 0 -6 7 17 16 -18 6 -8 -9 12 1 -1 2 -1 2 -1 2 -1 2 -1 2 -1 3 -1 3 -1 1 -1 2 -1 2 -1 2 1 17 15 -44 -30 -15 -20 -4 -13 -42 -38 -42 -40
0 -1 0 -2 1 0 -1 -1 -1 -1 0 -2 0 -1 0 -2 0 4 0 -2 0 -1 0 -1 13 -11 -35 113 2 -2 2 -1 2 -1 3 -1 2 -1 3 -1 2 -1 3 0 1 -1 2 -1 2 -1 1 -1 2 1 30 14 -10 -17 15 -7 -57 -46 -24 -17
0 -1 0 -1 1 -1 0 -1 0 -1 0 -1 0 -1 0 -1 0 5 0 2 0 3 20 -22 0 1 1 -2 2 -2 2 -1 3 -2 2 -2 2 -1 2 -1 2 -1 2 -1 4 11 2 -1 2 -1 2 -1 1 -2 -1 -3 -3 -5 -16 -24 -3 0 -73 -49
0 -1 0 -1 1 -1 1 -1 0 -1 -1 -1 -4 -1 0 -1 0 3 0 1 16 17 -5 -16 0 -6 1 -1 0 2 2 -2 1 -1 1 -2 2 -1 2 -2 2 -1 2 -1 3 -1 3 11 2 -1 2 -1 1 -1 -1 -4 17 8 -46 -46 -18 -13 0 -3
0 -1 0 -1 1 -1 1 -1 0 -1 0 -1 2 -1 0 -1 0 0 0 -3 15 48 -3 -7 0 -1 2 -2 2 -2 1 -2 3 -2 2 -1 2 -1 2 -1 2 -1 2 -1 57 75 2 -1 2 -1 2 -1 1 -1 31 22 2 -1 -20 -24 -1 -4 -78 -57
0 -1 12 -1 10 -1 4 -1 -3 -1 6 -1 2 -1 -19 -2 0 -1 0 -1 -9 46 -37 38 -59 50 1 -1 3 -13 3 -1 3 -2 3 -2 -11 102 2 -2 2 -1 -144 67 51 80 2 -2 2 -1 2 -1 1 -2 1 -3 23 15 7 0 7 4 -9 -9
0 -2 224 70 230 89 -1 59 0 -1 19 0 1 -1 0 -1 0 -1 0 34 -12 1 -14 -22 -6 58 2 -2 2 -2 3 -2 2 -1 2 -2 2 -2 2 -2 4 50 2 0 50 51 -159 122 2 -1 2 -1 1 -2 16 11 0 -4 8 0 7 2 -27 -23
1 -4 23 74 20 72 0 -1 -2 10 19 1 2 28 44 -45 -1 6 17 39 -11 21 -2 51 2 -2 2 -2 2 -2 2 -2 2 -2 2 -2 3 -2 2 -2 2 -2 -1 2 1 -2 2 -2 2 -2 2 -1 1 -1 1 -1 -1 -3 -11 -15 -19 -17 -16 -11
0 -1 1 -8 67 -86 -1 5 -1 -2 14 16 1 18 -16 27 28 17 9 -26 0 28 -1 41 1 -2 2 -2 2 -2 2 -2 3 -2 2 -2 3 -2 2 -2 2 -2 46 39 -69 -95 2 -1 1 -2 2 -1 1 -2 1 -1 2 1 -13 -18 0 -2 -28 -23
1 41 48 64 1 -14 1 -4 -1 -7 -1 -21 38 32 -15 20 -3 -16 9 38 0 -16 -14 -51 -7 8 2 -2 2 -2 2 -2 2 -1 2 -2 2 -2 2 -2 2 -2 -157 -15 1 -2 2 -1 2 -2 1 -1 1 -1 22 11 1 0 -225 88 0 -2 -234 119
0 -2 35 53 79 -86 -1 -11 0 0 14 -2 38 28 34 -46 13 -52 1 5 1 -28 0 -36 -22 -52 1 -2 2 -2 2 -2 2 -1 3 0 2 -2 2 -2 3 -2 2 -2 1 -1 2 -2 1 -1 1 -2 1 -1 12 28 1 -5 1 -4 0 -3 -26 -21
0 -1 1 6 9 13 0 -5 2 -26 0 -3 39 13 18 39 -22 -3 31 47 1 -31 0 -3 0 9 1 -3 2 -2 2 -1 3 -2 2 -3 2 -2 2 -2 2 -2 2 -3 7 -51 2 -4 2 -2 1 -2 1 -2 1 0 17 -2 -15 -13 -217 59 0 -4
0 -12 12 -27 94 -112 1 -14 1 -1 -2 -1 21 28 -14 8 13 32 10 7 1 -30 0 17 -1 -5 1 -2 2 -2 2 -2 3 -2 2 -3 2 -2 2 -2 2 -2 2 -2 6 -79 1 0 1 -2 1 -2 1 -2 6 37 2 18 9 4 -218 31 -16 -18
1 -26 20 -38 36 -1 185 7 11 -5 34 33 39 -86 -30 -39 0 -1 15 4 -9 -18 -1 0 -6 -7 2 -2 2 -3 2 -2 2 -2 2 -2 2 -2 2 -2 2 -3 2 -3 1 -15 2 -21 2 -2 0 0 -159 2 0 3 3 28 1 -1 -1 -1 -10 -6
0 -20 55 23 151 -90 0 -4 -22 -7 -15 -20 1 -7 -2 -6 0 -2 15 15 -9 -31 0 -5 -33 -49 1 -3 1 -2 2 -3 2 -2 2 -2 2 -2 2 -3 2 -3 2 -3 1 -20 0 1 1 -2 5 -10 -157 -9 -165 16 11 -20 0 -3 -10 16 -9 -13
0 -27 19 -15 33 19 201 13 -24 -25 -23 -16 162 -11 3 6 0 3 -33 -34 1 -85 -12 -98 -33 -54 0 -4 1 -3 2 -2 2 -2 1 -2 2 -3 2 -3 2 -3 1 -2 1 -2 2 -3 1 -1 1 -1 -127 -127 29 23 14 -19 0 3 -13 13 -22 2
28 32 0 -8 0 -3 224 -18 1 -6 8 -6 -1 -4 2 -3 0 -17 -1 -8 15 -27 -2 4 -19 -94 1 -2 1 -2 0 -4 1 -3 1 -3 2 -2 2 -3 1 -2 2 -2 1 -2 1 -1 0 0 1 -1 1 0 -167 4 0 -7 1 -18 -13 4 -25 -15
0 -11 224 -29 1 -8 0 -16 0 -9 0 -5 0 -7 -46 -82 -35 -41 16 -114 -38 -41 -50 -41 -36 -81 -22 -18 1 -3 1 -4 1 -3 1 -3 2 -3 1 -2 1 -1 1 -1 -9 14 1 -2 0 -1 3 6 0 -2 0 -2 -2 -6 0 -7 -119 -156 -9 -16
1 -6 2 -9 1 -9 217 -57 -23 -78 174 -35 -1 -2 -37 -94 0 -6 1 -2 1 -2 2 -2 2 -2 2 -2 1 -2 1 -4 1 -3 2 -4 1 -2 1 -2 1 -2 2 -3 0 -1 1 -2 0 -1 2 -1 0 -2 0 -2 0 -2 -227 -28 -187 -16 -126 -163
0 -8 22 13 232 -66 1 -7 -21 -29 198 -31 0 -2 0 -2 1 -2 -4 -1 6 -3 160 19 124 56 -3 4 1 -3 0 -4 1 -3 1 -3 2 -3 3 -2 2 -2 -34 50 5 -7 -2 2 5 -13 5 -10 4 0 -3 -4 0 -2 0 -2 -2 -3 -13 -8
0 5 11 -2 1 0 -7 -8 202 -49 0 -2 1 -3 11 -6 122 25 113 7 151 37 150 40 -78 -162 -4 4 1 -3 0 -1 1 -3 1 -3 1 -3 1 -3 -7 1 1 -3 0 -2 4 -9 11 -17 0 -2 0 -1 -1 -1 -155 -5 -5 -2 5 0 -1 -3
9 20 18 6 0 1 -2 -3 -27 -115 0 -2 3 -6 0 -2 121 2 -11 20 159 6 139 27 1 -3 -38 6 -12 27 1 -5 1 -3 1 -3 5 -5 3 -4 1 -3 -1 -2 0 -2 -91 -2 2 -2 1 -3 0 0 14 39 -161 6 -166 -7 -152 12 0 32
7 25 13 4 155 -64 -8 -7 0 -2 1 -4 39 -25 37 -2 172 -2 159 -9 161 1 8 -27 -44 -7 -2 11 0 -1 0 -1 0 -2 0 -2 0 -2 1 -2 0 -3 0 -2 0 -2 58 -7 0 -4 -179 -178 0 -2 -159 1 -154 5 15 13 0 -3 -6 31
1 1 1 -3 -1 7 1 -3 1 -3 0 -2 -5 9 164 -5 -19 7 -12 -22 -23 -5 1 -1 0 0 -43 14 1 -4 1 -5 0 -2 1 -1 1 -3 -2 1 1 -2 0 -2 1 -4 55 -15 -93 -2 0 -3 0 -3 2 -8 -43 17 -36 1 -171 21 -159 -33
0 -4 0 -12 0 2 1 -4 0 -1 174 -17 63 -20 41 -11 9 -16 -7 -17 14 9 1 -3 -22 -38 -47 14 0 -1 0 -1 -1 0 0 -1 1 -2 1 -2 1 -3 1 -4 -79 -10 -105 -29 0 -2 0 -2 -115 -3 -114 -12 8 -2 0 -4 -22 -6 -62 -21
0 -1 -2 -11 222 -140 0 -1 1 -4 48 -26 23 -23 190 -14 119 -30 167 -24 150 -11 -23 -26 142 -1 -47 -38 0 -1 1 -2 1 -3 1 -3 1 -4 1 -3 0 -2 5 -13 -109 -27 -76 -21 -130 -29 -144 -36 24 -21 10 -10 0 -3 0 -2 7 4 -19 8
0 -5 -6 -23 0 -2 0 -2 68 -50 145 -20 197 -2 191 -13 4 -45 26 -24 13 -31 -21 -23 -15 -5 122 -16 1 -4 5 -11 2 -5 1 -2 1 -11 1 -3 2 -7 76 -39 62 -39 -127 -17 29 -34 18 -1 0 -2 -146 -34 1 -3 0 -5 -7 -2 0 -4
