0 0 0 0 0 0 0 0 1 1 2 0 0 0 1 12 0 0 0 0 0 0 1 0 0 0 0 0 1 0 1 0 1 0 0 0 0 0 1 0 0 0 74 43 71 42 -4 0 -17 0 2 0 5 0 5 0 0 0 0 0 0 0 0 0
0 0 0 0 0 0 0 0 0 0 -1 -6 0 -3 0 -1 0 9 0 0 142 124 -15 -3 -4 0 0 0 1 0 -31 -7 0 0 0 -1 0 0 6 4 10 3 28 10 0 2 -16 -1 0 0 -4 -5 17 13 10 10 7 10 15 -4 -6 10 -14 5
0 0 0 0 0 0 0 0 0 0 1 0 0 -4 0 -3 0 7 0 -1 1 -1 151 141 138 158 -16 13 -102 77 -8 -5 0 -1 0 -1 0 0 -34 -15 52 38 56 43 9 -3 1 -2 -1 -1 3 0 -7 -8 -1 -2 2 -1 -6 -8 -6 6 -2 -3
0 0 0 0 0 0 0 0 0 0 0 0 -1 -23 0 -2 0 2 0 -3 139 153 0 3 0 -3 -25 1 -17 3 1 0 1 0 0 0 1 0 1 0 2 0 1 0 1 0 1 0 -35 -17 9 13 -6 -6 -1 -3 -1 -5 14 -11 -17 -9 -7 -1
0 0 0 0 0 0 0 0 0 0 0 0 0 0 0 -4 0 -2 0 -4 -67 91 -2 -2 -38 143 -9 11 -101 83 2 -1 2 0 89 209 2 0 2 0 2 0 2 0 2 0 1 0 1 0 -20 -11 38 31 -11 -14 -9 -11 -12 -14 -19 -13 -27 -13
0 -1 1 1 -1 -3 179 183 1 3 0 0 0 0 0 -2 0 1 0 -2 26 -1 0 -5 1 -7 -67 109 2 -1 3 0 41 -3 2 0 2 0 2 0 2 0 2 0 1 0 2 0 1 0 1 0 -33 -21 -26 -26 19 4 -11 -17 -41 -38 -28 -17
0 0 1 0 0 0 -9 -4 -1 -1 0 0 0 0 0 -2 0 25 0 0 -12 128 119 110 1 -4 1 0 1 -1 2 0 7 0 3 0 2 0 2 0 2 0 2 0 2 0 2 0 1 0 1 0 23 25 0 0 -36 -34 -41 -44 -43 -35 -54 -41
0 0 0 0 0 0 0 0 1 0 -1 0 0 0 0 -3 0 17 0 1 -1 -1 -4 -13 -56 95 1 0 1 1 2 0 2 0 2 -1 2 0 2 0 2 0 2 0 2 1 2 0 2 -1 1 0 14 16 1 1 -5 -2 -42 -45 -71 -48 -49 -41
0 0 0 0 4 0 6 0 7 0 1 0 1 0 0 -1 0 11 0 -3 0 -1 -2 -4 -5 1 2 -1 2 -1 2 -1 2 -1 2 0 2 -1 2 -1 2 -1 6 28 2 0 2 0 1 -1 1 -1 1 0 -1 -3 18 12 -41 -42 -42 -40 -18 -10
0 0 1 0 1 0 1 0 1 0 0 0 0 0 0 0 0 -2 -4 80 1 -2 -5 -14 1 -2 2 -2 2 -1 1 -1 2 0 2 0 2 0 2 1 2 -1 -129 127 1 2 2 0 2 0 1 0 0 -4 12 12 18 13 -21 -22 -61 -49 -29 -17
3 0 -4 0 2 0 0 0 -4 0 -2 0 -2 0 1 0 0 0 0 0 -33 33 0 -5 2 -3 2 1 1 0 2 -1 2 -1 3 -1 3 71 2 0 2 0 2 0 1 1 2 1 1 0 1 0 1 3 32 25 0 -1 5 1 -1 -1 0 0
144 123 0 0 -1 0 -2 0 1 0 18 1 0 0 -3 0 0 0 10 80 -1 61 0 -5 1 0 2 0 2 0 2 1 2 0 1 -1 1 -1 2 0 2 1 2 1 1 0 1 -1 1 0 1 0 1 0 0 -1 1 0 2 0 -19 -16 -8 -7
0 0 20 84 1 -5 191 57 0 -4 0 10 40 -12 36 -13 0 8 9 -12 -1 47 -2 68 1 -1 2 -1 2 -1 2 0 2 -1 2 0 2 0 1 0 1 0 43 46 2 0 1 0 1 0 2 0 1 0 13 17 4 6 -15 -15 -20 -17 -16 -9
1 -7 -8 45 0 -4 -10 15 -2 22 16 19 11 12 36 56 -1 0 0 -10 -10 11 -39 33 1 -1 1 -1 2 0 2 -1 2 -1 3 0 1 0 2 -1 2 -1 1 -2 0 49 1 0 1 0 1 0 1 -1 31 25 -210 114 -14 -14 -18 -12 -30 -24
8 81 90 -95 1 0 -2 9 1 -13 0 3 0 16 21 -66 3 28 11 -12 0 -21 -6 -46 1 -1 1 -1 1 -1 2 0 2 0 2 -1 2 -1 2 -1 2 -1 2 0 1 -1 1 -1 1 0 1 0 1 0 0 0 5 4 1 0 -22 -14 0 -1
27 65 91 -104 0 -7 0 -15 -1 -8 38 -53 36 23 -5 -24 1 6 11 -19 -1 33 -35 -9 1 -1 1 -1 1 0 2 -1 2 0 1 -1 1 -1 1 0 2 -1 2 0 2 0 1 0 1 0 1 0 1 0 0 -1 5 7 -1 -1 8 10 -26 -19
1 -10 93 -107 9 -23 184 29 3 -28 21 -15 35 38 33 44 -1 -15 0 -2 1 2 -29 -19 1 -1 1 -1 2 -1 2 -2 2 0 2 0 1 -1 1 0 2 -1 2 -1 1 0 1 0 1 0 1 -1 1 0 1 3 -4 -1 0 -2 -13 -2 0 5
0 0 20 -38 38 30 28 19 66 -76 36 -74 0 -1 -23 16 1 3 10 28 0 1 0 -39 1 -1 1 0 2 -2 2 -1 1 -2 1 -1 -14 -53 -26 57 1 0 1 0 1 -1 1 0 1 0 1 0 -123 -103 1 1 0 0 -213 39 -21 -10 0 -6
0 -2 18 -40 58 -119 80 -122 -1 -9 12 -49 37 -80 0 2 -1 -9 0 5 -9 14 -34 -21 1 1 1 -1 2 -1 2 -1 1 -1 1 -1 2 -1 2 -1 1 -1 1 0 -12 24 1 0 1 0 1 0 -185 2 -1 -2 -1 13 6 -2 -10 -2 -10 -4
28 18 -1 -3 58 -122 23 15 -1 -34 15 -11 156 -1 -48 -6 -1 4 14 18 1 3 0 -9 1 -3 1 0 2 -1 2 -1 2 -1 2 -1 0 -2 1 -2 1 0 1 0 1 -2 1 0 1 -1 -107 -83 0 0 -131 -127 0 -11 -1 6 -12 24 -18 -8
0 0 -1 -28 9 -4 1 1 -12 -28 52 -115 1 0 34 -121 -33 -18 -18 -59 0 -19 -1 -45 -54 -46 1 -1 1 -1 1 -1 2 -1 1 -1 2 0 2 -2 1 0 -168 -62 1 0 0 1 0 0 -106 -86 -1 -6 -1 2 21 -6 0 -13 7 -2 -22 2
1 3 1 -1 0 -1 202 -9 1 4 -1 -8 34 -133 -14 15 0 8 0 5 1 2 3 -73 -4 1 1 0 1 -1 1 -1 2 -1 2 -1 1 0 1 -1 1 -1 2 -1 1 -1 0 1 0 0 -1 -2 -122 -126 -106 -151 0 -16 -223 4 -158 -155 -32 -36
27 45 0 2 231 -26 193 -47 26 5 0 1 25 -152 -38 -62 -32 -79 134 -23 -40 -55 -15 -135 -34 -60 1 0 1 -1 2 -1 2 -1 1 0 1 0 1 0 1 0 1 0 1 -1 1 -1 0 1 1 1 -4 -6 -132 -146 -3 -40 1 -8 -1 8 -24 5
169 -23 -2 3 1 0 0 0 -23 -79 0 -2 67 -159 0 3 -32 -86 -20 -41 15 -120 6 -98 -4 -15 0 0 1 0 2 0 2 -1 2 -1 1 0 1 -1 1 -1 2 -2 2 -5 0 1 0 0 -2 0 0 0 -3 -2 24 3 1 -7 -223 -89 -157 -162
7 23 0 3 200 -78 -1 -2 -2 -7 -1 -7 165 -42 0 -1 -1 0 -1 0 -6 1 6 -1 -1 0 -2 0 1 0 1 0 12 -110 1 0 1 0 1 0 1 -1 1 -1 -3 4 -1 2 0 0 -4 -3 0 -1 3 1 0 0 -1 -1 -151 -168 -154 -166
9 40 11 9 1 0 0 9 0 0 -21 -36 2 -2 -1 0 4 -1 15 -3 -23 19 6 41 -2 3 -81 -158 1 0 0 -1 2 -1 2 -1 1 -1 1 0 1 -2 2 -2 1 -1 0 0 15 -3 -10 4 1 -6 -196 -168 -161 3 10 4 0 0 -13 -6
0 12 1 8 -10 3 -19 -9 0 -1 -1 1 0 0 28 24 21 -7 -1 23 -23 8 156 37 6 -12 -8 31 0 0 0 0 1 0 2 0 0 0 -2 1 0 0 -1 1 0 0 0 0 0 0 0 0 -188 -174 -1 4 18 14 2 7 -146 39 -17 -8
4 21 0 4 -11 -5 -8 -10 0 0 1 -2 40 -19 -10 15 -11 11 -3 7 -2 2 6 30 -1 1 112 32 -26 25 0 0 0 0 0 0 0 0 0 0 0 0 0 1 0 0 55 3 0 1 -1 0 0 1 -122 19 -144 12 1 20 -11 -6 0 17
5 20 12 14 8 -1 -19 -9 0 0 0 0 4 1 120 11 -5 8 9 11 -14 0 -1 -24 -39 1 -46 15 0 0 0 0 0 0 0 0 0 0 0 0 0 0 0 0 0 0 -91 22 54 -3 -1 -8 0 0 15 -1 -35 17 -51 13 -25 19 -7 -1
0 0 -2 2 1 -4 0 0 0 0 172 -1 54 -14 1 0 175 -10 -14 2 -26 -7 154 -18 -1 1 128 -22 0 0 0 0 0 0 0 0 1 -1 0 0 0 0 0 0 -114 -8 -116 4 45 -9 -116 -33 0 1 17 -10 -122 14 -161 -10 -172 -9 -167 -8
0 6 -1 1 0 1 0 0 0 0 173 -10 1 1 22 -17 10 -15 114 6 -29 -14 -13 -29 -13 -5 -45 -25 0 0 0 0 1 -1 0 0 0 0 0 0 0 0 0 0 -101 -21 49 -18 0 0 0 0 0 0 -1 1 9 2 -155 -17 -169 -17 -191 -27
0 0 -4 -10 1 -2 0 0 0 0 194 -27 37 -14 174 -38 168 -14 162 -25 105 -20 1 -1 -13 -7 112 -25 0 0 0 0 0 0 0 0 0 0 1 -1 0 0 0 0 -1 0 -104 -31 -115 -34 0 0 18 -30 -1 -4 0 0 -163 -13 -174 -38 -194 -28
