0 0 0 0 0 0 0 0 0 0 0 0 1 16 0 0 0 1 0 0 0 0 0 0 0 0 0 0 1 0 0 0 0 0 0 0 0 0 2 1 0 0 16 0 2 0 1 0 10 10 0 0 1 6 -5 0 0 0 1 0 0 0 0 0
0 0 0 0 0 0 0 0 0 0 0 -6 0 -4 0 -3 0 4 0 2 7 3 -7 -2 -21 -3 0 0 -20 -3 2 1 0 0 0 0 0 0 4 3 0 -1 28 10 -6 0 21 12 34 29 -28 -7 -6 -5 10 10 11 17 -5 -2 2 3 -23 -1
0 0 0 0 0 0 0 0 0 0 0 0 0 -3 0 -4 0 4 0 1 6 6 152 135 -3 3 -9 14 -35 -4 -30 -5 0 0 0 0 0 0 1 0 64 47 5 1 -3 -1 37 34 0 1 0 1 -7 -1 -6 -1 -15 -11 -8 -11 -4 6 -29 -12
0 0 0 0 0 0 0 0 0 0 0 0 0 0 0 -3 0 5 0 3 -34 152 18 -9 -75 65 -46 119 -1 0 -30 -3 0 1 1 0 1 0 1 0 1 0 1 0 1 0 -14 -5 -15 -5 0 -1 11 16 -23 -13 -16 -17 -14 -18 0 0 -29 -9
0 0 0 0 2 4 -5 5 0 -1 0 -1 0 0 0 -4 0 -2 0 1 35 4 -63 65 -38 112 -1 0 -69 141 1 0 1 0 2 0 2 0 1 0 2 0 1 0 1 0 1 0 1 0 0 -1 9 10 11 14 -17 -17 -23 -26 7 -8 -22 -5
0 -1 0 -1 0 0 174 166 0 -2 0 -1 0 -1 1 12 0 3 0 10 24 -3 -64 88 -74 80 -36 134 1 -1 1 -1 1 -1 0 -1 16 2 2 0 -13 -3 2 -1 2 0 1 0 1 0 1 0 1 0 9 7 -10 -11 -13 -20 5 -3 -47 -39
0 -1 0 -1 0 0 1 0 173 169 0 0 0 -1 0 -3 0 0 0 9 16 23 -74 92 -1 0 -6 18 1 -1 1 -1 2 -1 2 -1 2 -1 1 -1 2 0 1 0 2 0 1 0 1 -1 1 0 1 0 -56 -37 -28 -28 -23 -30 -70 -42 -25 -17
0 -1 -1 -1 -5 -1 -10 -1 -7 -1 -8 -1 -25 -1 0 -1 0 0 0 2 -42 57 8 -6 -1 -4 -64 58 1 -1 5 -6 1 0 1 0 5 24 2 0 2 -1 2 -1 1 0 1 -2 1 0 1 0 3 13 0 -1 19 11 -21 -25 -42 -37 -25 -18
10 0 -3 -1 14 0 -4 -1 -7 -1 -5 -1 -6 -1 0 -1 0 -5 0 7 0 2 18 -28 0 -2 0 6 1 -1 1 0 1 -1 1 -1 2 -1 2 0 1 -1 2 0 1 -1 57 38 1 0 1 0 1 0 1 1 15 11 -83 -63 -2 0 -87 -56
1 0 15 0 15 0 -8 -1 -8 -1 -8 -1 -9 -1 1 -1 0 0 0 1 -12 23 117 79 -58 21 1 -12 1 -2 1 -1 1 -1 2 -1 3 -1 2 -1 1 -1 1 -1 1 -2 55 33 1 -1 1 -1 1 0 1 4 16 12 9 1 -2 -1 -63 -51
1 -1 1 -1 12 0 -10 -1 19 0 14 0 -10 -1 -6 -1 0 -1 0 0 -1 61 1 4 -58 46 -8 13 1 -4 1 -1 15 -20 4 -1 2 0 2 0 1 -1 1 -1 1 -1 39 13 1 0 1 0 1 0 1 0 1 -1 8 3 -17 -14 -13 -9
1 -3 22 86 76 -63 195 59 32 86 1 13 0 4 -15 43 29 32 1 7 1 3 -38 17 -57 8 1 -1 1 -1 1 -1 2 -1 1 -2 2 -1 2 -1 1 0 1 -1 1 -1 1 -1 -13 70 1 -1 1 0 0 -2 22 13 -8 -9 4 1 -6 -5
1 -5 227 59 8 -6 82 -77 33 78 0 30 0 -3 36 -14 34 11 -1 4 -1 30 -2 37 -34 23 1 -2 1 -1 1 -1 1 -1 1 0 2 -1 2 -1 2 -1 1 -1 1 -2 43 4 1 -1 1 -1 1 -1 0 0 24 16 -1 -1 4 1 -1 -3
29 94 87 -80 8 -10 189 48 -2 26 0 3 26 -33 35 -23 0 0 -1 1 22 38 -38 -10 0 -19 0 0 1 -1 2 -2 1 -1 1 -1 2 -1 2 -1 2 -1 2 -1 1 -1 54 14 1 -1 1 -1 1 -1 0 0 -1 -2 7 0 -18 -14 0 0
29 80 13 -24 69 -87 15 48 1 -1 1 -12 0 -16 -14 15 -21 -9 10 41 0 0 -39 -22 0 1 3 33 0 -2 1 -1 1 -1 1 0 2 0 2 -1 2 -1 2 -1 1 -1 -5 -32 1 -1 1 -1 0 0 1 -1 -4 -9 -10 -16 3 1 0 -2
29 61 36 54 89 -92 66 -76 68 -65 42 -55 35 -52 -13 0 28 34 10 -29 0 2 -2 33 -48 1 1 9 1 -2 1 -1 1 -1 2 -4 1 -4 -3 -48 1 -1 1 -1 1 -1 1 -1 0 1 1 -1 0 -1 14 7 -1 -10 -11 -18 -16 -17 -23 -21
0 16 0 -3 9 -22 65 -82 4 -18 15 -17 34 -62 -15 9 0 -1 10 29 0 -31 -3 18 -49 -5 0 3 1 0 2 -2 1 -1 2 0 1 -2 2 0 1 -1 1 -1 1 -1 -176 112 1 -1 1 -1 1 -2 11 24 13 2 0 -2 -18 -13 -233 64
1 -22 52 40 -1 -2 -1 -11 2 -33 1 -5 1 -1 -28 -18 0 -1 -1 -5 -9 -33 -1 28 0 4 -1 -7 1 -1 1 -2 1 -2 1 -1 1 -2 2 0 1 -2 1 -2 1 -2 0 3 1 -2 1 -2 1 -2 6 24 2 4 -205 28 -11 -12 -166 -131
30 31 22 -46 68 -110 187 -4 -3 -13 -1 1 39 -85 -15 9 -33 -12 4 -78 0 11 -47 -46 0 23 -1 20 1 -2 1 -2 1 -2 1 -2 1 -2 2 -1 1 -2 1 -2 1 -1 1 -2 1 -1 1 -2 -159 10 -198 -51 -1 -9 0 0 -9 -15 -223 34
1 -4 22 -6 0 -3 -8 2 1 -3 15 -14 0 0 -30 -41 0 -13 -31 -24 1 -10 -39 -33 1 -48 -23 -57 1 -1 1 -2 1 -2 1 -2 1 -2 1 -2 1 -2 1 -3 1 -2 7 -74 1 -1 -128 -118 -192 -6 -166 23 -1 -23 -213 15 -12 15 -19 11
0 -54 25 22 36 16 223 -13 3 16 16 -12 0 4 -1 -1 0 -1 -19 -36 0 -2 -39 -44 0 9 -23 -72 1 -2 1 -2 1 -2 1 -2 1 -2 1 -2 1 -2 0 -1 0 -1 1 -1 0 -1 0 -2 -100 -125 7 10 3 -26 -204 0 -9 -19 -18 -21
28 42 20 -1 212 -6 196 -52 1 3 13 -9 0 -2 0 -2 0 -3 134 -18 16 -65 -33 -57 -31 -77 -1 -23 1 -2 1 -2 1 -2 1 -2 1 -2 -47 -23 1 -2 1 -1 1 -3 -40 47 -1 1 0 -2 0 -2 -166 -4 1 -1 -137 -155 -8 -11 -17 -30
1 -1 -6 -24 213 -31 206 -53 0 2 9 -4 -33 -79 1 0 -32 -85 -23 -24 0 -4 -33 -79 -54 -53 3 -2 1 -2 1 -2 1 -2 1 -2 1 -2 1 -2 1 -2 1 -2 -1 1 2 -4 -1 1 1 -3 0 -2 0 -2 6 1 -222 -90 -164 -163 -6 -15
0 -5 0 -8 -1 4 -1 -7 1 -2 12 -14 60 -163 1 -2 2 -2 1 -2 1 -2 2 -2 -5 -1 2 -2 1 -2 0 -3 1 -2 1 -2 1 -2 1 -2 0 -2 2 -2 1 -2 0 -1 0 -2 -1 3 -2 0 0 -2 0 -2 0 -2 -119 -161 -171 -172
9 22 0 -1 -1 -3 -19 -16 0 -6 207 -26 0 -2 -1 -1 2 -2 2 -1 1 30 5 42 0 -2 -1 0 0 -2 0 -2 0 -2 0 -2 2 -2 0 -1 0 -2 2 -3 1 -2 -1 0 0 -2 -156 -181 2 -11 -1 -3 -3 -5 0 -2 0 -2 0 -2
1 3 0 3 -1 -3 197 -100 -30 -51 1 -3 -4 4 1 -2 168 23 158 8 159 8 0 -2 100 5 0 -2 0 -2 0 -2 0 -2 -1 -3 0 -2 1 -2 -1 -1 1 -2 0 -2 0 -2 -4 0 -1 -2 -173 -157 -26 2 1 -3 -56 39 -56 19 0 -2
1 -1 0 -12 -4 -5 -10 -9 -27 -122 0 -2 185 26 19 15 32 37 -10 19 -16 4 142 21 122 -6 2 -6 0 -2 0 -2 -1 0 0 -2 0 -2 0 -2 1 -2 1 -2 0 -2 33 -9 0 -2 -1 -4 0 -3 -181 35 -3 14 -161 4 -154 12 -11 34
7 22 0 -5 1 -3 -8 -7 1 -3 0 -2 172 -10 0 7 164 6 31 -4 -37 18 158 2 -31 29 73 32 1 -5 0 -2 0 -2 0 -2 0 -2 0 -2 0 -2 0 -2 0 -2 0 -2 0 -2 -6 -11 0 -3 -116 4 16 2 -128 -4 -139 -3 -167 6
1 2 180 -156 0 -1 0 -2 0 -2 1 -4 199 -10 32 8 175 -13 104 -1 -7 15 9 9 0 -2 -34 19 0 -2 0 -2 0 -2 0 -2 0 -2 2 -4 0 -2 0 -2 -107 19 -109 17 40 9 -108 -6 0 -3 -40 20 -152 18 -124 -13 -22 -2 -8 15
3 -2 0 -9 0 -3 0 -1 0 -2 1 -6 147 13 31 1 181 -11 0 -2 -13 11 87 10 -25 5 -1 0 0 -2 0 -2 35 -7 1 -3 0 -2 0 -2 0 -2 0 -2 -134 14 64 -17 -136 14 0 -2 -121 13 24 -20 -6 -24 -169 11 0 -2 -157 -10
1 0 0 -10 0 -2 -1 0 0 -2 0 1 7 -38 16 -1 10 -41 165 -36 27 -16 -16 -8 149 -15 -61 -19 0 -2 -1 1 1 -3 0 -2 0 -1 0 -2 0 -2 0 -2 -94 -40 60 -36 12 -7 -110 -28 -148 4 3 -30 -134 -20 -4 5 -149 -23 -21 7
0 -2 -6 -20 0 -2 0 -1 -1 -4 60 -39 26 -53 24 -6 155 -39 -19 -36 105 -26 14 -36 -23 -45 0 -2 0 -2 0 -2 -1 0 0 -2 0 -2 0 -2 1 -4 -99 -41 -73 -28 6 -35 -20 -3 1 -3 0 -2 22 -18 0 -2 -138 -41 -149 -39 -156 -60
