0 0 0 0 0 0 0 0 1 1 -2 0 0 0 0 0 0 0 0 0 0 0 0 0 0 0 0 0 0 0 0 0 1 0 0 0 0 0 0 0 0 0 3 0 54 37 56 47 24 19 19 19 4 4 1 0 0 0 1 0 0 0 -1 0
0 0 0 0 0 0 0 0 0 0 -1 -4 0 -2 0 -1 0 0 0 0 163 132 -7 -2 1 0 0 0 -25 -4 0 0 0 0 0 -1 0 0 0 0 70 50 30 10 47 29 64 48 20 11 10 6 16 11 1 -1 15 -3 -2 -3 -1 -1 -20 -3
0 0 0 0 0 0 0 0 0 0 0 0 0 -1 0 -1 0 5 0 -1 -1 1 159 158 1 0 0 -2 -27 0 -1 -1 0 0 0 0 0 -1 -2 -2 -14 -9 -6 -3 -2 -3 -10 -3 53 39 -27 -13 1 0 13 13 21 -2 14 -6 -5 6 -1 -4
0 0 0 0 0 0 0 0 0 0 0 0 0 -1 0 -1 0 0 0 -1 133 143 131 122 0 -2 -68 157 -18 7 1 0 1 0 0 0 1 0 1 0 1 0 0 0 -1 0 52 48 1 1 -28 -13 36 27 14 13 0 -1 -13 -15 1 1 -34 -19
0 0 1 0 2 -1 7 13 0 0 0 0 0 0 0 -2 0 1 -50 94 1 3 -8 -12 -38 125 -23 2 0 1 1 0 1 0 1 0 -124 11 1 0 0 0 1 0 1 0 0 0 0 0 30 33 -7 -12 13 12 20 6 -17 -22 2 -4 -36 -23
0 0 0 0 0 0 -1 1 -1 -2 0 0 0 0 0 0 0 3 24 9 1 -1 0 -9 -1 1 -59 105 1 0 1 0 1 0 1 0 1 0 1 0 2 0 0 0 1 0 1 0 1 1 0 -1 -7 -12 31 18 18 4 -15 -20 -2 1 -7 -4
0 0 1 0 1 0 1 0 0 0 0 0 0 0 0 -1 0 0 0 10 5 15 120 119 0 -1 0 1 1 0 1 0 0 0 1 0 0 0 1 0 1 0 1 1 1 1 1 1 1 1 1 1 18 17 30 19 -6 -8 -27 -38 -2 -1 -4 -11
0 0 0 0 -1 0 0 0 -1 0 0 0 0 0 0 0 0 -7 0 0 -2 0 -2 -6 -51 95 0 2 1 0 1 0 1 1 1 0 1 1 1 0 1 1 1 0 1 0 1 1 1 1 1 2 8 10 -11 -15 -52 -41 15 -1 -73 -50 -3 -5
0 0 -3 0 0 0 2 0 -1 0 -4 0 1 0 0 -1 0 -1 -5 101 0 -6 -1 -4 -11 -3 1 0 1 0 1 0 1 0 2 1 1 1 1 0 1 0 1 1 1 0 1 0 1 0 0 -3 21 25 -1 -2 0 -1 -55 -47 -54 -47 -54 -43
0 0 -2 0 -3 0 -2 0 -3 0 0 0 -1 0 0 0 0 -3 8 -7 0 2 1 -1 2 -3 0 12 0 1 1 0 2 1 1 0 1 0 -79 4 1 -1 1 0 1 0 1 0 1 0 -3 -15 0 -2 12 13 0 -1 15 8 -14 -8 -52 -44
2 0 -1 0 6 0 1 0 5 0 4 0 0 0 3 0 0 0 -1 35 0 73 0 -3 1 0 1 1 0 1 0 1 1 0 1 0 1 1 4 15 1 1 1 -1 1 0 1 0 1 0 1 0 0 -3 10 9 1 2 2 2 0 0 -12 -8
0 0 0 0 0 0 0 0 0 0 1 0 0 0 4 0 0 0 10 12 -10 4 -36 30 1 34 1 0 1 1 1 0 1 0 1 0 2 1 1 1 1 1 1 0 1 0 1 0 1 0 1 0 0 -4 13 10 -11 -14 -11 -11 -7 -3 -10 -7
1 -7 -1 -2 0 1 49 -77 32 80 17 25 26 -44 16 63 12 -17 9 -11 -11 -5 -3 72 0 1 1 1 1 0 2 0 1 0 2 0 1 0 1 0 1 0 1 0 1 -1 1 1 1 0 1 0 0 -1 11 9 13 8 -1 -1 -1 -1 -18 -9
0 2 10 -8 37 82 0 -1 -1 0 2 29 1 20 0 -3 0 11 -1 -11 1 -12 1 0 0 0 1 0 1 0 1 0 1 0 1 0 2 0 1 0 -90 74 1 0 1 0 0 0 1 0 1 0 0 1 0 0 3 5 -1 -1 -146 -102 -15 -9
1 -7 10 -17 58 -94 1 36 1 -6 1 -6 36 28 0 -1 0 3 0 -21 0 9 1 0 1 0 1 0 1 0 1 0 1 0 1 0 1 0 1 0 2 1 1 0 1 0 1 0 1 0 1 0 0 0 6 5 3 -1 1 -1 -7 0 -30 -20
0 21 86 -94 0 19 72 -86 0 -16 15 -4 0 11 22 -68 0 -8 -1 -26 -10 -6 -37 6 0 0 1 0 1 1 1 0 1 0 1 0 1 0 1 0 1 0 1 0 1 0 1 0 1 0 1 1 1 -1 -191 62 -200 76 5 -2 -16 -10 -19 -11
1 9 0 14 1 16 14 31 49 54 0 5 37 30 35 37 10 22 0 -8 0 -1 -2 8 1 -4 1 0 1 1 1 1 1 -1 1 0 1 0 2 0 1 0 1 0 0 1 1 1 1 0 0 1 10 22 29 15 -4 -4 -1 1 -4 -4 0 2
0 -2 0 -1 38 29 15 23 5 -33 37 -85 0 -1 2 -1 0 -1 0 -4 0 -7 -16 14 1 1 1 0 1 0 1 0 1 0 1 0 1 0 1 0 1 0 1 0 0 0 1 0 1 0 1 0 -130 -107 3 0 22 9 0 -1 2 -1 -28 -26
0 5 93 -116 9 -20 49 43 0 1 -1 1 56 -104 -19 12 0 1 14 -7 0 -44 -16 8 0 -2 1 0 1 1 1 0 1 0 2 1 1 1 1 1 1 0 1 0 0 -17 1 1 1 0 0 2 0 5 -1 1 4 -6 7 -2 7 2 -22 -13
2 9 50 -7 21 6 -9 -26 60 -99 51 -104 158 -5 1 -1 0 10 -33 -60 1 -64 0 1 1 0 1 0 1 1 1 1 2 0 1 1 1 0 0 3 2 -2 1 2 0 1 1 1 0 1 -105 -92 0 -4 31 38 2 -1 -224 -62 -234 -54 -32 -20
1 2 24 1 0 2 1 -1 25 3 20 29 -3 6 45 -134 0 -7 -17 -40 0 -4 -49 -26 1 1 0 0 1 1 1 1 1 1 1 1 1 -11 1 1 1 4 2 -2 -1 4 0 2 0 1 -1 -1 1 -4 -178 37 5 -21 0 10 7 12 -2 -14
1 -1 -1 -1 0 0 0 -2 27 12 16 -19 0 2 -22 10 -35 -32 -36 -25 -33 -47 1 -9 -24 -31 1 1 1 1 1 1 1 1 1 1 1 1 0 3 0 2 1 1 0 2 1 -1 0 1 1 2 -3 -28 -111 -154 2 -25 -2 12 8 4 -21 -29
1 2 10 -5 1 2 0 2 0 3 0 9 -34 -45 -22 14 0 0 -19 -39 0 1 -11 -126 -34 -77 0 0 1 1 1 1 1 1 1 1 1 1 21 -102 1 0 0 2 1 1 -1 3 0 1 1 2 -2 -2 -192 -75 14 -17 0 0 -4 1 -10 -17
0 -6 20 16 0 0 214 -52 -1 -10 -23 -67 163 -41 -26 -11 -36 -56 -36 -33 -20 -45 -1 1 -1 1 -1 1 1 1 1 1 1 1 1 1 1 1 1 1 1 1 -168 52 1 0 -2 5 0 1 -9 17 0 1 0 1 0 1 11 -16 -234 -69 -12 -3
0 -1 20 19 0 -2 1 0 -30 -51 206 -2 -33 -76 -1 1 14 -2 -1 1 -1 1 5 0 -1 1 -1 1 0 -1 1 1 -1 2 2 0 1 1 1 1 1 1 -1 3 -1 3 -1 3 -1 3 -5 7 -11 0 0 1 0 1 12 6 -18 -9 -2 2
0 -3 -8 -29 0 0 -1 0 201 -46 0 1 1 0 0 1 0 1 0 1 11 22 -26 10 0 1 -5 8 1 1 0 1 1 1 2 1 0 1 -151 42 -1 2 0 2 -1 3 1 -1 -1 1 -3 3 0 1 2 0 -132 24 0 1 0 1 0 1
1 1 0 -3 215 -91 -8 -11 -28 -40 0 1 1 0 8 1 0 2 112 9 -8 0 8 -11 4 -5 2 -1 1 -1 0 1 -1 0 0 1 2 0 4 -1 -1 2 0 2 0 1 0 1 0 2 0 1 0 0 1 0 11 -2 -172 2 -179 -1 -62 6
0 -4 -7 -24 -10 -4 -1 4 0 1 0 1 32 -16 -10 21 162 -14 -13 7 102 22 0 1 -43 -8 -45 9 0 1 0 1 2 18 0 1 0 1 0 1 2 1 0 2 -5 12 -122 -1 -96 -20 -179 -177 0 3 0 1 20 8 -175 2 -21 23 -160 -20
7 20 1 2 216 -116 -19 -13 0 1 1 0 15 -13 0 1 -1 1 -13 -1 -23 15 159 12 -41 -6 132 -13 0 1 0 1 0 1 0 1 0 1 0 1 0 1 0 1 0 1 -124 -8 0 0 0 2 0 0 -114 7 -125 -1 -2 -15 -14 -7 -188 21
0 -6 -7 -18 0 3 0 2 0 1 0 1 138 -12 178 -26 -6 7 -13 -14 20 -8 -1 -20 -39 -10 0 1 0 1 0 1 0 1 0 1 0 1 0 1 0 1 0 1 -99 -17 61 -3 -135 -10 -124 -31 0 1 -126 13 -147 -16 9 -19 5 -7 -187 -19
0 1 0 1 0 -1 0 2 0 2 15 -28 21 -15 167 -22 -12 -8 165 -7 150 0 -11 -29 0 1 118 -32 0 2 0 2 1 0 0 2 0 2 0 2 -1 4 7 -15 60 -7 58 -20 0 1 0 1 0 2 27 -19 1 1 -179 -21 -177 -28 -61 -25
0 -1 -7 -26 2 -1 1 0 0 0 60 -25 200 -18 -1 0 -8 -24 -9 -25 -27 -5 156 -22 -34 0 124 -43 1 -2 1 0 1 0 0 0 0 0 1 0 1 -1 5 -1 51 -36 -14 0 -16 -1 -12 -32 -142 -23 12 -34 1 -2 -165 -44 -149 -18 -150 -4
