0 0 0 0 0 0 0 0 0 0 3 0 0 0 0 0 0 0 0 0 0 0 -1 0 0 0 0 0 0 0 0 0 0 0 0 0 0 0 1 0 1 0 2 0 1 0 21 13 35 28 11 0 6 0 8 1 21 0 0 0 0 0 -1 0
0 0 0 0 0 0 0 0 0 0 4 1 0 -2 0 -1 0 0 0 0 140 119 -5 -2 0 -1 0 0 9 3 -2 -2 0 0 0 0 0 0 1 0 0 -1 42 13 -13 -7 57 42 24 11 47 29 2 -5 16 15 8 -4 1 -2 -1 -2 -15 -3
0 0 0 0 0 0 0 0 0 0 0 0 0 -1 0 -1 0 3 0 5 6 3 -72 154 137 151 -10 11 -38 -4 -28 -6 0 1 0 -1 0 0 0 0 0 0 5 1 7 -2 0 -4 25 12 13 2 20 16 5 0 2 -2 0 -4 -2 -3 0 -7
0 0 0 0 0 0 0 0 0 0 0 0 0 0 0 -2 0 0 0 -1 -27 141 0 0 -84 63 2 0 -91 66 109 150 0 1 1 0 1 0 1 0 1 0 1 0 1 0 -15 -5 5 0 -1 -1 -46 -19 10 8 -9 -17 0 -6 -2 6 -15 5
0 0 0 0 1 0 -4 -1 0 0 0 0 0 0 0 -2 0 -3 0 0 -65 88 1 -1 15 -8 -45 109 -16 2 1 0 1 0 1 -1 2 0 1 0 2 0 2 0 1 0 1 0 0 0 0 0 0 -6 -3 -10 -22 -25 1 -1 3 -6 -35 -31
0 0 0 0 182 176 1 1 -1 -1 -1 -1 0 0 0 -2 0 -1 0 0 0 -3 21 -12 -9 -2 1 -3 99 113 1 0 2 0 2 0 2 0 2 0 2 0 1 0 2 1 2 1 2 0 1 1 1 1 -58 -36 -11 -22 0 -2 -4 0 -25 -16
0 0 0 -1 0 0 -2 -1 1 0 0 0 0 0 0 0 0 6 0 9 -27 42 -64 76 7 -5 -51 40 1 0 1 0 1 0 8 0 2 0 2 0 2 0 2 0 1 0 1 0 1 0 1 1 1 2 11 9 -12 -20 -15 -31 -72 -47 -73 -46
0 0 -1 0 -3 0 -10 0 -3 0 -7 0 0 0 0 0 0 1 -43 50 -2 -12 1 9 -83 89 -23 -2 1 0 1 0 2 -1 2 -1 2 0 2 0 2 0 1 0 -4 100 -4 96 1 0 1 0 0 -3 1 0 0 -3 -73 -53 -60 -44 -58 -48
8 1 -7 0 -8 0 -9 0 -12 0 -7 0 -8 0 0 0 0 -2 0 5 11 17 -5 -18 9 -28 0 2 0 2 1 0 -2 1 2 0 2 0 2 0 2 0 42 93 1 0 2 0 1 0 1 0 0 -1 0 -2 19 12 -45 -46 -69 -49 -5 -7
0 0 -1 1 -9 0 -10 0 -11 0 -10 0 -11 0 1 0 0 1 0 1 13 48 0 3 -66 56 1 2 1 0 1 0 2 0 1 0 2 0 2 0 2 0 -97 104 1 0 1 0 1 0 1 1 1 0 0 -3 23 16 -12 -12 -4 -2 -65 -53
0 0 3 0 -3 0 -10 0 -11 0 15 1 -12 0 -6 0 0 0 1 -4 -34 31 -6 -21 -61 35 1 1 2 0 2 -1 3 0 2 0 2 0 2 0 2 0 2 0 1 0 2 1 1 1 1 0 1 0 0 -1 4 3 1 -2 -4 -2 -16 -10
0 101 -2 0 231 79 64 -65 0 0 -2 18 23 67 35 -18 14 -17 14 23 -1 52 -2 26 -61 33 1 0 1 0 1 0 10 90 -20 36 2 0 2 0 2 0 2 1 1 0 1 1 1 0 1 0 1 1 0 -1 22 14 -71 103 2 1 0 0
0 -1 0 -3 200 40 64 -69 -1 14 -3 6 38 47 35 -23 -20 15 10 43 0 41 0 42 -4 61 1 0 2 0 2 0 2 0 2 0 2 0 2 0 2 0 2 0 1 0 59 14 1 1 1 0 1 0 0 2 5 6 1 -1 -6 -3 -3 -3
30 105 21 53 33 78 90 -77 -1 4 58 -41 47 22 2 -15 -21 7 34 60 -11 18 -33 -1 -2 68 2 10 22 65 7 43 2 0 2 0 2 0 4 0 -1 -57 2 0 2 0 1 1 1 1 1 1 0 1 0 1 5 6 -10 -14 3 1 -17 -8
0 0 -1 1 10 -25 13 49 32 66 1 21 0 1 21 -56 11 38 35 58 -1 24 -5 -49 -9 48 1 1 1 0 1 1 2 1 2 0 2 0 2 -1 2 -1 2 0 1 1 1 1 1 0 1 1 1 1 0 1 18 7 7 -3 6 6 -234 116
1 -8 92 -101 91 -95 82 -92 0 -13 15 -8 3 -2 -19 -14 -1 7 10 -42 2 -32 -39 -9 0 7 1 -5 -1 -2 2 0 2 0 2 1 1 -7 -6 -39 1 0 -25 -74 2 0 3 -30 1 2 0 1 -185 55 25 13 -1 -8 -205 77 -10 -1 -18 -11
1 28 22 -39 24 50 -11 4 1 -23 15 -39 36 41 152 21 36 -68 10 -50 -9 -41 0 5 -2 1 1 -12 0 1 2 0 2 0 2 0 2 0 2 1 2 1 2 0 1 1 -173 116 1 1 1 1 0 2 -125 -115 -139 -119 1 -1 -16 -7 -233 78
1 -21 -1 -20 66 -106 24 33 2 -48 166 15 35 -97 -29 1 -33 -1 -1 3 -9 -5 -1 8 -1 14 1 -4 1 1 2 0 2 0 2 0 2 0 2 1 1 0 -90 -25 1 1 2 -5 1 1 1 1 0 1 6 30 -204 35 -206 37 -20 -21 -158 -128
1 10 0 -3 0 -2 16 31 27 4 -1 7 0 2 -16 18 -32 -31 -31 -19 -12 -49 -17 6 -1 6 1 4 1 0 1 1 2 0 2 0 2 0 2 1 1 -2 1 1 1 0 41 -54 1 1 1 0 -194 -1 -126 -121 -210 29 -139 -132 -10 -15 -29 -23
7 23 -2 2 -2 5 -5 6 -1 1 -2 11 -24 -5 -44 -37 0 8 17 20 -2 -18 -13 -87 -52 -36 -32 -39 1 0 2 1 2 1 2 0 2 0 1 0 1 -1 1 0 1 -1 0 3 1 2 1 3 -192 -28 -197 3 -203 14 0 0 0 -1 -18 -16
1 9 -2 -1 0 3 0 11 2 18 1 8 -32 -31 -49 -41 1 16 -32 -21 0 4 -38 -69 0 -10 0 9 1 1 2 1 1 0 1 1 1 1 1 1 2 0 1 1 1 0 1 1 0 2 0 1 -194 -12 2 2 6 -19 -1 1 -224 13 -19 -10
0 2 14 -5 206 -47 203 -40 -28 -48 34 -148 26 -145 1 2 -33 -65 134 -14 22 -100 -30 -79 0 -66 -33 -68 -56 -51 1 0 1 0 3 0 1 1 -45 -18 1 1 1 0 1 0 1 0 0 2 0 1 1 2 -106 -142 4 -17 12 -6 1 0 -10 -25
0 7 -2 1 0 4 199 -61 -23 -83 14 -14 -34 -17 44 -163 -56 -30 -33 -30 -54 -45 16 -123 -1 1 5 0 -1 1 1 1 2 1 1 0 1 0 1 1 1 0 1 1 1 0 1 0 0 1 -1 2 2 2 1 1 6 4 -1 -18 -19 -14 -157 -156
0 6 20 20 206 -77 -1 -2 -28 -25 1 2 -8 -3 -1 1 14 -2 -1 1 -1 1 -2 1 -19 4 -2 1 0 1 1 0 1 0 2 0 2 0 0 1 1 1 1 0 4 -3 0 1 1 -1 1 0 -3 12 1 1 -9 -4 -1 0 -4 -13 -126 -156
19 35 -7 -8 1 2 -1 5 -29 -86 -14 -33 1 0 -2 2 4 0 176 17 166 56 156 33 1 -1 1 -1 -1 2 0 1 0 0 0 0 2 0 -1 1 -1 1 -1 2 -3 4 0 1 9 -2 -2 -11 0 4 -6 -3 1 1 0 1 1 1 -13 -5
8 38 11 15 225 -86 0 -2 -23 -24 0 1 0 1 -1 1 168 6 116 36 4 44 153 24 -76 -162 -61 24 0 2 0 1 0 1 -3 -3 0 0 2 0 0 1 0 1 0 1 0 1 0 1 2 0 -175 -156 -12 2 -12 30 -170 39 -165 -3 -170 -6
6 29 -8 -21 8 8 -8 -4 0 1 0 1 1 0 125 22 -6 28 3 17 -8 26 159 14 124 -6 138 11 -42 39 0 1 1 -4 0 1 0 1 0 1 3 1 0 0 1 -1 1 1 -159 -158 -178 -169 0 2 4 -5 9 -4 -172 5 -12 3 -194 38
4 25 -1 5 -1 2 -21 -17 -1 2 0 1 12 19 191 -3 166 10 14 26 159 13 84 20 128 9 3 6 -1 4 0 0 0 1 0 1 0 1 0 1 0 1 0 1 -7 16 45 16 -140 32 1 2 0 1 -131 27 -172 -4 -142 23 -184 3 -141 -5
6 24 2 13 -5 12 0 1 0 1 1 -2 180 3 45 -2 -11 -4 156 -14 140 -4 132 22 -50 -13 141 -5 0 0 0 1 0 1 0 1 0 1 0 1 1 0 0 1 -105 18 0 1 1 0 0 1 0 1 0 1 -11 12 -11 10 -140 2 -153 16
4 15 -1 8 -1 1 0 1 0 1 0 1 188 -21 177 -30 156 -7 8 -4 -37 6 -23 7 -50 3 -56 -24 0 1 0 1 -6 12 0 1 0 1 0 1 0 1 0 1 -67 -17 -129 -15 -103 -43 0 1 -126 -27 -1 0 0 1 -174 11 -22 13 0 -2
0 0 -4 -2 -2 3 0 1 0 0 139 -12 -2 5 42 -24 34 -26 161 -35 33 -34 138 -34 -1 -26 -48 -33 0 1 2 -1 -3 7 0 1 0 1 0 1 1 -1 75 -41 -81 -28 -86 -26 -124 -22 38 -5 0 0 -152 -25 1 0 11 2 4 2 -3 -9
1 0 -1 -2 0 0 175 -8 0 0 191 -38 7 -16 185 -4 28 -60 163 -49 151 -15 -29 -38 -29 -37 2 -5 1 -2 5 -10 1 -1 90 -167 0 0 0 0 2 -3 -109 -9 64 -29 -135 -2 41 -45 0 0 5 -32 5 -9 2 -3 12 -1 -150 -56 -154 -33
