1 3 0 1 0 1 1 3 1 3 2 7 2 2 -2 0 0 4 5 19 0 0 1 0 0 0 -3 12 0 2 1 4 2 11 2 2 18 15 2 2 21 4 5 0 -3 0 -15 0 -29 3 -2 0 -11 2 6 38 4 37 1 0 1 0 -91 21 -11 13 0 0 0 0 0 0 0 0 -8 0 -31 1 -3 0 40 5 33 4 0 0 8 0 9 1 3 0 0 0 0 0 0 0 -12 6 0 0 -28 12 0 0 1 0 -96 38 2 0 1 0 -2 0 4 0 -17 0 -3 0 -5 0 -4 0 0 0
0 -1 0 -1 0 -1 0 -1 0 -1 0 -1 0 -1 0 -1 0 -1 0 -1 0 -1 -1 -1 -1 0 -1 9 0 -1 2 1 273 -8 5 3 19 11 4 -1 0 0 0 -1 2 -1 0 0 0 -1 0 -1 0 -1 0 -1 0 -1 0 -1 0 -1 0 -1 -102 9 -112 7 -24 8 0 0 -119 26 -28 10 1 5 -13 0 -12 -2 2 5 21 2 6 1 1 0 -3 1 0 0 0 -1 0 -1 0 -1 0 -1 0 -1 0 -1 1 -1 0 -1 0 -1 0 -1 0 -1 0 -1 2 -1 0 -1 -2 -1 0 -1 0 -1
6 18 0 -1 2 -2 0 -1 13 13 0 -1 0 -1 2 -5 0 -1 0 -1 0 -1 2 0 0 -5 1 -2 0 -1 165 28 4 0 2 -1 -2 -10 -1 -7 -6 -8 -2 -4 -20 -13 -16 -5 -26 -5 0 0 0 -1 0 -1 5 6 -1 -1 0 -1 -93 2 -98 9 -120 -6 -79 20 6 -4 14 0 8 -10 -46 8 -40 3 -148 19 -24 -8 -10 2 6 -1 -32 5 -6 0 0 -2 -126 25 0 -2 0 -1 0 -1 0 -1 0 -1 0 -1 -340 9 -4 -2 0 0 0 -1 -1 -1 -3 -1 0 0 -1 -1 0 0 0 -1
0 -1 0 -1 1 -2 0 -1 -6 -13 2 0 0 -1 1 -1 0 -3 5 -9 1 -13 1 0 0 0 0 -1 7 1 3 0 0 -2 -2 -15 -1 -6 -1 -11 0 -6 0 -1 -24 -17 24 2 -26 -9 -34 -9 -37 -9 -9 1 -4 -9 0 -1 -83 -5 0 -10 -112 -10 1 -14 -14 0 16 -5 8 -6 19 -12 -40 7 -33 -8 8 -6 -76 14 -149 19 0 -1 0 -1 0 -1 0 -1 0 -1 0 -1 0 -1 0 -1 0 -1 0 -1 0 -1 0 -1 0 -1 0 -1 1 5 -3 -1 -4 -1 0 -1 0 -1 0 -1 0 -1
1 -2 0 -3 4 8 0 -1 0 -3 1 -2 -8 -19 0 -1 33 16 0 -3 -5 -20 2 -1 -5 -3 -5 -6 -7 -12 0 -4 0 -1 0 -1 2 -1 7 -2 24 6 10 -3 -22 -13 -28 -12 -37 -11 0 -3 -58 -22 52 -20 -43 -1 -6 0 22 -8 -76 -1 -70 7 -2 -7 8 -18 55 -16 -6 -8 0 -1 0 -1 0 -1 0 -1 0 -1 0 -1 0 -1 0 0 0 -1 0 -1 0 -1 0 -1 0 -1 0 -1 0 -1 0 -1 0 -1 0 -1 0 -1 0 -1 0 -4 -396 -5 -5 -6 0 -1 0 0 0 -1 0 -1
0 -21 8 5 -3 -12 -6 -22 0 1 0 -2 0 -1 0 -1 0 -33 393 -8 0 -1 0 -1 -9 -9 0 -1 0 -1 0 -1 0 -1 1 -3 0 -3 3 -1 -10 -6 -3 -3 -7 -4 -15 -10 59 -11 0 -1 0 -1 0 -1 0 -1 0 -1 0 -1 0 -1 -74 3 0 -1 0 -1 0 -1 0 -1 0 -1 0 -1 0 -1 0 -1 0 -1 0 -1 0 -1 1 -1 -1 -1 1 -1 0 -1 0 -1 0 -1 0 -1 0 -1 0 -1 0 -1 0 -1 0 -1 0 -1 0 0 -363 10 -5 -12 -5 3 -1 -1 -1 0 0 -1
0 -1 0 -1 0 -1 0 -1 0 -1 0 -1 0 -2 -1 -2 12 2 0 -1 7 1 6 -2 366 -11 0 -1 0 -1 0 -1 15 5 10 3 -2 -3 0 -2 -32 -23 -20 -8 -28 -9 0 -2 0 -2 -52 -8 0 -1 0 -1 0 -1 1 -1 0 -1 0 -1 0 -1 0 -1 0 -1 -136 -9 0 -1 0 -1 0 -1 0 -1 0 -1 0 -1 0 -1 0 -1 0 -1 0 -1 0 -1 0 -1 0 -1 0 -1 0 -1 0 -1 0 -1 0 -1 0 -1 0 -1 0 -1 6 -8 7 -23 3 -6 0 -1 0 -1 0 -1 0 -1
0 -1 0 -1 0 -1 0 -1 0 -1 0 -1 0 -1 -5 -4 0 -1 -1 -2 -1 -2 -13 -6 7 1 -18 -7 -24 -8 -16 -4 0 -1 0 -1 1 -2 0 -1 0 -1 0 -1 0 -1 1 -2 0 -1 0 -1 0 -1 0 -1 0 -1 0 -1 0 -1 0 -1 0 -1 -83 -2 0 -1 0 -1 0 -1 2 -1 16 -4 -198 -31 0 -5 -214 -30 -21 -7 0 -1 0 -1 0 -1 0 -1 0 -1 0 -1 -1 -1 0 -1 0 -1 0 -1 0 -1 0 -1 0 -1 0 -1 0 -1 0 -1 0 -1 0 -1 10 -1 5 0 0 0
0 -1 -1 -1 0 -1 0 -1 0 -1 0 -1 0 -1 0 -1 -31 -20 0 -1 0 -1 0 -1 1 -1 1 -1 0 -1 0 -1 0 -1 0 -1 0 -1 0 -1 0 -1 0 -1 0 -1 0 -1 0 -1 0 -1 0 -1 0 -1 0 -1 0 -1 0 -1 0 -1 0 -1 0 -1 0 -1 0 -1 0 -1 0 -1 0 -1 0 -1 2 -2 -224 -39 -2 -1 -1 -1 -250 -35 0 -1 0 -1 0 -1 0 -1 0 -1 0 -1 0 -1 0 -1 0 -1 0 -1 0 -1 0 -1 0 -1 0 -1 0 -1 1 0 1 0 0 -1 0 -1
0 -1 0 -1 0 -1 0 -1 0 -1 0 -1 0 -1 0 -1 0 -1 0 -1 0 -1 0 -1 0 -1 0 -1 0 -1 0 -1 0 -1 0 -1 0 -1 196 -41 0 -1 0 -1 0 -1 0 -1 0 -1 0 -1 0 -1 0 -1 0 -1 0 -1 0 -1 0 -1 0 -1 0 -1 0 -1 0 -1 0 -1 0 -1 0 -1 0 -1 0 -1 0 -1 0 -1 0 -1 0 -1 0 -1 0 -1 0 -1 0 -1 0 -1 0 -1 0 -1 0 -1 0 -1 0 -1 0 -1 0 -1 0 -1 0 -1 0 -1 0 -1 0 -1 0 -1 0 -1
0 -1 0 -1 0 -1 0 -1 0 -1 0 -1 0 -1 0 -1 0 -1 0 -1 0 -1 0 -1 0 -1 0 -1 0 -1 0 -1 0 -1 0 -1 0 -1 -1 -1 0 -1 0 -1 0 -1 0 -1 0 -1 0 -1 0 -1 0 -1 0 -1 0 -1 0 -1 0 -1 0 -1 0 -1 0 -1 0 -1 0 -1 0 -1 0 -1 0 -1 0 -1 0 -1 0 -1 0 -1 0 -1 0 -1 0 -1 0 -1 0 -1 0 -1 0 -1 0 -1 0 -1 0 -1 0 -1 0 -1 0 -1 0 -1 0 -1 0 -1 0 -1 0 -1 0 -1 0 -1
0 -1 0 -1 0 -1 0 -1 0 -1 0 -1 0 -1 0 -1 0 -1 1 -1 0 -1 0 -1 0 -1 0 -1 0 -1 0 -1 0 -1 0 -1 0 -1 -1 -1 0 -1 1 -1 0 -1 0 -1 0 -1 0 -1 0 -1 0 -1 0 -1 0 -1 0 -1 0 -1 0 -1 0 -1 0 -1 0 -1 0 -1 0 -1 0 -1 0 -1 0 -1 0 -1 0 -1 0 -1 0 -1 0 -1 0 -1 0 -1 0 -1 0 -1 0 -1 0 -1 0 -1 -14 8 0 -1 0 -1 0 -1 0 -1 0 -1 0 -1 0 -1 0 -1 0 -1 0 -1
0 -1 0 -1 0 -1 0 -1 0 -1 0 -1 0 -1 0 -1 0 -1 0 -1 0 -1 0 -1 0 -1 0 -1 0 -1 0 -1 0 -1 0 -1 40 21 8 3 0 -2 -1 -2 0 -3 14 2 0 -1 0 -1 -8 -2 0 -1 0 -1 0 -1 0 -1 0 -1 0 -1 0 -1 0 -1 0 -1 0 -1 0 -1 0 -1 0 -1 0 -1 0 -1 0 -1 0 -1 0 -1 0 -1 0 -1 0 -1 0 -1 0 -1 0 -1 0 -1 -16 5 -6 -4 0 -1 0 -1 0 -1 0 -1 0 -1 0 -1 0 -1 0 -1 0 -1 0 -1
0 -1 0 -1 0 0 292 -4 0 -1 0 -1 0 -1 0 -1 0 -1 0 -1 0 -1 0 -1 0 -1 0 -1 0 -1 0 -1 0 -1 0 -1 0 -1 0 -8 0 -3 8 -2 -16 -9 16 6 0 3 -2 -6 -8 -5 0 -2 0 -1 0 -1 0 -1 0 -1 0 -1 0 -1 0 -1 0 -1 0 -1 1 -1 0 -1 0 -1 0 -1 0 -1 0 -1 0 -1 0 -1 0 -1 0 -1 0 -1 0 -1 0 -1 -1 -1 3 -9 -8 -5 0 -1 0 -1 0 -1 0 -1 0 -1 0 -1 0 -1 0 -1 0 -1 0 -1 0 -1
0 -1 0 -1 0 -1 0 -1 0 -1 0 -1 0 -1 0 -1 0 -1 0 -1 0 -1 0 -1 0 -1 0 -1 0 -1 0 -1 0 -1 242 -16 -2 -7 8 -8 0 -1 0 -1 0 -1 132 -12 0 -5 -6 -16 0 -1 0 -1 0 -1 0 -1 0 -1 0 -1 0 -1 -1 0 -80 -18 0 -1 0 -1 0 -1 0 -1 0 -1 0 -1 0 -1 0 -1 0 -1 0 -1 0 -1 0 -1 0 -1 0 -1 0 -1 0 -1 0 -1 0 -1 0 -1 0 -1 0 -1 0 -1 0 -1 0 -1 0 -1 0 -1 0 -1 0 -1 0 -1
0 -1 0 -1 0 -1 0 -1 0 -1 0 -1 0 -1 0 -1 0 -1 0 -1 0 -1 0 -1 0 -1 0 -1 0 -1 0 -1 0 -1 0 -1 0 -1 0 -1 0 -1 0 -1 0 -1 0 -1 0 -1 -24 -25 0 -1 -19 -21 -24 -19 2 -1 0 -1 0 -1 0 -1 0 -1 0 -1 0 -1 0 -1 0 -1 0 -1 0 -1 0 -1 0 -1 0 -1 0 -1 0 -1 0 -1 0 -1 0 -1 0 -1 0 -1 0 -1 0 -1 0 -1 0 -1 0 -1 0 -1 0 -1 0 -1 0 -1 0 -1 0 -1 0 -1 0 -1 0 -1
0 -1 0 -1 0 -1 0 -1 0 -1 0 -1 0 -1 0 -1 0 -1 0 -1 0 -1 0 -1 0 -1 0 -1 0 -1 0 -1 0 -1 0 -1 0 -1 0 -1 0 -1 0 -1 0 -1 0 -1 0 -1 0 -1 0 -1 0 -1 0 -1 0 -1 0 -1 0 -1 0 -1 0 -1 0 -1 0 -1 0 -1 0 -1 0 -1 0 -1 0 -1 0 -1 0 -1 0 -1 0 -1 0 -1 0 -1 0 -1 0 -1 0 -1 0 -1 0 -1 0 -1 0 -1 0 -1 0 -1 0 -1 0 -1 0 -1 0 -1 0 -1 0 -1 0 -1 0 -1
0 -1 0 -1 0 -1 0 -1 0 -1 0 -1 0 -1 0 -1 0 -1 0 -1 0 -1 0 -1 0 -1 0 -1 0 -1 0 -1 0 -1 0 -1 0 -1 0 -1 0 -1 0 -1 0 -1 0 -1 0 -1 0 -1 0 -1 0 -1 0 -1 0 -1 0 -1 0 -1 0 -1 0 -1 0 -1 0 -1 0 -1 0 -1 0 -1 0 -1 0 -1 0 -1 0 -1 0 -1 0 -1 0 -1 0 -1 0 -1 0 -1 0 -1 0 -1 0 -1 0 -1 0 -1 0 -1 0 -1 0 -1 0 -1 0 -1 0 -1 0 -1 0 -1 0 -1 0 -1
0 -1 0 -1 0 -1 0 -1 0 -1 0 -1 0 -1 0 -1 0 -1 0 -1 0 -1 0 -1 0 -1 0 -1 0 -1 0 -1 0 -1 0 -1 0 -1 0 -1 0 -1 0 -1 0 -1 0 -1 0 -1 0 -1 0 -1 0 -1 0 -1 0 -1 0 -1 0 -1 0 -1 0 -1 0 -1 0 -1 0 -1 0 -1 0 -1 0 -1 0 -1 0 -1 0 -1 0 -1 0 -1 0 -1 0 -1 0 -1 0 -1 0 -1 0 -1 0 -1 0 -1 0 -1 0 -1 0 -1 0 -1 0 -1 0 -1 0 -1 0 -1 0 -1 0 -1 0 -1
0 -1 0 -1 0 -1 0 -1 0 -1 0 -1 0 -1 0 -1 0 -1 0 -1 0 -1 0 -1 0 -1 0 -1 0 -1 0 -1 0 -1 0 -1 0 -1 0 -1 0 -1 0 -1 0 -1 0 -1 0 -1 0 -1 0 -1 0 -1 0 -1 0 -1 0 -1 0 -1 0 -1 0 -1 0 -1 0 -1 0 -1 0 -1 0 -1 0 -1 0 -1 0 -1 0 -1 0 -1 0 -1 0 -1 0 -1 0 -1 0 -1 0 -1 0 -1 0 -1 0 -1 0 -1 0 -1 0 -1 0 -1 0 -1 0 -1 0 -1 0 -1 0 -1 0 -1 0 -1
0 -1 0 -1 0 -1 0 -1 0 -1 0 -1 0 -1 0 -1 0 -1 0 -1 -1 -1 0 -1 0 -1 0 -1 0 -1 0 -1 0 -1 0 -1 0 -1 0 -1 0 -1 0 -1 0 -1 0 -1 0 -1 0 -1 0 -1 0 -1 0 -1 0 -1 0 -1 0 -1 0 -1 0 -1 0 -1 0 -1 0 -1 0 -1 0 -1 0 -1 0 -1 0 -1 0 -1 -1 -1 0 -1 -1 -1 0 -1 -1 -1 0 -1 0 -1 0 -1 1 -1 0 -1 0 -1 0 -1 0 -1 -448 274 0 -1 0 -1 0 -1 0 -1 0 -1 0 -1 0 -1
0 -1 0 -1 -1 -1 0 -1 0 -1 0 -1 0 -1 0 -1 0 -1 0 -1 0 -1 0 -1 0 -1 0 -1 0 -1 0 -1 0 -1 0 -1 0 -1 0 -1 0 -1 -128 176 0 -1 63 226 0 -1 0 -1 0 -1 0 -1 0 -1 118 142 174 154 146 130 0 -1 0 -1 102 0 -4 25 0 0 0 -1 -1 2 0 -1 0 -1 0 -1 0 0 0 -1 0 -1 0 -1 0 -1 0 -1 0 -1 0 -1 0 -1 0 -1 0 -1 0 -2 0 -1 0 -1 0 -1 0 -1 0 -1 0 -1 0 -1 0 -1 0 -1 0 -1
0 -1 0 -1 3 -142 -19 43 0 -1 0 -1 0 -1 0 -1 0 -1 0 -1 0 -1 0 -1 0 -1 0 -1 0 -1 0 -1 0 -1 0 -1 0 -1 0 -1 0 -1 0 -1 0 -1 0 -1 0 -1 0 -1 0 -1 0 -1 0 -1 0 -1 0 -1 0 -1 0 -1 0 -1 0 -1 0 -1 -8 -10 -8 -9 0 -1 0 -1 8 -14 2 0 0 -15 0 -1 0 -1 56 8 0 -1 12 -1 0 -1 0 -1 0 -1 0 -1 -21 -14 0 -1 0 -1 0 -1 0 -1 0 -1 0 -1 0 -1 0 -1 0 -1 1 -1 0 -1
56 -127 1 63 475 -165 0 -1 0 -1 10 -126 -7 2 -52 37 389 -132 0 -1 1 -1 -1 -1 0 -1 -77 81 0 -1 0 -1 0 -1 0 -1 0 -1 0 -1 0 -1 0 -1 0 -1 0 -1 0 -1 0 -1 1 -1 0 -1 -1 -1 -2 -1 0 -1 0 -1 0 -1 142 121 0 -1 -1 -1 0 -1 132 140 0 -1 80 23 0 -2 0 -1 30 21 0 -1 -37 -10 0 -1 -8 -2 0 -1 0 -1 0 -1 -5 -1 -1 -1 0 -1 0 -1 0 -1 -8 -8 -10 -8 0 -1 0 -1 0 -1 0 -1 0 -1 0 -1 0 -1
0 -1 -8 38 0 0 0 0 -13 -1 -36 -148 -45 -173 -32 -14 412 -178 -57 62 404 -162 -38 1 125 72 328 -181 0 -1 0 -1 0 -1 0 -1 0 -1 0 -1 0 -1 0 -1 0 -1 1 -1 0 -1 1 -1 0 -1 0 -1 -1 -1 0 -1 0 -1 0 -1 -3 -1 -6 0 -5 0 -1 -1 -3 -1 32 -26 -4 -3 -2 -3 0 -1 0 -1 -30 -3 -26 -27 0 0 0 -1 -56 -17 0 -1 0 -1 0 -1 -7 0 -17 -2 1 -1 0 -1 0 -1 0 -1 0 -1 0 -1 -456 300 0 -1 0 -1 0 -1 0 -1 0 -1
1 -1 0 0 -9 -33 12 -140 -13 -4 -1 -1 421 -186 -41 65 -32 35 -42 -66 397 -167 -63 11 0 -1 -1 -1 0 -1 0 -1 0 -1 0 -1 0 -1 0 -1 0 -1 0 -1 0 -1 0 -1 0 -1 0 -1 0 -1 0 -1 0 -1 0 -1 0 -1 0 -1 -2 -1 -1 -1 -2 -1 -1 -1 -1 -1 -4 -1 -2 -1 0 -1 0 -1 0 -1 0 -1 2 -1 0 -1 -48 -22 -40 -22 0 -1 0 -1 0 -1 0 -1 0 -1 0 -1 0 -1 0 -1 -48 -24 0 -1 0 -1 0 -1 0 -1 0 -1 -1 -1 0 -1 0 -1
0 -2 -8 -2 -5 -1 475 -192 -29 63 -40 23 -24 73 -24 41 -20 -194 -13 -164 -4 -168 -63 89 12 -160 0 -1 0 -1 0 -1 0 -1 0 -1 0 -1 0 -1 0 -1 0 -1 0 -1 0 -1 0 -1 0 -1 0 -1 0 -1 0 -1 0 -1 0 -1 0 -1 0 -1 -1 -1 -2 -1 -1 -1 -1 -1 0 0 -1 -1 0 -1 0 -1 -10 0 0 -1 0 -1 0 -1 -46 -21 0 -1 0 -1 0 -1 0 -1 -72 -16 0 -1 0 -1 -110 -48 0 -1 0 -1 0 -1 0 -1 -1 -1 -1 3 -1 -1 -1 -2 0 -1 0 -1
0 -1 1 -5 29 -23 473 -183 -27 79 -10 16 11 -187 8 -197 -28 30 -38 46 398 -189 -47 17 16 14 1 -1 0 -1 0 -1 0 -1 0 -1 0 -1 0 -1 0 -1 0 -1 0 -1 0 -1 0 -1 0 -1 0 -1 0 -1 0 -1 0 -1 0 -1 0 -1 0 -1 0 -1 0 -1 0 -1 -1 -1 0 -1 0 -1 0 -1 0 -1 -1 -1 0 -1 0 -1 0 -1 0 -1 0 -1 0 -1 0 -1 0 -1 0 -1 0 -1 0 -1 1 -1 -88 -30 0 -1 0 -1 -12 -10 -42 90 -1 -2 0 -1 -1 -1 0 -1 0 -1
5 -211 6 -218 474 -186 3 -13 -22 -15 35 -168 11 -185 416 -200 22 -4 388 -193 398 -191 -34 -200 32 -170 203 -163 0 -1 0 -1 0 -1 0 -1 0 -1 0 -1 0 -1 0 -1 0 -1 0 -1 0 -1 0 -1 0 -1 0 -1 0 -1 0 -1 0 -1 0 -1 0 -1 0 -1 0 -1 0 -1 0 -1 0 -1 0 -1 0 -1 0 -1 0 -1 0 -1 0 -1 0 -1 0 -1 0 -1 0 -1 0 -1 0 -1 0 -1 0 -1 0 -1 0 -1 0 -1 0 -1 0 -1 0 -1 0 5 -1 -7 0 -1 0 -1 0 -1 0 -1
28 -197 480 -202 8 -189 473 -217 -3 -9 -30 25 -24 19 420 -191 34 -176 38 -172 -5 -42 -28 -198 -10 -224 -7 -4 -26 1 0 -1 0 -1 0 -1 0 -1 0 -1 0 -1 0 -1 0 -1 0 -1 0 -1 0 -1 0 -1 0 -1 0 -1 0 -1 0 -1 0 -1 0 -1 0 -1 0 -1 0 -1 0 -1 0 -1 0 -1 0 -1 0 -1 0 -1 0 -1 0 -1 0 -1 0 -1 0 -1 0 -1 0 -1 0 -1 0 -1 0 -1 0 -1 0 -1 0 -1 0 -1 0 -1 -108 -53 -1 0 -1 0 -1 -1 0 -1 -1 -1 -1 -1
0 -1 8 -230 11 -16 467 -208 -24 -19 -4 -13 20 -198 -14 -238 -35 35 32 -192 14 -230 -17 -36 25 13 396 -80 -2 -223 0 -1 0 -1 0 -1 0 -1 0 -1 0 -1 0 -1 0 -1 0 -1 0 -1 0 -1 0 -1 0 -1 0 -1 0 -1 0 -1 0 -1 0 -1 0 -1 0 -1 0 -1 0 -1 0 -1 0 -1 0 -1 0 -1 0 -1 0 -1 0 -1 0 -1 0 -1 0 -1 0 -1 0 -1 0 -1 0 -1 0 -1 0 -1 0 -1 0 -1 0 -1 0 -1 0 -1 -1 -1 0 -1 0 -1 -1 -1 -1 -1 0 -1
0 -1 0 -1 17 -215 27 -216 449 -233 7 -216 -7 -17 -23 -8 4 -236 -3 -36 298 -246 -30 -23 12 -239 7 -238 271 -242 0 -1 0 -1 0 -1 0 -1 0 -1 0 -1 0 -1 0 -1 0 -1 0 -1 0 -1 0 -1 0 -1 0 -1 0 -1 0 -1 0 -1 0 -1 0 -1 0 -1 0 -1 0 -1 0 -1 0 -1 0 -1 0 -1 0 -1 0 -1 0 -1 0 -1 0 -1 0 -1 0 -1 0 -1 0 -1 0 -1 0 -1 0 -1 0 -1 0 -1 0 -1 0 -1 0 -1 0 -1 0 -1 0 -1 0 -1 0 -1 0 -1
0 -1 0 -1 0 -1 441 -235 201 17 449 -218 8 -211 46 -208 -20 -13 362 -242 -4 -21 21 -26 -4 -22 280 -245 0 -1 0 -1 0 -1 0 -1 0 -1 0 -1 0 -1 0 -1 0 -1 0 -1 0 -1 0 -1 0 -1 0 -1 0 -1 0 -1 0 -1 0 -1 0 -1 0 -1 0 -1 0 -1 0 -1 0 -1 0 -1 0 -1 0 -1 0 -1 0 -1 0 -1 0 -1 0 -1 0 -1 0 -1 0 -1 0 -1 0 -1 0 -1 0 -1 0 -1 0 -1 0 -1 0 -1 -61 -75 0 -1 0 -1 -1 -2 0 -1 0 -1 0 -1
0 -4 1 -1 0 -1 0 -1 28 -219 35 -201 55 -196 65 22 380 -244 20 -52 3 9 314 -251 0 -1 0 -1 0 -1 0 -1 0 -1 0 -1 0 -1 0 -1 0 -1 0 -1 0 -1 0 -1 0 -1 0 -1 0 -1 0 -1 0 -1 0 -1 0 -1 0 -1 0 -1 0 -1 0 -1 0 -1 0 -1 0 -1 0 -1 0 -1 0 -1 0 -1 0 -1 0 -1 0 -1 0 -1 0 -1 0 -1 0 -1 0 -1 0 -1 0 -1 0 -1 0 -1 0 -1 0 -1 0 -1 0 -1 0 0 -2 -3 -4 -4 0 -2 0 -2 -1 -2
1 8 2 -19 16 -261 0 -1 7 8 93 -208 53 37 18 11 13 10 67 -211 60 -214 318 -261 -63 -139 0 -1 0 -1 0 -1 0 -1 0 -1 0 -1 0 -1 0 -1 0 -1 0 -1 0 -1 0 -1 0 -1 0 -1 0 -1 0 -1 0 -1 0 -1 0 -1 0 -1 0 -1 0 -1 0 -1 0 -1 0 -1 0 -1 0 -1 0 -1 0 -1 0 -1 0 -1 0 -1 0 -1 0 -1 0 -1 0 -1 0 -1 0 -1 0 -1 0 -1 0 -1 0 -1 0 -1 0 -1 0 -1 0 -1 -62 97 -7 3 -9 -6 -9 -5 -19 -8
1 5 12 -257 13 -271 11 -39 -16 -136 176 -273 452 -37 396 -280 51 32 -2 4 -3 3 -1 3 28 8 0 -1 0 -1 0 -1 0 -1 0 -1 0 -1 0 -1 0 -1 0 -1 0 -1 0 -1 0 -1 0 -1 0 -1 0 -1 0 -1 0 -1 0 -1 0 -1 0 -1 0 -1 0 -1 0 -1 0 -1 0 -1 0 -1 0 -1 0 -1 0 -1 0 -1 0 -1 0 -1 0 -1 0 -1 0 -1 0 -1 0 -1 0 -1 0 -1 0 -1 0 -1 0 -1 0 -1 0 -1 0 -1 0 -1 0 -1 -5 -1 -12 -9 2 0 0 -1
1 -1 23 -63 53 -98 23 -35 -2 -126 304 -138 -28 -141 -15 -2 30 9 49 27 29 8 24 21 16 24 27 10 355 -270 -60 -253 -99 -34 0 -1 0 -1 0 -1 0 -1 0 -1 0 -1 0 -1 0 -1 0 -1 0 -1 0 -1 0 -1 0 -1 0 -1 0 -1 0 -1 0 -1 0 -1 0 -1 0 -1 0 -1 0 -1 0 -1 0 -1 0 -1 0 -1 0 -1 0 -1 0 -1 0 -1 0 -1 0 -1 0 -1 0 -1 0 -1 0 -1 0 -1 0 -1 0 -1 0 -1 0 -1 0 -1 0 -1 0 -1 -1 -1 -2 -1 -3 -1
1 0 11 -47 29 -67 10 -152 179 -88 7 -164 249 -5 359 64 30 6 150 -231 161 -222 24 15 113 -229 26 2 359 -253 -48 -100 279 -275 0 -1 0 -1 0 -1 0 -1 0 -1 0 -1 0 -1 0 -1 0 -1 0 -1 0 -1 0 -1 0 -1 0 -1 -223 -163 -84 -55 -18 -1 0 -1 0 -1 0 -1 0 -1 0 -1 0 -1 0 -1 0 -1 0 -1 0 -1 0 -1 0 -1 0 -1 0 -1 0 -1 0 -1 0 -1 0 -1 0 -1 -223 -134 0 -1 0 -1 0 -1 0 -1 0 -1 4 30 0 -1 2 -1 0 -1 0 -1
448 -271 38 -73 19 -157 437 -10 391 51 -21 -159 161 -96 53 -170 30 10 173 -232 34 -227 116 -238 150 -232 26 -4 -90 -2 -106 -1 113 -7 -2 -3 -26 -162 28 -4 15 -3 10 -3 -41 -1 -46 -1 -11 -2 -9 -2 8 -2 -25 -1 2 -2 -15 -1 -24 -1 -240 4 -65 0 -249 6 -75 9 -219 57 72 75 -269 49 0 -1 -2 -2 0 -1 2 -1 0 -1 -1 -1 62 82 128 102 38 26 0 -1 -6 -1 -136 -117 21 -132 -10 -142 -27 -143 -1 0 0 1 0 0 0 2 0 -1 0 -1 5 0 0 -1 -1 -1 -2 -1 -2 -1
12 -167 136 -160 -3 10 456 -49 233 -211 437 -200 -13 -217 426 -15 30 9 3 -229 29 8 28 8 26 8 26 8 74 -5 66 -5 24 -3 50 -4 8 -2 56 -1 24 -2 -16 -1 32 -1 24 0 0 -1 0 -1 0 -2 -176 182 130 59 -59 0 -31 0 -52 78 -216 192 -247 41 -73 86 -210 57 -2 -1 -10 1 -104 80 144 122 0 -1 0 -1 56 21 0 -1 0 -1 -1 -1 22 -9 44 21 -118 -213 73 -189 -324 -135 -169 0 -160 21 -147 67 -352 10 19 -17 0 0 0 15 0 1 -34 20 -1 -1 0 -1 0 -1 0 -1
1 5 2 6 392 51 430 -3 2 8 11 10 12 10 268 -224 130 -229 218 -224 -28 -209 381 -213 26 8 26 8 240 58 236 59 231 60 332 168 320 172 270 109 264 112 -16 0 10 -3 -105 45 -22 0 -14 -1 201 108 184 92 138 18 -164 45 -168 47 57 -14 195 -156 46 -12 42 -6 154 98 -1 -1 170 116 186 141 174 164 184 163 9 -1 -1 -1 11 -2 -1 -1 -72 5 -134 60 80 -198 -142 -11 -141 -11 -96 36 -148 -10 -330 -202 -170 -221 -215 60 -149 61 0 7 2 -11 0 -3 6 -17 -2 -51 -2 -1 -3 -1 -3 -1
0 5 396 -7 10 7 -1 2 421 9 344 -227 10 8 20 10 -7 2 -6 3 12 9 19 8 383 -74 228 -15 -98 176 306 88 352 120 328 131 0 1 0 0 0 -1 136 81 230 122 0 -1 0 -1 0 -1 0 -1 -8 0 -136 44 -35 -15 -222 25 -230 21 174 97 160 94 144 71 169 92 131 69 204 108 181 108 182 109 184 94 152 106 -328 159 44 -5 26 -6 -144 0 62 -171 -149 -12 -153 -12 -89 68 76 -40 -184 53 48 -22 -13 -108 40 -62 -218 53 -374 6 2 -2 0 -1 10 -63 -1 -1 -1 -1 0 -1 0 -1
446 97 419 64 418 65 7 7 -4 0 184 54 18 8 16 8 29 9 30 8 2 11 408 0 242 56 208 67 242 -3 51 -12 106 -16 99 -16 14 -3 -1 0 24 -5 -10 1 -6 0 0 -1 0 -1 -127 162 -152 52 -178 88 140 54 0 -13 -190 45 146 79 -183 32 143 79 172 104 132 87 -258 19 176 126 131 87 -172 -7 32 -4 -304 18 -317 19 66 75 -141 -16 -83 17 82 99 78 106 46 89 -155 -153 75 -62 69 -62 -345 -1 43 -30 -412 -9 22 -213 -378 -1 -81 -238 0 -1 -166 -215 -4 -61 -232 -212 -2 -1 -2 -1
446 87 394 49 18 8 198 54 196 54 190 53 192 55 184 56 -4 13 160 64 176 65 13 26 314 157 78 -15 44 -9 36 -8 26 -6 48 -10 42 -9 35 -8 -51 53 -60 15 -32 8 -1 -1 203 153 -97 60 -128 72 20 -16 152 81 -170 86 -157 32 -52 -33 -57 -34 134 67 107 45 125 71 64 -10 -222 23 -279 19 -6 65 -282 131 82 107 65 94 16 -7 -139 -26 -82 10 -216 -10 -108 65 -360 16 -180 -23 -304 -7 -77 36 -350 -11 -175 19 -125 42 -122 24 -144 -13 -200 -39 -204 -40 -214 -41 -222 -41 -154 -14 -1 -1 0 -2
0 -1 368 30 358 31 391 71 416 84 381 68 418 101 409 106 290 -20 65 -13 92 -18 62 -13 59 -13 43 -9 88 -18 -103 43 -75 45 303 139 -105 126 -43 11 -140 28 234 132 184 89 -86 124 232 126 -92 72 138 52 -111 12 -206 54 -94 30 -169 79 144 98 -80 -24 -227 86 -53 53 -80 56 136 115 70 73 -192 97 -259 133 -247 49 -237 11 42 72 -344 66 -142 -12 -142 -12 -142 -12 -153 -13 101 -155 -186 0 -333 -19 -341 -19 -349 -19 -356 -20 -146 -13 -143 -14 -355 -62 -363 -62 -371 -62 -143 -15 -153 19 -250 -309 -1 -1 -1 -1
0 -1 0 -1 0 -1 192 45 54 4 394 86 336 37 -22 110 88 -53 125 -54 -6 55 172 57 278 108 8 40 -8 34 -97 16 -64 62 176 49 -112 16 -45 26 0 46 -50 65 0 0 -52 29 0 0 -1 0 -78 72 198 126 -157 113 -120 19 -38 -23 61 52 -144 20 -199 37 -91 63 -104 61 -112 56 53 65 70 80 90 110 -272 39 -322 6 -320 78 -111 -40 -141 -12 -142 -12 -143 -12 105 -60 -156 -270 -140 -6 -333 -26 -342 -27 -354 -27 -132 15 -218 -209 -153 -14 -145 -13 -165 -15 -166 -15 -235 -315 -244 -351 -214 -66 -1 -286 -2 -1
393 55 12 94 2 14 55 44 200 -44 -24 71 -16 65 349 68 172 -46 -57 23 -2 134 -16 70 -23 61 0 0 5 55 238 73 -96 19 -2 39 234 121 -56 70 -6 47 -1 0 -1 0 -62 28 190 126 116 114 138 72 136 90 -69 -17 -27 49 -85 68 -78 -1 -72 -23 13 67 -114 79 -142 73 -81 50 20 86 -48 45 35 28 103 96 27 -6 -280 23 88 89 -141 -12 -142 -12 -270 -31 -312 -39 -137 5 -142 -9 -146 -17 -341 -35 46 7 -146 -14 -147 -14 -137 -13 -150 -14 -148 -14 -148 -14 -445 -71 -336 -80 -147 -14 -2 -1 -2 -1
366 43 44 115 96 25 -3 17 2 -1 384 127 -23 -12 -38 -13 138 31 -54 8 145 36 276 36 329 113 0 0 -3 0 -14 -10 0 48 -50 50 280 112 0 0 44 -18 143 45 102 90 -93 87 -24 56 -30 -30 -55 83 18 77 10 54 -29 56 -80 67 -64 -30 -114 110 94 106 -134 101 0 56 -150 -1 -140 -32 120 110 -16 48 -280 12 -323 1 -296 19 77 76 -141 -13 -142 -12 -75 -8 -143 -13 -320 -43 75 -19 -144 -13 -144 -13 68 -86 -145 -14 -146 -14 22 -1 14 -1 6 -1 -203 -1 -149 -15 -140 -346 -147 -14 -8 -174 0 -2
0 -1 48 110 360 67 397 87 352 105 205 -54 -7 102 364 81 298 26 349 95 34 17 2 45 75 8 -48 94 -6 1 -100 6 240 70 -112 -17 74 26 255 96 -88 80 -140 0 -96 102 12 28 -57 55 42 35 28 51 121 55 112 41 -94 92 -98 70 -76 70 -128 108 72 38 -37 34 -30 36 -208 106 -160 23 -192 16 -172 24 -209 19 57 58 -272 36 -342 -66 -144 -12 -142 -12 -75 -8 -143 -13 -75 -8 -324 -51 -326 -211 -145 -14 -146 -14 -146 -14 -145 -15 26 -11 13 -3 8 -18 0 -10 -148 -15 -154 -11 -161 -8 -3 -1 -2 -1
0 -2 0 -1 0 -1 78 20 10 75 129 9 16 13 314 59 172 -67 94 10 33 8 19 -2 -24 40 -66 -9 255 63 -60 35 0 -1 60 18 -122 -7 53 25 -24 11 186 39 -10 -26 170 61 165 47 -36 58 104 42 120 86 116 18 8 44 112 54 -20 56 118 112 45 77 70 24 -16 29 -24 27 -204 52 -2 80 -131 -40 -146 -14 -145 -14 -136 -17 -170 -212 88 -65 -141 -12 -75 -8 -74 -8 -75 -7 -325 -59 -333 -59 -341 -59 -354 -62 -166 -18 30 -19 -147 -15 -31 -32 -147 -15 -2 -17 -149 -14 -153 -12 -262 -26 -70 -216 -95 -233
0 -20 0 -1 0 -1 78 -15 78 -5 0 -1 336 58 8 30 80 5 278 14 306 60 104 -60 -51 66 36 7 88 12 -8 -1 0 -1 36 0 250 96 -56 49 -24 37 -40 -28 84 26 148 79 40 56 94 95 -16 59 23 61 -6 42 -8 32 16 81 111 90 -58 48 90 80 -42 31 -16 37 30 86 56 51 -134 28 -22 89 -267 -92 -145 -14 -145 -14 -143 -14 -138 -13 -141 -14 -141 -14 -72 -8 78 -23 70 -23 -333 -66 -341 -67 -349 -67 -357 -67 -365 -67 -147 -15 -147 -15 6 -25 -2 -25 -10 -25 -151 -15 -74 -41 -301 -236 -15 -6
0 -1 0 -1 360 41 0 -1 -1 -1 308 -3 10 27 50 -36 48 -7 -29 42 282 4 82 -19 184 7 -32 68 -75 -20 0 -1 -106 -18 1 -1 202 5 132 27 122 24 66 42 56 23 -17 33 179 89 64 72 56 67 -77 61 8 73 -31 52 -5 69 42 82 -30 30 -51 65 -14 56 -80 48 -58 42 -84 14 -64 25 -63 13 -177 -36 75 64 22 -66 19 -55 -329 -67 70 -19 80 -18 -306 -60 -128 -247 72 -22 65 -24 49 -26 41 -27 33 -28 30 -28 22 -29 14 -30 6 -31 -366 -66 -211 -285 -296 -222 -300 -243 -304 -218 -100 -91
0 0 0 0 0 -1 31 -22 23 -18 20 -27 -12 -22 4 -33 355 61 0 -1 72 -45 2 43 -2 -1 324 69 -40 17 1 27 -64 51 -8 25 27 19 119 40 176 5 203 60 106 27 50 17 183 80 164 88 -4 37 -34 51 24 25 0 25 20 60 123 76 -112 77 -30 58 102 79 -58 28 -16 22 -174 78 -126 5 -220 43 -112 -3 93 87 64 22 104 27 -144 -20 94 4 32 -98 -340 -70 -160 -22 -352 -72 -344 -69 -356 -70 -346 -68 -245 -251 -248 -251 15 -31 16 -30 -164 -208 4 -30 -284 -250 -428 -70 -92 -102 -20 -3 -6 -1
448 25 0 -1 16 -4 344 -6 342 -6 40 -38 31 -38 -6 8 21 -9 48 -44 227 -2 40 17 270 17 -4 75 -16 35 -46 11 38 -7 -44 19 158 56 -10 -52 26 -70 13 -70 100 10 8 34 26 21 158 69 59 51 16 58 11 59 32 49 26 37 -9 50 79 62 -30 5 8 47 54 -4 88 65 24 25 0 -1 66 39 -235 79 -305 -55 -154 -24 48 -9 -328 -66 69 4 -160 -27 -362 -79 -364 -79 -24 -99 -16 -102 -28 -103 -34 -103 -31 -106 -380 -72 -392 -73 -56 -107 -224 -28 16 -21 -436 -78 6 -6 0 -2 1 5 -36 2
37 69 -8 16 0 -1 416 55 368 10 1 0 -2 47 -1 -1 312 18 3 10 42 30 280 36 264 8 8 -34 -26 26 240 29 -58 7 171 -14 200 -28 94 -13 18 2 0 -1 152 17 48 19 57 -10 104 62 32 31 -42 38 34 60 32 54 -8 -1 -40 20 -42 17 -32 0 -8 11 6 34 -4 20 -112 4 0 -1 18 34 64 48 -26 37 78 36 -318 -62 -318 -60 48 15 -338 2 -166 -30 64 11 -4 -38 71 27 -390 -84 -208 -37 -404 -84 42 11 18 -2 0 -12 -40 -34 38 -5 0 0 -16 -7 16 -1 -1 7 -12 38
28 54 0 -15 0 -1 210 -118 18 -55 18 -7 328 8 298 -14 326 54 97 -17 234 -25 51 13 0 14 1 -1 163 12 248 29 222 3 106 -21 -21 23 31 -13 212 60 39 -20 -35 25 97 0 82 18 2 17 -49 39 14 33 11 43 -27 21 26 21 -94 63 64 61 2 34 -55 -17 1 -1 -54 -8 24 43 22 -19 -64 -18 27 -13 51 49 -163 -11 46 56 -250 -6 33 14 -4 -25 -339 -23 8 -15 -21 -47 -384 7 -3 -10 -41 -51 -386 -82 -64 -58 5 -4 -33 -19 -10 -6 -22 -18 -40 -18 -460 -91 -12 2 -62 -21 -38 -1
11 2 0 -1 8 11 338 -51 168 -39 224 -36 273 4 195 -25 64 47 177 -26 56 -82 24 48 -16 8 46 -82 0 -1 76 -109 250 33 96 -26 187 26 82 5 18 -10 -28 39 86 -16 8 10 0 0 28 -8 103 49 18 35 40 21 0 -15 12 8 -72 17 8 17 72 36 2 -1 -18 9 -160 22 -118 -2 -186 54 -176 -82 -208 27 -82 -27 -247 5 -96 -23 -6 -23 30 47 -8 -50 -321 36 -6 -22 -353 39 -378 0 0 -1 -214 -126 17 17 -48 -51 -264 -133 0 0 -48 -32 6 51 -108 -70 -60 -23 -34 -12 6 20 -33 3
22 27 0 -23 1 -1 18 17 358 -15 100 -68 64 -57 258 -38 272 13 168 -32 43 36 285 16 46 -1 128 -1 0 -1 -48 4 -10 38 152 -17 144 -17 0 -1 128 -16 97 -27 37 -25 188 48 0 0 -24 12 31 10 -38 15 -50 10 42 22 9 -6 -9 16 80 32 -15 21 76 19 -98 -101 0 -1 -114 -33 -130 -105 -140 -115 -150 -28 52 27 -14 0 34 36 0 -1 32 18 -245 -26 -206 -46 -312 -56 0 -3 -7 -1 -332 -69 -340 -69 -32 -26 16 43 -233 -136 -10 -3 -8 -14 -56 -51 -15 28 -104 -86 -69 -39 -118 -118 -18 10
0 -2 0 -1 389 -27 19 -30 0 -93 72 -69 0 -1 204 -44 80 -91 198 -13 341 10 96 -107 283 22 242 -24 0 -1 230 -22 0 -1 88 -39 -9 0 216 34 78 19 2 0 88 0 62 0 0 0 -36 29 -47 35 -4 10 37 0 -3 -26 -36 -4 0 -1 0 19 -46 -10 -21 19 8 -23 80 10 17 -46 -162 -98 0 -36 26 -9 -155 -38 -89 -44 -190 -18 -72 -45 18 1 -257 -96 -282 -26 0 -1 0 -1 -51 -62 -374 -89 -216 -55 -60 -50 -32 -25 -398 -93 -264 -147 -13 -20 -16 -23 -20 -20 -62 -51 -11 34 -32 -21 -25 14
0 -1 1 -3 0 -1 421 -1 2 -63 20 -43 -32 -92 0 0 6 -4 129 -58 0 -1 272 -31 144 -37 18 21 63 -22 20 -4 64 -19 232 22 81 -42 0 -1 40 -16 60 2 6 -4 4 -1 5 16 30 20 72 32 -46 12 -32 -7 29 18 27 4 106 24 -118 27 -90 -3 -8 9 -47 -36 -6 -9 -70 -49 10 -55 -120 -14 14 -16 -99 -12 -128 -53 -108 -36 -16 -49 -126 -22 0 0 -129 -51 -212 -52 -281 -72 -40 -34 -262 -45 -72 -69 -168 -57 -392 -53 -52 -49 -410 22 -82 -82 -464 -39 -8 26 -36 -43 -30 -39 -64 -52 -27 27
501 19 0 12 0 -1 426 -12 24 17 15 -87 344 -24 -6 -12 0 -1 14 -19 53 -103 70 -97 22 22 240 -23 210 -29 120 -43 186 -48 109 -56 90 -49 115 -18 101 11 0 -1 80 13 1 0 -10 3 -26 19 43 15 0 -1 -40 -8 -32 -21 24 -16 -59 -17 41 11 -2 2 -7 -2 -18 -38 -56 -27 -154 0 -64 -44 -62 -61 -56 -56 -38 10 -118 -34 -157 -21 -88 -9 -227 -15 -134 -45 -130 -57 -256 24 -208 -59 -160 -61 -352 -26 -344 -14 -64 -41 1 -1 0 -1 0 -1 -66 -82 -26 -46 -6 -24 -8 8 -8 9 -28 -45 -24 4
0 -1 0 -1 2 -1 424 -33 -14 -37 40 -100 28 -101 -37 -93 102 -85 286 -47 158 -70 15 -21 -3 -30 304 12 0 -53 0 -1 192 -55 128 -11 8 -21 140 13 42 -32 10 -13 11 -12 15 -14 -8 -3 50 9 55 13 -30 2 0 0 -65 8 9 2 -24 -11 0 3 -30 -5 0 -1 -46 -11 -24 -10 -53 -67 -162 -6 -38 -30 -142 -61 -66 -46 -144 -30 -139 -28 0 -1 -45 -57 -104 -11 -214 -36 -2 1 -224 -61 -70 -25 -300 -65 -2 -5 -307 -83 -70 -72 -392 -59 0 -3 0 -1 -315 -165 -17 -49 -32 -62 -44 -66 -14 -2 -17 -16
1 0 1 0 418 -75 402 -64 -5 -25 2 -1 45 -135 2 0 8 -61 40 -98 -4 -85 -16 -61 76 -106 2 -15 190 -17 154 -60 118 -76 152 -57 142 -5 25 -22 16 -3 -2 7 19 -27 50 -1 0 -1 39 -1 21 1 42 8 14 1 8 0 -2 -1 -9 -2 80 7 -52 -21 -35 -5 2 -1 -24 -34 -74 -64 -37 -16 -136 -33 -80 -30 1 -1 -78 -2 -176 -8 -150 -36 -132 -26 -101 -33 -112 -60 -32 -48 -289 -91 -288 -73 -88 -47 -305 -97 -48 -49 -8 -2 -426 -71 -16 -28 -8 -51 0 -5 -20 -60 -56 -76 -9 -10 8 -11 -12 3
428 -328 0 -3 0 -1 0 -1 -2 -3 -2 -2 -23 -36 14 -115 -32 -102 -24 -34 -10 -105 2 -1 16 -103 -12 -37 59 -79 41 -59 161 -62 134 -28 153 -10 14 -8 122 -6 40 -26 64 -1 1 0 0 -1 -18 0 1 -1 0 -1 1 -1 1 -1 4 -1 -10 -7 -64 -2 -77 -10 -23 -11 -81 -17 -36 -10 -114 -37 -40 -42 -96 -62 -55 -40 -104 -26 -130 -22 8 -5 -112 -37 -109 -42 -138 -59 -139 -69 -233 -132 0 -3 -320 -21 2 -2 -306 -104 -320 -74 -357 -119 -393 -18 1 -2 -96 -131 0 -29 -16 -66 5 -55 16 -36 1 -74 -110 -171
