0 0 0 0 0 0 1 4 0 0 13 37 0 0 0 0 8 37 1 25 0 0 0 0 0 0 0 0 -1 4 1 0 1 0 0 0 -1 0 19 16 0 0 18 0 0 0 -4 5 0 0 0 0 0 0 0 0 0 0 0 0 0 0 -4 15 -7 27 0 0 0 0 66 8 0 0 0 0 0 0 0 0 0 0 4 1 0 0 0 0 0 0 0 0 0 0 0 0 0 0 0 0 0 0 0 0 0 0 0 0 0 0 0 0 0 0 -2 0 -9 0 0 0 0 0 0 0 0 0 0 0
0 0 0 0 0 0 1 -1 0 0 2 1 8 31 406 42 0 0 -1 12 0 0 0 0 0 9 -2 8 3 -7 0 0 0 1 0 1 8 9 10 10 0 1 -2 1 -10 3 0 1 0 0 0 0 0 0 0 0 0 0 0 0 0 0 0 0 -24 15 0 0 -2 0 0 0 0 0 12 9 2 4 -14 16 -2 0 0 0 -1 0 0 0 -6 0 42 -8 -1 0 0 0 -1 0 0 0 0 0 0 0 0 0 0 0 0 0 0 0 0 0 0 0 0 0 0 0 0 0 0 0 0 0 0 0
0 0 0 0 0 0 2 1 0 0 0 -2 5 17 0 14 -2 9 -1 0 6 16 0 0 -1 -6 1 -2 0 0 -4 -1 2 1 0 1 118 4 0 0 0 0 0 -2 -10 -2 0 0 0 0 0 0 0 0 0 0 0 0 0 0 0 0 -2 0 -6 6 -2 0 -79 20 0 0 0 0 2 0 -6 -11 -1 -1 0 2 18 -4 6 -3 -56 11 -30 7 -14 1 -1 0 0 0 0 0 -1 0 0 0 0 0 0 0 0 0 0 0 0 0 0 1 0 0 0 0 0 0 -1 0 0 0 0 1 0 0
0 0 0 0 -10 -16 0 0 0 0 9 21 0 0 0 0 0 3 2 3 -6 -15 1 -1 0 1 -4 -4 0 -1 -1 0 -8 -7 0 0 0 0 101 -19 -6 -6 -4 0 1 -1 -7 -1 -21 -4 2 0 0 0 -19 -1 1 -6 28 -17 21 -9 8 -9 6 -1 -1 2 0 0 62 -12 2 -1 -8 4 38 -10 0 0 0 -1 3 0 12 -4 0 0 0 0 0 0 0 0 0 0 0 0 0 0 0 0 0 0 0 0 0 0 0 0 0 0 0 0 0 -2 0 0 -8 -4 0 0 -1 0 0 0 0 0
1 -7 0 0 0 0 -13 -21 -7 -16 -14 -20 0 0 0 0 0 0 0 -2 6 0 4 1 1 0 -1 0 216 27 0 0 0 0 0 0 32 12 30 10 80 0 29 1 86 -13 74 -20 59 -18 0 0 -37 -3 -66 -10 -12 0 -22 4 0 -1 -61 7 29 -22 33 -22 24 -6 2 2 -32 8 0 0 0 0 0 0 0 0 0 0 0 0 0 0 0 0 0 0 0 0 0 0 0 0 0 0 0 0 0 0 0 0 0 0 0 0 0 0 0 0 -2 -5 -396 7 -2 -5 0 0 0 0 0 0 0 0
2 -15 1 1 0 0 2 1 1 -1 -1 2 0 0 -3 -11 -1 2 -5 -1 0 0 0 0 0 0 0 0 0 0 0 0 0 0 0 0 0 0 18 5 1 1 10 2 0 0 84 -22 22 -4 0 0 0 0 0 0 0 0 0 0 0 0 0 0 -104 -4 0 0 0 0 0 0 0 0 0 0 0 0 0 0 0 0 0 0 0 0 0 0 0 0 0 0 0 0 0 0 0 0 0 0 0 0 0 0 0 0 0 0 0 0 0 0 0 0 -343 14 -347 16 -10 4 0 0 0 0 0 0 0 0
0 0 0 0 -7 -7 0 0 0 0 0 0 0 0 3 2 23 5 15 4 387 -17 -18 -12 -6 1 0 0 0 0 0 0 0 0 11 5 0 0 -38 -24 16 4 -1 -1 0 0 -12 -3 -13 0 0 0 0 0 0 0 0 0 0 0 0 0 0 0 0 0 0 0 0 0 0 0 96 -30 0 0 0 0 0 0 0 0 0 0 0 0 0 0 0 0 0 0 0 0 0 0 0 0 0 0 0 0 0 0 0 0 0 0 0 0 0 0 0 0 -367 4 10 -9 3 -4 -2 1 0 0 0 0 0 0
0 0 0 0 0 0 0 0 0 0 0 0 1 0 -5 -2 0 0 -2 0 0 0 -2 -1 -10 -2 -16 -4 0 -1 0 0 0 0 -1 0 -1 0 0 0 0 0 0 0 0 0 0 0 -36 -5 0 0 0 0 0 0 0 0 0 0 0 0 0 0 0 0 0 0 0 0 0 0 0 0 0 0 -2 0 1 0 11 -2 0 -1 0 0 0 0 0 0 0 0 0 0 0 0 0 0 0 0 0 0 0 0 0 0 0 0 0 0 0 0 0 0 0 0 0 0 0 0 0 0 0 0 5 0 0 0
0 0 0 0 0 0 0 0 0 0 -27 -24 0 0 0 0 0 0 0 0 0 0 0 0 0 0 -11 -3 -1 0 0 0 0 0 0 0 0 0 0 0 0 0 0 0 0 0 0 0 0 0 0 0 0 0 0 0 0 0 0 0 0 0 0 0 0 0 0 0 0 0 0 0 0 0 0 0 0 0 0 0 10 0 -222 -35 -233 -36 -1 0 0 0 0 0 0 0 0 0 0 0 0 0 0 0 0 0 0 0 0 0 0 0 0 0 0 0 0 0 0 0 0 0 0 0 0 0 -2 2 -2 0
0 0 0 0 0 0 0 0 0 0 0 0 0 0 0 0 0 0 0 0 0 0 0 0 0 0 0 0 0 0 0 0 0 0 0 0 0 0 0 0 0 0 0 0 0 0 0 0 0 0 0 0 0 0 0 0 0 0 0 0 0 0 0 0 0 0 0 0 0 0 0 0 0 0 0 0 0 0 0 0 0 0 0 -1 0 0 0 0 0 0 0 0 0 0 0 0 0 0 0 0 0 0 0 0 0 0 0 0 0 0 0 0 0 0 0 0 0 0 0 0 0 0 0 0 0 0 0 0
0 0 0 0 0 0 0 0 0 0 0 0 0 0 0 0 0 0 0 0 0 0 0 0 0 0 0 0 0 0 0 0 0 0 0 0 0 0 -2 0 0 0 0 0 0 0 0 0 0 0 0 0 0 0 0 0 0 0 0 0 0 0 0 0 0 0 0 0 0 0 0 0 0 0 0 0 0 0 0 0 0 0 0 0 0 0 0 0 0 0 0 0 0 0 0 0 0 0 0 0 0 0 0 0 0 0 0 0 0 0 0 0 0 0 0 0 0 0 0 0 0 0 0 0 0 0 0 0
0 0 0 0 0 0 0 0 0 0 0 0 0 0 0 0 0 0 0 0 0 0 0 0 0 0 0 0 0 0 0 0 0 0 0 0 0 0 0 0 0 0 0 0 0 0 0 0 0 0 0 0 0 0 0 0 0 0 0 0 0 0 0 0 0 0 0 0 0 0 0 0 0 0 0 0 -16 2 0 0 0 0 0 0 0 0 0 0 0 0 0 0 0 0 0 0 0 0 0 0 0 0 0 0 0 0 0 0 0 0 0 0 0 0 0 0 0 0 0 0 0 0 0 0 0 0 0 0
0 0 0 0 0 0 0 0 0 0 0 0 0 0 0 0 0 0 0 0 0 0 0 0 0 0 0 0 0 0 0 0 0 0 0 0 43 21 17 5 6 1 -3 -1 16 18 0 0 80 16 6 1 3 1 0 0 0 0 0 0 0 0 0 0 0 0 0 0 0 0 0 0 0 0 0 0 0 0 0 0 0 0 0 0 0 0 0 0 0 0 0 0 0 0 0 0 0 0 0 0 0 0 -8 4 6 -5 0 1 0 0 0 0 0 0 0 0 0 0 0 0 0 0 0 0 0 0 0 0
0 0 0 -1 152 -1 0 0 0 0 0 0 0 0 0 0 0 0 0 0 0 0 0 0 0 0 0 0 0 0 0 0 0 0 0 0 0 0 0 0 -8 4 0 0 -5 -2 0 7 0 7 3 1 0 4 -2 3 0 0 0 0 0 0 0 0 0 0 0 0 0 0 0 0 0 0 0 0 -88 0 0 0 0 0 0 0 0 0 0 0 0 0 0 0 0 0 0 0 0 0 0 0 8 -2 2 1 0 0 0 0 0 0 0 0 0 0 0 0 0 0 0 0 0 0 0 0 0 0 0 0
0 0 0 0 0 0 0 0 0 0 0 0 0 0 0 0 0 0 0 0 0 0 0 0 0 0 0 0 0 0 0 0 0 0 0 0 0 1 0 0 0 0 -2 0 0 0 2 -1 0 0 0 -1 0 0 0 0 0 0 0 0 0 0 0 0 0 0 0 0 -70 -1 0 0 0 0 0 0 0 0 0 0 0 0 0 0 0 0 0 0 0 0 0 0 0 0 0 0 0 0 0 0 0 0 0 0 0 0 0 0 0 0 0 0 0 0 0 0 0 0 0 0 0 0 0 0 0 0 0 0
0 0 0 0 0 0 0 0 0 0 0 0 0 0 0 0 0 0 0 0 0 0 0 0 0 0 0 0 0 0 0 0 0 0 0 0 0 0 0 0 -16 -10 0 0 0 0 0 0 0 0 0 0 -38 -25 0 0 -27 -14 0 0 8 -3 0 0 0 0 0 0 0 0 0 0 0 0 0 0 0 0 0 0 0 0 0 0 0 0 0 0 0 0 0 0 0 0 0 0 0 0 0 0 0 0 0 0 0 0 0 0 0 0 0 0 0 0 0 0 0 0 0 0 0 0 0 0 0 0 0 0
0 0 0 0 0 0 0 0 0 0 0 0 0 0 0 0 0 0 0 0 0 0 0 0 0 0 0 0 0 0 0 0 0 0 0 0 0 0 0 0 0 0 0 0 0 0 0 0 0 0 0 0 0 0 0 0 0 0 0 0 0 0 0 0 0 0 0 0 0 0 0 0 0 0 0 0 0 0 0 0 0 0 0 0 0 0 0 0 0 0 0 0 0 0 0 0 0 0 0 0 0 0 0 0 0 0 0 0 0 0 0 0 0 0 0 0 0 0 0 0 0 0 0 0 0 0 0 0
0 0 0 0 0 0 0 0 0 0 0 0 0 0 0 0 0 0 0 0 0 0 0 0 0 0 0 0 0 0 0 0 0 0 0 0 0 0 0 0 0 0 0 0 0 0 0 0 0 0 0 0 0 0 0 0 0 0 0 0 0 0 0 0 0 0 0 0 0 0 0 0 0 0 0 0 0 0 0 0 0 0 0 0 0 0 0 0 0 0 0 0 0 0 0 0 0 0 0 0 0 0 0 0 0 0 0 0 0 0 0 0 0 0 0 0 0 0 0 0 0 0 0 0 0 0 0 0
0 0 0 0 0 0 0 0 0 0 0 0 0 0 0 0 0 0 0 0 0 0 0 0 0 0 0 0 0 0 0 0 0 0 0 0 0 0 0 0 0 0 0 0 0 0 0 0 0 0 0 0 0 0 0 0 0 0 0 0 0 0 0 0 0 0 0 0 0 0 0 0 0 0 0 0 0 0 0 0 0 0 0 0 0 0 0 0 0 0 0 0 0 0 0 0 0 0 0 0 0 0 0 0 0 0 0 0 0 0 0 0 0 0 0 0 0 0 0 0 0 0 0 0 0 0 0 0
0 0 0 0 0 0 0 0 0 0 0 0 0 0 0 0 0 0 0 0 0 0 0 0 0 0 0 0 0 0 0 0 0 0 0 0 0 0 0 0 0 0 0 0 0 0 0 0 0 0 0 0 0 0 0 0 0 0 0 0 0 0 0 0 0 0 0 0 0 0 0 0 0 0 0 0 0 0 0 0 0 0 0 0 0 0 0 0 0 0 0 0 0 0 0 0 0 0 0 0 0 0 0 0 0 0 0 0 0 0 0 0 0 0 0 0 0 0 0 0 0 0 0 0 0 0 0 0
0 0 0 0 0 0 0 0 0 0 0 0 0 0 0 0 0 0 0 0 0 0 0 0 0 0 0 0 0 0 0 0 0 0 0 0 0 0 0 0 0 0 0 0 0 0 0 0 0 0 0 0 0 0 0 0 0 0 0 0 0 0 0 0 0 0 0 0 0 0 0 0 0 0 0 0 0 0 0 0 0 0 0 0 0 0 0 0 0 0 0 0 0 0 0 0 0 0 0 0 0 0 0 0 0 0 0 0 0 0 0 0 0 0 0 0 0 0 0 0 0 0 0 0 0 0 0 0
0 0 0 0 0 0 0 0 0 0 0 0 0 0 0 0 0 0 0 0 0 0 0 0 0 0 0 0 0 0 0 0 0 0 0 0 0 0 0 0 0 0 0 0 0 0 -1 0 0 0 0 0 0 0 0 0 0 0 0 0 0 0 0 0 0 0 0 0 0 0 0 0 0 28 0 0 36 21 0 0 0 0 0 0 -42 25 0 0 0 0 0 0 0 0 37 14 -10 0 0 0 0 0 0 0 0 0 0 0 0 0 0 0 0 0 0 0 0 0 0 0 0 0 0 0 0 0 0 0
0 0 0 0 0 0 0 0 0 0 0 0 0 0 0 0 0 0 0 0 0 0 0 0 0 0 0 0 0 0 0 0 0 0 0 0 0 0 0 0 0 0 0 0 0 0 0 0 0 0 0 0 0 0 0 0 0 0 0 0 0 0 0 0 0 0 0 0 0 0 0 1 0 0 -6 -7 0 0 -14 21 0 1 -4 -1 0 0 0 0 0 0 0 0 0 0 0 0 0 0 0 0 0 0 -1 0 0 0 0 0 0 0 0 0 0 0 0 0 -445 308 0 0 0 0 0 0 0 0 0 0
0 0 0 0 0 0 0 0 0 0 0 0 0 0 0 0 0 0 0 0 0 0 0 0 0 0 0 0 0 0 0 0 0 0 0 0 0 0 0 0 0 0 0 0 0 0 1 0 0 0 0 0 0 0 0 0 0 0 0 0 0 0 0 0 0 0 0 0 0 0 0 0 0 0 0 0 0 0 0 0 0 0 -14 0 0 0 0 0 0 0 1 0 0 0 0 0 0 0 0 0 -48 -12 0 0 0 0 0 0 0 0 0 0 0 0 0 0 0 0 0 0 0 0 0 0 0 0 0 0
0 0 0 0 0 0 0 0 0 0 0 0 0 0 0 0 0 0 0 0 0 0 0 0 0 0 0 0 0 0 0 0 0 0 0 0 0 0 0 0 0 0 0 0 0 0 1 0 0 0 0 0 2 0 0 0 0 0 0 0 0 0 0 0 0 0 1 0 0 0 0 0 0 0 0 0 2 3 0 0 0 0 -3 4 -16 1 -30 -27 0 0 0 0 0 0 0 0 0 0 0 0 0 0 0 0 0 0 0 0 -8 -4 0 0 0 0 0 0 0 0 0 0 0 0 0 0 0 0 0 0
0 0 0 0 0 0 0 0 0 0 0 0 0 0 0 0 0 0 0 0 0 0 0 0 0 0 0 0 0 0 0 0 0 0 0 0 0 0 0 0 0 0 0 0 0 0 0 0 0 0 0 0 0 0 0 0 0 0 0 0 0 0 0 0 0 0 0 0 0 0 0 0 8 -22 4 -1 0 0 1 0 0 0 0 0 0 0 0 0 0 1 -44 -20 0 0 0 0 0 0 0 0 0 0 0 0 0 0 0 0 0 0 0 0 0 0 0 0 0 0 0 0 0 0 0 0 0 0 0 0
0 0 0 0 0 0 0 0 0 0 0 0 0 0 0 0 0 0 0 0 0 0 0 0 0 0 0 0 0 0 0 0 0 0 0 0 0 0 0 0 0 0 0 0 0 0 0 0 0 0 0 0 0 0 0 0 0 0 0 0 0 0 0 0 0 0 0 0 0 0 0 0 0 0 0 0 0 0 0 0 9 0 0 0 0 0 0 -1 0 0 -6 -2 0 0 0 0 -72 -43 0 0 0 0 0 0 -102 -44 0 0 0 0 0 0 0 -1 0 0 0 0 0 0 0 0 0 0 0 0 0 0
0 0 0 0 0 0 0 0 0 0 0 0 0 0 0 0 0 0 0 0 0 0 0 0 0 0 0 0 0 0 0 0 0 0 0 0 0 0 0 0 0 0 0 0 0 0 0 0 0 0 0 0 0 0 0 0 0 0 0 0 0 0 0 0 0 0 0 0 0 0 0 0 0 0 0 0 0 0 0 0 0 0 0 0 0 0 0 0 0 0 0 0 0 0 0 0 0 0 0 0 0 0 0 0 0 0 0 0 -64 -10 0 0 0 0 0 0 0 0 0 0 0 0 0 0 0 0 0 0
0 0 0 0 0 0 0 0 0 0 0 0 0 0 0 0 0 0 0 0 0 0 0 0 0 0 0 0 0 0 0 0 0 0 0 0 0 0 0 0 0 0 0 0 0 0 0 0 0 0 0 0 0 0 0 0 0 0 0 0 0 0 0 0 0 0 0 0 0 0 0 0 0 0 0 0 0 0 0 0 0 0 0 0 0 0 0 0 0 0 0 0 0 0 0 0 0 0 0 0 0 0 0 0 0 0 0 0 0 0 0 0 0 0 0 0 0 0 0 0 0 0 0 0 0 0 0 0
0 0 0 0 0 0 0 0 0 0 0 0 0 0 0 0 0 0 0 0 0 0 0 0 0 0 0 0 0 0 0 0 0 0 0 0 0 0 0 0 0 0 0 0 0 0 0 0 0 0 0 0 0 0 0 0 0 0 0 0 0 0 0 0 0 0 0 0 0 0 0 0 0 0 0 0 0 0 0 0 0 0 0 0 0 0 0 0 0 0 0 0 0 0 0 0 0 0 0 0 0 0 0 0 0 0 0 0 0 0 0 0 0 0 0 0 0 0 0 0 0 0 0 0 0 0 0 0
0 0 0 0 0 0 0 0 0 0 0 0 0 0 0 0 0 0 0 0 0 0 0 0 0 0 0 0 0 0 0 0 0 0 0 0 0 0 0 0 0 0 0 0 0 0 0 0 0 0 0 0 0 0 0 0 0 0 0 0 0 0 0 0 0 0 0 0 0 0 0 0 0 0 0 0 0 0 0 0 0 0 0 0 0 0 0 0 0 0 0 0 0 0 0 0 0 0 0 0 0 0 0 0 0 0 0 0 0 0 0 0 -136 -71 0 -1 0 0 0 0 0 0 0 0 0 0 0 0
0 0 0 0 0 0 0 0 0 0 0 0 0 0 0 0 0 0 0 0 0 0 0 0 0 0 0 0 0 0 0 0 0 0 0 0 0 0 0 0 0 0 0 0 0 0 0 0 0 0 0 0 0 0 0 0 0 0 0 0 0 0 0 0 0 0 0 0 0 0 0 0 0 0 0 0 0 0 0 0 0 0 0 0 0 0 0 0 0 0 0 0 0 0 0 0 0 0 0 0 0 0 0 0 0 0 0 0 0 0 -111 -75 0 0 0 0 0 0 0 0 0 0 0 0 0 0 0 0
0 0 0 0 0 0 0 0 0 0 0 0 0 0 0 0 0 0 0 0 0 0 0 0 0 0 0 0 0 0 0 0 0 0 0 0 0 0 0 0 0 0 0 0 0 0 0 0 0 0 0 0 0 0 0 0 0 0 0 0 0 0 0 0 0 0 0 0 0 0 0 0 0 0 0 0 0 0 0 0 0 0 0 0 0 0 0 0 0 0 0 0 0 0 0 0 0 0 0 0 0 0 0 0 0 0 0 0 0 0 0 0 0 0 0 0 0 0 0 0 0 0 0 0 0 0 0 0
0 0 0 0 0 0 0 0 0 0 0 0 0 0 0 0 0 0 0 0 0 0 0 0 0 0 0 0 0 0 0 0 0 0 0 0 0 0 0 0 0 0 0 0 0 0 0 0 0 0 0 0 0 0 0 0 0 0 0 0 0 0 0 0 0 0 0 0 0 0 0 0 0 0 0 0 0 0 0 0 0 0 0 0 0 0 0 0 0 0 0 0 0 0 0 0 0 0 0 0 0 0 0 0 0 0 0 0 0 0 0 0 0 0 0 0 0 0 0 0 0 0 0 0 0 0 0 0
0 0 0 0 0 0 0 0 0 0 0 0 0 0 0 0 0 0 0 0 0 0 0 0 0 0 0 0 0 0 0 0 0 0 0 0 0 0 0 0 0 0 0 0 0 0 0 0 0 0 0 0 0 0 0 0 0 0 0 0 0 0 0 0 0 0 0 0 0 0 0 0 0 0 0 0 0 0 0 0 0 0 0 0 0 0 0 0 0 0 0 0 0 0 0 0 0 0 0 0 0 0 0 0 0 0 0 0 0 0 0 0 0 0 0 0 0 0 0 0 0 0 0 0 0 0 0 0
0 0 0 0 0 0 -1 0 14 -241 443 -259 2 -253 -17 -29 6 -69 335 -270 58 -71 318 -270 365 -242 0 0 0 0 0 0 0 0 0 0 0 0 0 0 0 0 0 0 0 0 0 0 0 0 0 0 0 0 0 0 0 0 0 0 0 0 0 0 0 0 0 0 0 0 0 0 0 0 0 0 0 0 0 0 0 0 0 0 0 0 0 0 0 0 0 0 0 0 0 0 0 0 0 0 0 0 0 0 0 0 0 0 0 0 0 0 0 0 0 0 0 0 0 0 0 0 0 0 0 0 0 0
0 0 0 0 0 0 452 -270 17 -256 4 -11 345 -214 339 -212 336 -211 -40 -4 0 -125 336 -211 400 41 1 -1 0 0 0 0 0 0 0 0 0 0 0 0 0 0 0 0 0 0 0 0 0 0 0 0 0 0 0 0 0 0 0 0 0 0 0 0 0 0 0 0 0 0 0 0 0 0 0 0 0 0 0 0 0 0 0 0 0 0 0 0 0 0 0 0 0 0 0 0 0 0 0 0 0 0 0 0 0 0 0 0 0 0 0 0 0 0 0 0 0 0 0 0 0 0 0 0 0 0 0 0
0 0 0 0 0 0 5 -12 46 -180 50 -123 434 -199 217 -139 160 51 401 -218 415 38 410 39 -62 -7 -1 2 0 0 0 0 0 0 0 0 0 0 0 0 0 0 0 0 0 0 0 0 0 0 0 0 0 0 0 0 0 0 0 0 0 0 0 0 0 0 0 0 0 0 0 0 0 0 0 0 0 0 0 0 0 0 0 0 0 0 0 0 0 0 0 0 0 0 0 0 0 0 0 0 0 0 0 0 0 0 0 0 0 0 0 0 0 0 0 0 0 0 0 0 0 0 0 0 0 0 0 0
0 0 0 0 99 -2 6 0 216 199 65 -175 15 -12 -11 -9 -42 48 13 -9 252 -124 368 -92 36 -1 -6 -15 0 0 0 0 0 0 0 0 72 -245 250 -275 79 4 69 4 229 -276 221 -276 56 3 39 3 26 3 8 3 26 2 14 2 0 2 -14 2 -32 2 -151 12 -137 45 -123 9 134 125 127 117 -16 70 -262 78 22 25 170 171 155 171 150 196 48 20 38 37 0 0 54 -129 32 20 0 0 0 1 1 0 0 6 0 0 0 0 0 0 0 0 0 0 0 0 0 0 0 0 0 0 0 0 0 0
0 0 0 0 150 37 101 40 184 188 246 189 4 -10 -12 -8 -12 -8 396 46 159 -216 341 64 -19 -198 -78 27 194 -168 -50 125 56 6 58 5 62 5 -76 40 154 2 55 4 47 4 132 1 124 1 42 3 22 3 11 3 65 1 -140 9 -1 2 -32 2 -179 12 59 7 -132 21 -232 84 -140 47 -72 -122 -162 4 -296 16 72 76 150 175 148 171 56 15 96 91 0 0 48 11 58 78 5 -1 2 -1 86 85 0 0 1 0 0 0 0 0 0 0 0 0 0 0 0 0 0 0 0 0 0 0 0 0 0 0
0 1 0 1 8 18 299 29 320 168 138 169 -6 -10 -10 39 -15 -14 -1 47 338 -206 357 -211 -33 -5 -39 -4 -33 -183 74 -4 62 9 55 8 51 8 64 5 145 2 118 2 56 -229 118 1 -93 -233 30 3 -110 -233 215 -243 -7 -169 -139 -233 68 0 68 -1 -91 -240 224 -100 -254 175 114 75 91 21 196 124 180 139 67 15 166 174 4 0 0 0 0 0 0 0 0 0 0 0 30 24 10 0 12 1 0 0 4 3 82 83 0 -1 0 0 0 0 0 0 -1 -2 0 1 0 0 0 0 0 0 0 0 0 0
0 1 142 -7 240 -192 195 -96 398 16 140 -10 -6 -14 35 35 -12 29 -16 -9 -15 -9 -1 -10 219 -18 211 -18 203 -18 185 -16 146 -17 -37 -187 -90 -181 169 23 -23 -168 118 2 119 2 47 3 112 1 84 1 85 1 67 1 14 2 68 0 68 0 68 -1 -69 -247 58 -10 219 134 -266 43 44 -9 174 108 146 93 98 69 92 69 153 108 0 0 29 -3 25 -3 0 -1 10 -2 111 112 100 109 112 92 56 89 1 -1 0 0 0 0 -1 0 0 -1 0 -1 0 0 0 0 0 0 0 0 0 0 0 0 0 0
3 100 8 -10 437 -192 432 40 38 -36 -6 -12 -5 -9 20 27 34 -163 397 -196 149 -33 381 -130 -28 -9 -26 -8 -15 -9 -23 -7 26 -271 -68 -193 -19 -124 62 -128 344 -175 336 -175 328 -175 320 -175 -147 -201 -155 -201 -164 -201 -172 -202 -179 -202 -197 -204 -210 -205 -49 -81 180 -265 59 4 -118 -13 -131 -13 103 62 168 109 -288 157 121 89 27 -3 18 -3 82 87 72 88 0 0 0 0 61 87 110 125 0 0 0 -1 1 0 0 0 0 0 0 0 0 0 0 0 0 0 0 0 0 0 0 0 0 0 0 0 0 0 0 0
3 119 456 115 7 -14 7 7 33 1 11 14 -7 -11 33 -165 55 18 5 -183 -22 -8 -29 -9 -28 -9 -26 -4 -20 -13 -24 -13 -22 -6 96 6 -127 -247 -131 -247 -139 -247 -147 -247 228 -266 219 -266 208 -266 3 4 195 -267 186 -267 172 -267 261 -14 255 -14 152 -268 -210 -253 -123 -202 -148 -26 109 57 128 90 -150 -14 -167 -9 -166 -11 -188 -6 86 119 66 95 0 0 -325 87 44 78 0 0 0 0 0 0 64 73 24 48 88 60 0 0 0 0 0 0 0 0 0 0 0 0 0 0 0 1 0 0 0 0 0 0 0 0
0 -11 -8 -10 2 -10 12 -10 241 -187 -8 0 436 -252 128 -147 261 -212 38 9 -32 9 -27 -9 -27 -8 4 -7 -25 -7 89 -40 -27 -34 -40 -37 155 3 303 0 184 -238 173 -237 -94 -233 20 -228 69 3 56 3 11 -226 7 -227 -3 -226 63 -237 62 0 59 0 -14 -220 -264 89 -104 -29 -218 43 46 -6 78 70 -283 58 -208 74 -192 42 0 0 -288 47 -310 63 0 0 2 -6 0 0 0 0 0 0 0 0 0 0 0 0 0 0 0 0 0 0 0 0 0 0 0 0 0 0 0 0 0 0 0 0 0 0 0 0
0 -11 0 -11 296 -157 5 -10 54 -56 -4 -12 -4 -7 10 -249 39 -249 -21 -9 48 -211 4 -186 -30 -8 113 -44 -7 -10 -16 -8 -19 -7 -21 -6 102 4 91 4 92 -7 204 -272 267 -277 228 -275 107 2 48 3 65 2 128 -271 65 2 67 1 8 2 251 -87 62 4 177 -194 -140 12 -144 47 -115 44 -30 23 -6 22 28 50 96 112 1 15 100 130 -323 24 0 0 50 64 0 0 1 0 0 0 0 0 0 0 1 0 0 0 0 0 0 0 0 0 0 0 0 0 0 0 0 0 0 0 0 0 0 0 0 0
397 7 387 -9 1 -13 423 -31 2 -12 -1 -12 0 -12 403 -270 16 -6 -21 -9 368 -23 -5 -5 -30 -9 -15 -10 -12 -255 -29 -194 -19 -6 -16 -6 327 31 28 -172 20 -172 259 17 261 17 240 16 307 21 -164 5 13 3 -1 3 24 2 75 0 69 0 67 0 -10 8 30 10 -103 59 48 79 -14 70 -150 90 34 55 -169 50 -192 46 0 4 85 130 -319 29 0 0 0 0 0 0 36 42 0 0 0 0 0 0 0 0 0 0 0 0 0 0 0 0 0 0 0 0 0 0 0 0 0 0 0 0 0 0 0 0
342 -71 444 43 414 23 220 -212 444 12 421 9 1 -6 -9 -8 384 -270 -20 -10 -24 -11 -19 -10 19 -14 -5 -10 -16 -8 -46 -4 -49 -3 -62 0 108 0 -33 -3 22 0 127 -1 128 -1 85 0 -176 0 -3 1 -4 1 82 -1 8 1 19 2 75 -1 -24 4 -116 76 11 112 30 121 -1 85 22 18 -214 81 -167 2 78 99 104 101 0 0 99 117 0 0 3 1 0 0 36 45 -226 -56 62 61 0 0 0 0 0 0 0 0 0 0 0 0 0 0 0 0 0 0 0 0 0 0 0 0 0 0 0 0 0 0
414 23 338 -53 331 -54 326 -55 344 -59 0 -8 408 11 402 11 390 -121 -20 -9 -30 -10 -30 -9 -36 -8 14 -14 -14 -9 86 -3 27 50 182 3 0 0 -30 -3 -64 33 -41 25 0 0 -144 61 92 -4 -63 52 110 63 136 78 -73 21 90 62 85 78 -128 99 0 94 14 42 58 50 16 0 56 25 64 54 -228 89 -220 37 -206 -1 -275 84 -206 36 1 -5 40 44 0 0 80 80 -214 -65 0 -2 82 102 24 22 4 4 2 1 0 0 0 0 0 0 0 0 0 0 0 0 0 0 0 0 0 0 0 0 0 0
360 -11 370 -9 384 45 374 32 377 32 302 -59 298 -62 -36 -19 288 -63 280 -62 272 -61 106 -17 74 -67 170 -12 -10 48 -15 66 -8 108 203 27 -61 88 1 8 211 63 -97 49 -12 3 154 20 192 67 -103 64 122 39 -73 66 128 58 -135 85 80 32 64 27 0 -1 0 0 104 107 66 51 56 22 98 88 -168 36 41 40 0 0 0 0 -264 11 16 11 62 62 74 68 -13 -16 36 39 32 23 2 -5 44 30 94 26 -12 -68 3 0 -28 -74 -11 -2 0 0 8 2 0 0 0 0 -1 0 0 0 0 0 0 1
0 -18 0 0 7 33 16 98 328 -40 98 -67 352 21 354 22 314 -14 288 -21 332 32 -51 98 -32 34 -61 53 232 35 259 67 -40 74 -58 86 0 31 232 89 -64 8 -60 7 196 72 190 74 128 29 -63 56 64 -14 96 13 -64 60 53 87 72 -1 3 80 48 6 -60 1 -38 33 34 14 90 97 8 -16 -192 30 -40 -15 -246 41 -216 16 31 38 10 20 32 42 34 29 -347 26 72 67 32 26 -381 -71 46 37 1 0 54 27 -3 -1 0 0 0 1 -22 -10 -64 -89 0 0 -1 0 0 0 0 0 -62 -9 -124 -82
16 10 -8 42 150 -79 418 69 143 -92 315 -29 400 58 -38 19 328 19 370 81 332 31 -29 -15 -80 0 59 -21 234 13 -28 8 -53 75 236 54 226 53 -51 56 -64 78 -86 48 92 -23 194 90 -13 48 40 43 72 9 144 96 -8 23 19 74 -2 0 24 33 0 0 0 0 0 0 0 0 -10 31 -117 49 -30 -19 66 86 -212 -3 -224 -1 10 17 -272 12 -295 27 42 42 -8 -17 -1 0 15 28 16 13 0 -1 -15 -26 48 32 -2 -4 70 12 4 0 0 -2 0 0 -39 -18 29 -16 0 0 0 0 -44 -6 -4 1
0 0 13 72 320 -55 0 0 388 26 -10 -6 127 -102 394 54 -20 6 -54 11 334 38 302 45 260 6 269 29 -37 83 272 67 0 4 240 46 199 6 170 25 217 54 0 0 116 50 116 -17 104 22 75 22 48 62 46 64 45 26 -42 29 0 30 3 -7 -101 49 -27 -4 13 -4 -40 33 -109 22 -152 65 -138 4 -24 -22 0 0 0 0 54 65 -202 -47 34 43 64 61 0 0 0 0 -361 15 -45 -68 -28 -27 4 0 41 30 58 68 0 0 0 0 0 0 -64 -76 1 0 -70 -94 6 -1 1 -1 -8 2 0 -1
413 5 0 1 384 3 392 22 362 1 380 23 373 18 -38 -3 -50 -16 297 3 284 -12 264 -13 -82 -29 227 -39 256 35 -20 -17 232 30 -33 38 172 28 0 0 2 -38 -20 5 128 -38 149 21 0 0 -3 0 32 -1 52 -8 74 -15 0 25 -42 6 21 17 -16 -32 -94 27 0 0 -96 -16 72 63 24 -15 0 0 -157 -18 0 0 -270 33 12 -4 -206 -46 10 -5 -1 0 16 21 -344 -21 -344 15 -32 -37 6 -1 3 1 0 0 -18 -23 -5 -6 46 20 -34 -24 26 14 -52 -28 31 -5 0 0 14 -5 -6 0 0 0
24 54 0 -15 21 0 397 20 411 40 136 -118 86 -94 0 -40 -16 64 -8 1 274 -21 285 5 -64 18 288 21 10 -8 0 0 -56 -12 291 45 -54 -3 -96 25 -52 -25 -16 -35 166 35 103 -41 -64 59 88 47 -53 35 4 -27 14 -23 40 57 24 12 82 50 112 68 -19 0 -52 -46 -104 2 -6 -6 -104 13 26 23 -166 26 -24 -49 43 45 -232 28 -256 -17 15 7 30 68 4 5 1 -11 -336 -30 -367 -8 -386 28 -1 -4 48 34 0 0 -282 -112 32 36 -16 -13 -10 -1 24 10 2 -3 23 -13 10 -11 6 -7 0 1
162 -123 0 0 382 -6 328 -63 -16 10 312 -59 5 -10 316 -23 352 27 12 -29 38 -30 29 -13 246 -14 38 -20 176 -56 240 15 213 -14 -1 0 215 17 172 3 216 40 99 -57 -58 30 -1 0 130 48 159 53 11 4 53 2 18 -13 -16 -40 -96 40 -14 -9 0 0 -107 25 -72 -22 30 -14 -50 6 24 48 24 11 -209 17 -22 -58 0 0 -10 3 -188 -39 62 49 65 37 -2 19 4 3 0 0 0 0 0 0 -56 -67 -402 21 -274 -118 -309 -118 0 1 -2 -1 19 8 0 0 18 19 0 0 -1 0 -10 0 -13 2
11 11 0 0 416 -1 16 -16 410 41 304 -55 32 52 66 -66 84 -15 6 42 60 -23 48 -24 208 -64 247 -14 0 0 223 -26 -58 10 0 0 0 0 -48 14 170 -18 80 -63 138 -3 0 0 0 -1 0 -32 26 -37 50 -3 -80 28 3 -5 -43 1 -40 -18 0 14 -96 7 2 0 8 -27 18 -30 -18 -60 -163 -25 -137 -14 -218 12 18 21 -32 4 -266 9 -296 7 -250 -27 -351 -37 -310 -40 -336 33 -60 -100 -58 -93 -14 -18 20 20 -2 -5 -22 -15 -56 -46 -32 -22 -448 -122 0 -7 -76 -57 0 -4 -32 -21 0 0 0 0
0 0 0 0 0 0 152 -144 -15 -25 348 4 344 -1 90 -23 352 13 299 6 -8 -12 -32 -1 238 -1 -24 0 0 0 184 -75 164 9 232 17 26 -35 0 0 0 0 14 -8 0 0 125 -26 -48 15 85 31 -8 -10 0 0 31 -52 70 -50 34 -40 20 -16 -18 -14 0 0 64 21 -99 -54 -112 -20 -4 -63 31 -5 -174 -31 65 32 2 -2 -214 48 -40 24 -224 32 -216 -21 48 13 -21 -39 -336 14 -28 -38 -354 23 -25 -25 -30 -26 -69 -77 0 0 -54 -50 6 13 1 41 -36 -35 -8 -10 0 24 2 1 -14 28 -18 15
23 28 0 1 373 -54 11 -52 362 -35 28 37 80 -70 -2 0 50 -80 4 21 328 35 17 -56 48 -31 286 23 0 0 -43 -40 197 -23 180 -54 186 -24 96 -78 0 0 21 -4 76 -28 67 -2 64 -3 18 -42 40 -49 0 -61 -22 -46 16 -28 -2 -56 1 0 -96 -1 20 29 -112 0 -134 15 -212 -7 61 -8 20 -42 -158 -67 -192 22 -163 -27 -254 -10 -164 -23 -251 -3 0 0 -11 -26 2 2 -272 -75 -46 -54 0 0 -1 0 -52 -55 16 25 -24 -21 3 -3 0 0 -29 -30 -43 -40 -3 19 -57 -54 -6 7 -70 -50 0 -1
21 31 0 0 154 -154 430 1 -16 -17 0 -42 96 -122 0 0 300 -56 319 -14 352 32 339 16 6 -64 0 0 0 0 0 0 163 15 52 -13 141 15 187 13 0 -11 68 -84 65 -71 -15 17 -6 -2 -17 -3 76 29 -6 -59 14 -66 6 -62 -26 -23 -4 -45 -96 -9 -109 -3 38 -63 96 25 86 4 -218 -26 58 -34 -12 -87 0 -45 44 3 38 1 -158 -82 28 26 -19 -6 -70 -89 23 14 0 0 -45 -46 24 3 -344 23 -50 -41 1 0 -408 -42 -5 -20 0 0 -64 -62 2 1 -1 1 -53 -55 -20 -42 -26 -40 0 -1
0 0 0 0 0 0 384 -65 -15 -28 348 -51 342 -35 0 1 0 0 2 17 280 -47 50 -102 48 -47 52 -92 49 -81 63 -63 185 -59 169 1 40 -44 0 0 126 11 83 -71 48 -75 57 -73 55 11 -11 -11 59 21 90 16 72 24 7 -72 -39 -77 25 -38 0 0 -12 -40 -10 -33 -99 -77 0 0 -150 -34 -131 -69 42 -30 -240 -38 4 4 -229 -21 -31 -11 -38 -65 0 -1 -187 -30 -22 -18 -241 -70 -288 -87 -36 -27 -339 -46 8 -2 2 9 -50 -44 0 0 0 0 -305 -161 0 0 -6 -30 0 0 0 9 0 0 0 0
0 3 0 0 0 0 124 -164 -20 -69 -25 -61 -10 -62 -34 -93 304 -73 310 -31 302 -23 330 -16 50 -75 -8 -85 0 0 0 0 0 -3 131 -102 0 -27 88 -59 64 -86 71 -76 0 0 -1 0 -4 -16 -16 -18 139 11 0 -72 32 -86 106 8 -24 -59 -10 -80 -5 -74 -21 -61 0 0 -8 -48 -112 -56 -140 -79 26 -56 -14 -41 -138 -50 -143 -81 -159 -36 -143 -63 0 0 -232 -7 -216 -26 -215 -74 -24 -29 -280 -59 -320 -105 -354 -26 -291 -72 -306 -82 -64 -75 -46 -57 0 0 0 0 11 -22 0 0 7 -3 -62 -84 6 -58 -11 -54
0 1 0 0 466 -13 -2 0 8 7 0 0 -16 -21 -14 -7 10 2 0 0 -8 -65 26 -109 -24 -74 22 -79 16 -38 27 -50 206 -38 -46 -37 99 -64 85 -85 80 -91 46 -78 70 -6 50 -1 -10 2 47 3 26 1 -38 0 24 4 0 0 -64 2 -2 -3 -48 -19 -26 -89 -23 -56 -58 -73 -96 -46 -94 -74 0 0 -78 -69 -54 -67 -168 -9 -114 -44 -102 -89 0 0 3 -2 -78 -66 -197 -44 -22 -61 -47 -87 -303 -92 -58 -75 -288 -101 -376 -21 -42 -56 -404 -99 0 0 0 0 3 -15 11 -28 1 -1 -18 -67 0 -9 -9 4
0 0 0 0 0 0 -3 -1 -11 -13 368 -88 -24 -29 4 -113 -24 -65 1 0 -26 -20 -20 -3 32 -110 -12 -32 -54 -48 -61 -48 -24 -47 5 -11 93 -99 0 0 74 -23 2 -6 38 -1 48 -8 52 -4 0 -1 -30 -3 0 0 7 -4 0 -3 0 -1 -10 -7 -8 -6 0 0 -80 -37 -90 -37 -72 -88 39 -11 -14 -15 -56 -67 -68 -109 -108 -81 -128 -17 2 0 -152 -59 -239 -23 -248 -25 0 0 -306 -38 -265 -84 -280 -192 -392 -109 -47 -64 -360 -2 -400 -109 0 0 -28 -56 0 -2 11 -55 3 -59 -48 -89 -3 -24 0 0 0 0
