5 1 15 22 467 20 3 5 9 1 10 5 8 11 4 2 8 34 11 27 0 0 0 0 3 24 3 0 0 8 2 5 2 0 8 20 4 0 8 0 10 0 62 503 -4 0 -14 0 -28 4 -14 6 -10 1 0 0 0 0 0 0 0 0 -17 25 -2 8 0 0 0 0 25 2 0 0 0 0 -15 2 45 11 24 7 1 3 1 1 1 0 -1 0 -1 0 0 0 0 0 8 14 2 0 -270 4 -2 0 -1 0 0 0 -1 0 -1 0 -1 0 -4 0 -6 0 1 0 1 0 2 0 2 0 0 1
10 7 24 36 10 5 8 -8 8 -1 8 4 10 -7 6 -2 5 6 8 20 0 0 0 1 10 -8 4 16 4 1 3 1 2 -2 7 12 48 19 8 5 10 -2 5 -4 -8 -5 -13 -5 0 0 0 0 0 0 0 0 0 0 0 0 0 0 1 0 -29 10 -44 8 -26 -8 -140 -4 -24 17 -108 30 -34 16 -6 4 -19 1 0 6 -30 -6 -67 -6 -37 -1 -23 3 -12 0 128 170 -270 0 -259 17 2 -2 0 -1 -1 0 -1 0 0 0 -1 0 0 0 0 0 0 0 1 0 0 0 -2 0 -3 0 0 0
16 25 0 -7 18 29 3 -2 4 -1 3 -2 6 -9 37 35 8 -13 9 13 8 10 6 8 8 -10 6 -12 10 -2 3 -2 8 4 0 -8 0 -7 0 -5 3 -1 11 -7 6 -12 -8 -9 -13 -5 0 0 0 0 -71 -16 -24 4 -1 0 -100 -14 -69 12 -38 14 -116 -4 -86 21 -89 26 21 2 24 0 -38 4 -46 5 -55 5 -18 1 -56 -3 -96 20 -190 21 -7 -2 -117 23 -16 -1 -8 1 -1 0 -1 0 0 0 0 0 -98 52 -342 9 -355 -3 10 4 0 0 -1 1 0 0 0 1 0 1 -1 1 0 0
5 10 -2 -10 -8 -20 16 14 -4 -13 -8 -13 16 27 2 1 6 -5 18 10 4 2 8 2 6 -11 0 -5 14 6 20 15 0 -2 0 -13 2 -1 26 2 -10 -14 14 -3 4 -2 -13 -7 -32 -12 -28 -8 -48 -13 -22 -2 -26 -2 -34 -3 -14 3 -97 -1 -11 -8 -29 2 -22 -9 -1 -12 23 -5 14 -6 -40 10 0 0 -148 15 -77 13 10 -8 0 0 0 0 0 0 0 0 0 0 0 0 0 0 0 0 0 0 0 0 0 0 0 0 0 0 2 1 -2 3 -4 -2 -2 1 -5 -1 -2 0 -1 1 0 0
5 -6 7 9 -10 -25 11 13 -12 -24 -8 -17 6 0 2 -6 12 2 2 -1 8 -18 4 -2 44 22 -2 -9 8 3 -4 -6 0 -2 1 0 -8 -19 10 -1 20 4 -18 -18 -15 -9 -18 -9 -29 -10 -29 -5 -26 -7 -46 -4 -6 -2 -17 0 -43 3 -93 -6 -73 7 2 -12 -22 3 72 -17 30 -18 0 0 0 0 0 0 0 0 0 0 0 0 0 0 1 0 -1 1 -1 0 0 0 0 0 0 0 0 0 0 0 0 0 0 0 0 0 0 0 0 0 -2 -5 -393 8 -3 -2 0 0 0 0 0 0 0 0
8 2 3 -11 6 3 -5 -24 -2 -12 -2 -12 -6 -28 0 -20 4 -30 4 -17 0 0 0 0 -7 -11 0 0 0 0 0 0 0 0 0 0 -13 -16 -1 -2 16 3 -2 -1 10 -1 -27 -13 0 -5 1 -1 0 0 0 0 0 0 0 0 0 0 0 0 -99 -5 0 0 0 0 0 -1 -1 0 0 0 0 0 0 0 0 0 0 0 0 0 -1 0 1 0 -1 0 1 0 1 0 0 0 0 0 0 0 0 0 0 0 0 0 0 0 0 0 0 0 3 -8 -1 -6 -6 -8 -2 0 -1 0 0 -1 0 -1
3 -2 2 -1 24 16 0 0 3 0 24 12 -18 -45 1 -1 39 7 25 2 388 -10 -18 -35 -20 -17 0 0 0 0 0 0 13 4 189 12 2 -1 9 1 5 -1 -16 -6 -18 -5 -4 -2 0 -2 -35 -3 0 0 0 0 0 0 1 0 0 0 0 0 0 0 0 0 0 0 0 0 -1 -2 0 0 0 0 -194 -27 0 0 0 0 0 0 0 0 0 0 0 0 0 0 0 0 1 0 0 0 0 0 0 0 -1 1 0 0 0 0 0 0 0 0 -390 -18 7 -8 -1 -2 -6 4 -1 0 0 0 0 0
0 0 0 0 0 0 0 0 0 0 0 0 0 -3 5 0 -1 -2 -3 -2 -1 -2 11 0 8 -1 359 -18 -12 -5 -18 -4 0 -1 2 0 -5 -3 0 0 49 0 -21 -8 -28 -10 6 -1 9 -2 0 0 0 0 0 0 0 0 0 0 0 0 0 0 52 -9 28 -5 0 0 0 0 0 0 2 0 -189 -30 -188 -24 -206 -31 -214 -29 -8 -2 54 -36 0 0 0 0 0 0 0 0 0 0 -1 0 0 0 0 0 0 0 0 0 0 0 0 0 0 0 0 0 0 0 0 0 0 0 0 0 -5 6 0 5
0 0 0 2 2 -1 0 1 0 0 -24 -33 0 0 0 0 -16 -9 2 -2 0 0 -2 -1 0 -2 -15 -6 0 -1 0 0 0 0 0 0 0 0 0 0 0 0 0 0 0 0 0 0 0 0 0 0 0 0 0 0 0 0 0 0 0 0 0 0 0 0 0 0 0 0 0 0 0 0 0 0 0 -1 0 0 15 -3 -226 -43 -16 -4 64 -43 -23 2 0 0 0 0 0 0 0 0 0 0 0 0 0 0 0 0 0 0 0 0 0 0 0 0 0 0 0 0 0 1 1 1 1 2 1 1 -2 1
2 0 1 0 1 0 0 0 0 0 0 0 0 0 0 0 0 0 0 0 0 0 0 0 0 0 0 0 0 0 0 0 0 0 0 0 0 0 0 0 0 0 0 0 0 0 0 0 0 0 0 0 0 0 0 0 0 0 0 0 0 0 0 0 0 0 0 0 0 0 0 0 0 0 0 0 0 0 0 0 0 0 -184 -18 0 0 0 0 0 0 0 0 0 0 0 0 0 0 0 0 0 0 0 0 0 0 0 0 0 0 0 0 0 0 1 0 0 0 0 0 0 0 0 0 0 0 0 0
0 0 1 0 0 0 0 0 0 0 1 0 0 0 0 0 0 0 0 0 0 0 0 0 0 0 0 0 0 0 1 0 0 0 0 0 0 0 210 -48 0 0 0 0 0 0 0 0 0 0 0 0 0 0 0 0 0 0 0 0 0 0 1 0 0 0 0 0 0 0 0 0 0 0 0 0 0 0 0 0 0 0 0 0 0 0 0 0 0 0 0 0 0 0 0 0 0 0 0 0 0 0 0 0 0 0 0 0 0 0 0 0 0 0 0 0 0 0 0 0 0 0 0 0 0 0 0 0
0 0 0 0 0 0 1 0 0 0 0 0 0 0 0 0 0 0 0 0 0 0 0 0 0 0 0 0 0 0 0 0 0 0 0 0 0 0 0 0 0 0 0 0 0 0 0 0 0 0 0 0 0 0 0 0 0 0 0 0 0 0 0 0 0 0 0 0 0 0 0 0 0 0 0 0 0 0 0 0 0 0 0 0 0 0 0 0 0 0 0 0 0 0 0 0 0 0 0 0 0 0 0 0 0 0 0 0 0 0 0 0 0 0 0 0 0 0 0 0 0 0 0 0 0 0 0 0
0 0 0 0 0 0 0 0 0 0 0 0 0 0 0 0 0 0 0 0 0 0 0 0 0 0 0 0 0 0 0 0 0 0 0 0 40 23 32 20 0 0 -2 0 -10 0 0 0 0 0 0 0 0 0 0 0 0 0 0 0 0 0 0 0 0 0 0 0 0 0 0 0 0 0 0 0 0 0 0 0 0 0 0 0 0 0 0 0 0 0 0 0 -234 10 0 0 0 0 0 0 0 0 -8 7 0 0 -2 4 0 0 0 0 0 0 0 0 0 0 0 0 0 0 0 0 0 0 0 0
0 0 0 0 136 -8 0 0 0 0 0 0 0 0 0 0 0 0 0 0 0 0 0 0 0 0 0 0 0 0 0 0 0 0 -1 0 0 2 14 2 0 3 16 16 2 -3 -1 -1 0 0 0 0 -8 -1 0 -1 0 0 0 0 0 0 0 0 0 0 0 0 0 0 0 0 0 0 0 0 0 0 0 -1 0 0 0 0 0 0 0 0 0 0 0 0 0 0 0 0 0 0 0 0 0 0 0 0 0 0 0 0 0 0 0 0 0 0 0 0 0 0 0 0 0 0 0 0 0 0 0 0
0 0 0 0 0 0 0 0 0 0 0 0 0 0 0 0 0 0 0 0 0 0 0 0 0 0 0 0 0 0 0 0 0 0 -1 0 0 0 2 0 0 0 0 0 0 0 -6 -15 0 0 -1 0 0 0 0 0 0 0 0 0 0 0 0 0 0 0 -56 -11 -64 -6 0 0 0 0 0 0 0 0 0 0 0 0 0 0 0 0 0 0 0 0 0 0 0 0 0 0 0 0 0 0 0 0 0 0 0 0 0 0 0 0 0 0 0 0 0 0 0 0 0 0 0 0 0 0 0 0 0 0
0 0 0 0 0 0 0 0 0 0 0 0 0 0 0 0 0 0 0 0 0 0 0 0 0 0 0 0 0 0 0 0 0 0 0 0 0 0 0 0 0 0 0 0 0 0 -32 -14 -29 -10 0 0 -16 -13 -20 -21 0 0 0 0 -5 2 0 0 0 0 0 0 0 0 0 0 0 0 0 0 0 0 0 0 0 0 0 0 0 0 0 0 0 0 0 0 0 0 0 0 0 0 0 0 0 0 0 0 0 0 0 0 0 0 0 0 0 0 0 0 0 0 0 0 0 0 0 0 0 0 0 0
0 0 0 0 0 0 0 0 0 0 0 0 0 0 0 0 0 0 0 0 0 0 0 0 0 0 0 0 0 0 0 0 0 0 0 0 0 0 0 0 0 0 0 0 0 0 0 0 0 0 0 0 0 0 0 0 0 0 0 0 0 0 0 0 0 0 0 0 0 0 0 0 0 0 0 0 0 0 0 0 0 0 0 0 0 0 0 0 0 0 0 0 0 0 0 0 0 0 0 0 0 0 0 0 0 0 0 0 0 0 0 0 0 0 0 0 0 0 0 0 0 0 0 0 0 0 0 0
0 0 0 0 0 0 0 0 0 0 0 0 0 0 0 0 0 0 0 0 0 0 0 0 0 0 0 0 0 0 0 0 0 0 0 0 0 0 0 0 0 0 0 0 0 0 0 0 0 0 0 0 0 0 0 0 0 0 0 0 0 0 0 0 0 0 0 0 0 0 0 0 0 0 0 0 0 0 0 0 0 0 0 0 0 0 0 0 0 0 0 0 0 0 0 0 0 0 0 0 0 0 0 0 0 0 0 0 0 0 0 0 0 0 0 0 0 0 0 0 0 0 0 0 0 0 0 0
0 0 0 0 0 0 0 0 0 0 0 0 0 0 0 0 0 0 0 0 0 0 0 0 0 0 0 0 0 0 0 0 0 0 0 0 0 0 0 0 0 0 0 0 0 0 0 0 0 0 0 0 0 0 0 0 0 0 0 0 0 0 0 0 0 0 0 0 0 0 0 0 0 0 0 0 0 0 0 0 0 0 0 0 0 0 0 0 0 0 0 0 0 0 0 0 0 0 0 0 0 0 0 0 0 0 0 0 0 0 0 0 0 0 0 0 0 0 0 0 0 0 0 0 0 0 0 0
0 0 0 0 0 0 0 0 0 0 0 0 0 0 0 0 0 0 0 0 0 0 0 0 0 0 0 0 0 0 0 0 0 0 0 0 0 0 0 0 0 0 0 0 0 0 0 0 0 0 0 0 0 0 0 0 0 0 0 0 0 0 0 0 0 0 0 0 0 0 0 0 0 0 0 0 0 0 0 0 0 0 0 0 0 0 0 0 0 0 0 0 0 0 0 0 0 0 0 0 0 0 0 0 0 0 0 0 0 0 0 0 0 0 0 0 0 0 0 0 0 0 0 0 0 0 0 0
0 0 0 0 0 0 0 0 0 0 0 0 0 0 0 0 0 0 0 0 0 0 0 0 0 0 0 0 0 0 0 0 0 0 0 0 0 0 0 0 0 0 0 0 0 0 0 0 0 0 0 0 0 0 0 0 0 0 0 0 0 0 0 0 0 0 0 0 0 0 0 0 0 0 0 0 0 0 0 0 -1 0 -8 0 0 0 64 31 0 0 -5 0 -8 0 -16 0 -14 0 0 0 0 0 -16 0 0 0 -1 0 0 0 -2 0 0 0 0 0 0 0 0 0 0 0 0 0 0 0 0 0
1 0 0 0 0 0 0 0 0 0 0 0 0 0 0 0 0 0 0 0 0 0 0 0 0 0 0 0 0 0 0 0 0 0 1 0 0 0 1 0 0 0 0 0 0 0 0 0 0 0 0 0 0 0 0 0 0 0 259 241 264 225 191 220 0 0 196 222 13 7 10 8 5 2 52 44 42 40 41 42 -6 23 10 27 -8 -1 30 27 -2 0 40 18 50 20 30 18 14 13 -19 8 -20 3 28 22 5 6 0 0 6 8 -345 166 0 1 -362 156 -448 301 -306 217 -1 0 -1 0 -1 0 0 0
0 0 0 0 0 0 0 0 0 0 0 0 0 0 0 0 0 0 0 0 0 0 0 0 0 0 0 0 0 0 0 0 0 0 0 0 0 0 0 0 0 0 0 0 0 0 -2 0 0 0 0 0 -1 0 0 0 0 0 6 0 -60 21 0 0 184 211 1 0 3 0 1 0 3 -1 -2 19 -6 -8 30 15 26 17 -14 2 30 16 -4 -1 21 10 31 12 37 9 -17 -1 24 8 14 10 -28 3 -12 1 -32 -12 18 14 16 14 2 4 -443 321 2 10 -448 315 -1 0 -286 281 0 0 -1 0 -117 -161
0 0 0 0 464 -165 0 0 0 0 0 0 1 -1 0 0 0 0 0 0 0 0 0 0 0 0 0 0 0 0 0 0 0 0 0 0 0 0 0 0 0 0 0 0 1 0 -1 0 -1 0 0 0 0 0 -1 0 1 0 1 0 0 0 0 0 -8 -11 -94 -19 1 0 2 0 3 0 24 0 10 0 103 35 95 35 30 22 8 20 -8 0 8 17 -26 -19 22 16 13 8 -7 3 -17 1 38 24 -12 4 -64 -8 -52 -5 -32 -10 10 13 0 3 -456 308 -453 308 -465 209 -364 298 0 7 -1 0 -134 -168
20 21 0 0 0 0 0 0 0 0 0 0 -46 32 0 0 399 -174 0 0 0 0 1 0 0 0 0 0 0 0 0 0 0 0 0 0 0 0 0 0 1 0 1 0 2 0 -1 0 0 -1 -1 0 -1 0 4 0 3 0 0 0 0 0 0 0 2 0 5 -1 4 0 118 2 2 11 1 -28 8 -24 45 18 -6 -4 -15 -2 -12 5 -30 5 -48 -28 42 14 -20 1 48 16 -94 -10 -54 -28 -64 -27 -34 -2 -5 5 -31 2 -12 -4 -68 -18 -54 -31 -38 -29 -24 -19 -8 -15 -4 -7 -1 0 0 0 -228 -181
0 0 0 0 0 0 0 0 -1 0 0 0 385 -189 0 1 0 0 0 0 0 0 0 0 0 0 0 0 0 0 0 0 0 0 0 0 0 0 0 0 0 0 0 0 0 0 0 0 -1 0 -1 0 0 0 -1 0 1 0 0 0 0 0 0 0 1 0 2 0 2 0 1 0 3 -1 4 0 8 0 1 1 0 1 -8 1 -6 -1 -8 -1 -32 -19 -44 -19 -20 0 14 2 4 2 -64 -36 -40 1 -30 6 -24 4 -67 -8 -42 -9 -40 -12 -75 -34 0 0 0 0 0 0 0 0 0 0 -10 -20 -272 -175
0 0 -7 -208 0 0 2 -185 0 0 0 0 0 0 341 -139 0 0 0 0 0 0 0 0 0 0 0 0 0 0 0 0 0 0 0 0 0 0 0 0 0 0 0 0 0 0 0 0 0 0 0 0 0 0 -3 0 1 0 0 0 0 0 0 0 0 0 1 0 44 169 1 0 1 0 1 0 0 0 4 1 0 0 -1 0 0 0 12 1 63 21 40 8 -48 -22 -62 -13 -72 -42 -80 -23 -88 -17 0 8 -102 -11 -106 -44 -102 -45 -46 -12 -18 -13 -28 -21 0 0 0 0 0 0 0 1 -20 -43 -1 0
0 0 0 0 0 0 0 0 0 0 0 0 0 0 0 0 0 0 0 0 0 0 0 0 0 0 0 0 0 0 0 0 0 0 0 0 0 0 0 0 0 0 0 0 0 0 0 0 0 0 0 0 0 0 0 0 0 0 0 0 0 0 0 0 0 0 0 0 -80 115 1 0 1 0 -15 -41 0 -1 3 0 0 0 0 -1 0 0 96 30 2 -1 40 0 66 17 -67 -46 -64 -21 0 0 -320 -121 -98 -15 -336 -122 -113 -17 -106 -19 -7 0 -82 -16 0 2 0 0 0 0 0 0 0 -2 0 1 -294 288
0 0 0 0 0 0 0 0 0 0 0 0 0 0 0 0 0 0 0 0 0 0 0 0 0 0 263 -211 0 0 0 0 0 0 0 0 0 0 0 0 0 0 0 0 0 0 0 0 0 0 0 0 0 0 0 0 0 0 0 0 0 0 0 0 0 0 0 0 0 0 0 0 1 0 136 44 -26 -24 -33 -51 2 0 40 -9 0 0 0 0 1 0 0 0 0 0 0 0 -46 -26 0 0 0 0 18 5 -336 -130 -115 -20 -32 -8 -124 -31 -110 -38 0 0 0 0 0 0 0 0 0 0 0 0 0 0
0 0 0 0 0 0 0 0 0 0 1 0 0 0 0 0 0 0 116 -176 0 0 69 -183 268 -227 225 -231 280 -232 0 0 0 0 0 0 0 0 0 0 0 0 0 0 0 0 0 0 0 0 0 0 0 0 0 0 0 0 0 0 0 0 0 0 0 0 0 0 0 0 1 0 1 0 0 0 200 158 0 0 -50 -58 0 0 0 0 0 0 1 0 0 0 0 0 0 0 0 0 0 0 0 0 0 0 -104 -19 0 0 -79 -25 -82 -25 -48 -21 0 0 0 0 0 0 0 0 -1 0 -1 0 -1 0
0 0 0 0 0 0 0 0 0 0 0 0 0 0 0 0 0 0 322 -234 0 0 36 -236 0 0 98 -202 23 -216 0 0 0 0 0 0 0 0 0 0 -103 -198 0 0 0 0 0 0 0 0 0 0 0 0 0 0 0 0 0 0 0 0 0 0 0 0 0 0 0 0 1 0 17 73 18 1 22 16 174 168 184 160 113 152 0 0 0 0 0 0 0 0 0 0 0 0 0 0 0 0 0 0 0 0 0 0 0 0 -118 -52 -132 -51 -128 -52 -110 -43 0 0 0 0 0 0 0 0 0 0 0 0
0 0 0 0 0 0 0 0 0 0 0 0 0 0 0 0 0 0 0 0 0 0 411 -74 43 -222 25 -245 292 -247 0 0 0 0 0 0 0 0 0 0 -1 0 0 0 0 0 283 -230 0 0 0 0 0 0 0 0 0 0 0 0 0 0 0 0 0 0 0 0 0 0 0 0 0 0 0 0 139 160 -158 -81 0 0 174 148 0 0 0 0 0 0 0 0 0 0 0 0 0 0 0 0 0 0 0 0 0 0 0 0 -128 -86 -94 -49 -80 -50 0 0 0 0 0 0 0 0 0 0 0 0 0 0
0 0 0 0 0 0 0 0 0 0 0 0 0 0 0 0 0 0 426 -84 0 0 -1 0 0 0 0 0 16 -226 14 -227 0 0 0 0 0 0 0 0 0 0 0 0 0 0 0 0 0 0 0 0 0 0 0 0 0 0 0 0 0 0 0 0 0 0 0 0 0 0 0 0 0 0 0 0 0 0 0 0 0 0 -96 -84 104 -80 0 0 0 0 0 0 0 0 0 0 0 0 0 0 0 0 0 0 0 0 0 0 0 0 0 0 0 0 0 0 0 0 0 0 0 0 0 0 0 0 -1 0
0 0 0 0 41 -218 66 -226 12 -38 75 -212 43 -230 -3 -7 -3 -7 -18 -6 -16 -6 -13 -6 0 0 0 0 -1 0 0 0 0 0 0 0 0 0 0 0 0 0 0 0 0 0 0 0 0 0 0 0 0 0 0 0 0 0 0 0 0 0 0 0 0 0 0 0 0 0 0 0 0 0 0 0 0 0 0 0 0 0 0 0 0 0 0 0 0 0 0 0 104 142 0 0 0 0 0 0 0 0 0 0 0 0 0 0 0 0 0 0 0 -1 -206 -100 0 -1 0 1 0 0 0 0 0 0 0 0
0 0 0 0 64 -212 -10 -13 -12 -7 9 -8 -22 -6 74 -175 66 -174 56 -173 48 -173 -15 -7 9 -61 0 0 0 0 0 0 0 0 0 0 0 0 0 0 0 0 0 0 0 0 0 0 0 0 0 0 0 0 0 0 0 0 0 0 0 0 0 0 0 0 0 0 0 0 0 0 0 0 0 0 0 0 0 0 0 0 0 0 0 0 0 0 0 0 0 0 0 0 0 0 0 0 0 0 0 0 0 0 0 0 0 0 0 0 0 0 0 0 0 0 -1 -9 1 1 0 0 0 0 0 0 0 0
0 0 0 0 34 -87 -12 25 264 -137 -15 -7 277 79 -8 -7 -26 -6 -22 -6 -48 -4 -16 -6 -15 5 0 0 0 0 0 0 0 0 0 0 0 0 0 0 0 0 0 0 0 0 0 0 0 0 0 0 0 0 0 0 0 0 0 0 0 0 0 0 0 0 0 0 0 0 0 0 0 0 0 0 0 0 0 0 0 0 0 0 0 0 0 0 0 0 0 0 0 0 0 0 0 0 0 0 0 0 0 0 0 0 0 0 0 0 0 0 0 0 0 0 0 8 1 0 0 0 0 0 0 0 0 0
0 0 0 0 -8 -35 -12 -17 -16 34 -16 -7 -12 -7 -24 -6 -7 -7 -25 -6 -46 -5 168 -147 -16 -6 0 0 0 0 0 0 0 0 0 0 0 0 0 0 0 0 0 0 0 0 0 0 0 0 0 0 0 0 0 0 0 0 0 0 0 0 0 0 0 0 0 0 0 0 0 0 0 0 0 0 0 0 0 0 0 0 0 0 0 0 0 0 0 0 0 0 0 0 0 0 0 0 0 0 0 0 0 0 0 0 0 0 0 0 0 0 0 0 0 0 0 0 0 0 0 0 0 0 1 0 0 0
0 0 1 0 16 -69 74 -15 418 -171 -16 -7 -10 -7 -14 -7 -14 -7 -16 -6 -16 -6 374 -173 -16 -5 0 0 0 0 0 0 0 0 0 0 0 0 0 0 0 0 0 0 0 0 0 0 0 0 0 0 0 0 0 0 0 0 0 0 0 0 0 0 0 0 0 0 0 0 0 0 0 0 0 0 0 0 0 0 0 0 0 0 0 0 0 0 0 0 0 0 0 0 0 0 0 0 0 0 -226 -128 -228 -105 -222 -129 -9 -123 0 -1 0 0 0 0 0 0 0 0 0 0 0 0 0 0 0 0 0 0
1 1 137 -42 32 -94 25 -161 -14 -6 -16 -7 -16 -7 -3 -8 4 -8 -14 -7 -29 -6 -18 -7 -11 2 17 1 15 1 14 1 105 -3 3 1 12 1 4 1 0 1 -2 1 0 1 -5 1 -12 1 15 0 -7 1 -9 1 -7 1 -18 1 -24 1 -49 2 6 0 1 0 -13 2 -161 49 -168 38 43 1 61 -2 40 0 37 0 25 1 31 0 11 2 8 2 -5 3 1 2 14 0 -48 17 -143 -125 17 -135 -10 -142 -22 -143 41 -91 -1 2 0 0 0 -1 -1 0 0 1 0 0 0 0 0 0 1 0 0 0
0 2 207 -4 -8 4 266 52 -14 -7 -8 13 -18 -7 -20 -7 -20 -7 -19 -7 -19 -7 -19 -7 298 -283 161 -88 -40 50 -82 104 -80 190 62 1 80 1 14 2 -26 4 7 4 46 2 -40 3 -149 191 -152 191 -31 2 18 1 0 2 -8 1 0 1 -141 8 0 1 68 -1 86 -4 54 11 76 -3 56 -1 82 -4 82 -4 74 -4 66 -4 58 -4 28 1 26 1 13 2 33 -1 -314 18 18 0 99 -92 72 91 32 76 71 85 40 -63 -1 0 -1 2 0 0 0 0 0 1 0 0 0 0 0 0 0 0 0 0
3 132 306 -10 450 161 282 18 -8 14 464 -95 -19 -7 -19 -7 -14 -8 -14 -7 -19 -1 -19 -7 -19 -7 -19 -7 -90 181 -1 1 16 0 274 85 0 0 319 131 -27 2 296 140 246 111 274 177 80 14 -45 2 200 92 202 103 184 84 220 124 0 0 71 -2 71 -2 70 -1 73 -1 73 -1 74 -2 72 -2 77 -3 65 -2 71 -3 67 -3 56 -2 53 -2 51 -2 14 2 -289 -230 25 0 -135 -160 98 -101 96 90 84 82 85 74 41 -38 38 -65 -1 1 -1 0 0 -4 0 0 0 0 0 0 0 0 0 0 0 0
3 146 272 -5 -11 -7 -11 -7 429 3 -18 -7 -19 -7 -19 -7 -14 -10 -14 -8 -30 -6 -19 -8 -19 -7 184 -187 312 85 371 144 -114 167 368 139 -36 11 318 123 96 2 -48 9 200 59 241 124 220 101 0 0 0 0 0 0 0 0 0 0 70 0 135 -297 69 3 205 -324 69 2 72 1 73 -1 72 -2 72 -2 71 -3 55 -1 53 -1 53 -2 36 0 52 -2 20 1 35 -1 25 0 100 -172 98 -108 58 86 80 80 0 -160 39 -62 -118 -121 -2 0 0 -2 0 0 0 -1 0 0 0 0 0 0 0 0 0 0
0 -8 0 -8 310 -132 413 -3 -5 -49 372 10 -9 -40 -19 -7 -8 -8 -9 -8 -25 -7 -19 -7 -20 -7 -19 -8 0 1 274 61 134 -5 33 -12 7 -3 -15 3 -29 6 -42 8 14 -3 0 0 0 0 5 -1 199 106 -140 29 168 76 -207 31 72 0 252 -39 236 -90 223 -103 209 -120 74 -2 73 -2 73 -2 76 -3 73 -3 71 -3 67 -3 55 -2 45 -1 41 -1 37 -1 28 0 -376 -167 -344 -278 98 -117 84 73 -405 167 -152 -156 17 -17 0 0 0 0 0 0 0 0 0 0 0 0 0 0 0 0 0 0 0 0
410 -92 -6 -229 -13 -8 430 -39 -11 2 8 0 -14 -8 -12 -8 -12 -8 -27 -7 -25 -7 304 0 -54 -5 -19 -8 -14 2 89 -17 79 -15 -31 6 -10 2 -18 3 -14 3 -66 60 216 110 -52 50 -173 40 -98 56 192 96 131 40 12 -5 9 -4 71 0 109 -57 -229 -195 66 -1 65 -2 110 -285 89 -4 72 -2 82 -4 71 -3 68 -3 -304 -251 34 -268 -320 -250 2 4 -1 4 9 2 6 2 4 2 -304 -16 -72 -101 51 60 15 -53 0 0 -1 0 0 0 -1 0 0 -1 0 0 0 0 0 0 0 0 0 0 0 0
445 57 279 -137 -16 -8 -13 -7 350 -247 -17 -8 -18 -9 -18 -8 -16 -8 -19 -8 -21 -8 296 9 -21 -7 -18 -7 106 -160 154 -47 328 126 269 72 -128 107 -110 134 75 -6 226 88 -96 151 192 108 -107 150 -106 63 -128 64 -58 -2 21 -9 71 -2 71 0 75 0 219 -20 189 -52 221 -33 214 -33 109 -272 46 1 148 -37 138 -19 30 2 32 -236 19 3 -113 -227 -64 -236 -72 -233 108 -241 105 -241 98 -241 -204 -172 -46 -202 -244 -172 -185 -114 0 0 0 0 0 0 0 0 0 0 0 0 0 0 0 0 0 0 0 0 0 0
144 -192 492 57 -16 -8 -17 -8 -16 -8 -17 -8 -16 -8 300 10 269 13 268 13 -22 -7 -39 -6 -47 -5 227 17 4 -20 72 -45 38 -33 124 -23 -92 64 -104 133 -106 111 -63 74 0 0 -153 25 -78 0 163 64 -185 25 -146 41 74 -2 70 -1 67 -1 66 0 65 0 -13 -258 -22 -257 1 -264 -49 -256 70 -1 -59 -102 29 1 18 2 10 3 8 3 -277 -254 -203 -168 17 1 -28 6 -40 7 100 -19 -125 -198 -6 12 -178 -229 -130 -83 0 0 0 0 0 0 0 0 0 0 0 0 0 0 0 0 0 0 0 0 0 0
0 -4 370 10 348 11 340 11 344 10 274 -63 264 -64 -22 -7 -32 -5 77 -35 -48 -2 -6 0 296 41 -80 -5 67 -44 253 32 -96 81 -30 32 178 19 -88 105 -39 42 -56 33 -22 -17 -37 -12 43 -12 -1 0 133 27 72 0 71 0 71 0 69 0 67 0 64 0 58 0 55 0 48 1 71 -2 -90 -209 69 -2 30 2 16 3 0 4 11 3 19 2 -330 -13 15 2 9 2 -26 5 38 18 47 -48 48 -69 42 -68 -76 -162 0 0 0 0 0 0 0 0 0 0 0 0 0 0 0 0 0 0 0 0 0 0
430 79 3 35 120 11 80 -1 364 40 -24 45 404 74 340 43 -16 52 -54 7 -40 60 -1 -1 352 117 118 -62 87 -62 -46 -3 100 -34 240 49 -8 14 -9 3 -2 -25 223 86 188 79 -40 60 -107 118 -1 0 22 -9 -88 13 -40 -54 76 2 67 0 73 0 80 0 72 0 -241 -17 32 0 66 0 -11 -68 64 1 -12 -71 48 1 0 2 0 2 5 3 -5 2 -12 2 -104 -47 -66 -70 -112 -46 -1 0 -6 -1 0 0 0 0 0 0 0 0 0 0 0 0 0 0 0 0 0 0 0 0 0 0 0 0 0 0
0 -1 24 56 16 -14 -1 -1 330 11 -16 37 326 1 188 -37 350 72 -18 12 -16 6 306 47 -59 -15 -82 83 104 -72 -66 101 240 11 -87 24 -32 -18 -87 26 -70 113 -18 29 -16 -8 -4 -38 -122 -5 -76 63 -84 106 137 58 -144 59 150 105 -96 -20 -220 -2 -228 -2 49 1 -244 -2 -210 58 74 43 -149 50 0 2 94 96 -248 58 95 115 0 0 0 0 -311 -8 -318 -17 16 16 80 81 -160 -65 64 56 94 46 35 18 44 16 0 0 0 0 2 0 0 0 0 0 0 0 0 0 0 0 0 0 0 0 0 0
0 0 1 17 360 13 390 67 -6 -18 -17 56 -16 46 -16 -20 -8 27 38 -2 152 -52 -49 8 -72 58 -68 -18 -85 -24 317 83 -64 2 -111 -19 -3 -4 -80 49 220 35 -46 10 -91 45 160 12 -53 26 134 72 -16 26 53 4 0 -1 -120 50 -88 6 -42 5 64 87 -76 25 -65 2 22 24 40 76 -163 106 -6 61 -198 50 0 0 0 0 0 0 -200 -5 -304 87 34 38 32 37 -171 -74 73 58 95 76 88 96 21 10 32 13 19 4 60 8 1 -1 14 5 7 1 0 -1 0 -1 -2 -1 0 -1 0 0 0 0
75 -37 0 0 8 23 30 16 -1 -28 -8 42 -12 -1 -24 11 -24 82 328 49 298 1 -32 31 192 -50 314 54 288 45 292 56 267 36 -80 28 -3 -7 -62 18 264 102 190 20 -29 39 172 40 90 -29 -82 84 135 71 32 -2 -102 82 0 0 16 -25 0 0 -108 80 -24 9 -44 61 -45 27 -36 18 -105 44 0 0 -42 -1 0 0 -184 34 -65 -11 79 81 -144 -64 30 33 26 29 18 13 21 17 1 -14 16 10 14 4 32 14 14 4 50 16 45 10 22 4 -17 -10 -20 -11 0 0 -4 -1 0 -1 -60 -10 -67 -9
176 -91 -8 42 -2 -42 0 0 0 23 -17 36 5 -40 -30 56 336 38 298 -5 0 0 -32 10 -23 -33 27 -17 -74 -38 -107 -13 264 46 288 90 -122 -22 -19 -30 261 61 -93 83 -80 71 120 -11 144 54 4 -20 -73 78 -32 17 6 -2 64 84 -42 17 -57 0 121 92 -40 18 0 0 0 0 -14 27 -106 50 -68 19 -65 -22 -48 -18 -174 21 16 7 16 -10 42 24 -276 2 -328 -34 43 44 16 16 13 2 72 54 68 83 24 15 53 26 58 14 1 -5 2 0 13 0 35 -11 31 -14 16 -7 1 1 7 -14 -1 -2
452 30 -8 47 172 -102 -1 0 368 3 184 -104 176 -104 -8 -51 -24 65 -45 -42 319 28 -50 -27 -49 -12 -72 -9 -82 -13 13 -27 256 3 -32 -17 -45 -12 -69 17 -4 -15 -86 25 110 -55 -65 87 -58 37 48 -19 -80 74 14 -14 -25 -9 101 68 0 0 -68 42 0 0 -28 11 104 87 -70 -11 40 54 34 38 30 43 -64 -29 32 35 -60 -22 28 44 -186 -16 10 -19 32 39 32 30 -344 2 0 -17 -8 -31 10 -3 59 48 -19 -30 66 82 69 17 -32 -23 56 0 3 0 40 -9 31 -10 24 -9 5 -4 8 -8 -7 -2
402 -20 16 72 182 -105 415 30 376 5 344 -26 336 -25 376 26 -24 -22 351 75 312 30 16 -32 324 32 -94 -35 256 -15 -46 -6 -114 -38 66 -85 4 -53 -72 71 198 -4 -26 6 -29 10 170 19 144 -12 107 -5 156 61 -8 5 148 57 72 34 12 -13 4 -20 56 -21 8 -22 -154 60 -30 -28 -10 -1 -192 33 71 43 43 13 -176 -51 71 52 -191 9 -210 7 -296 60 40 21 -328 -51 30 24 0 -22 -6 -21 48 19 10 -2 41 19 60 21 56 68 38 13 46 8 -12 -10 -32 -20 24 -7 -18 -6 15 -9 5 -7 -20 -3
24 69 0 21 200 -113 16 -68 182 -115 176 -113 348 -5 -12 -67 -16 64 33 -33 320 18 290 -17 272 -38 -64 -60 -43 39 -17 3 -112 -62 -120 -43 248 21 -82 8 -55 -31 -32 -55 -102 23 -35 -33 164 1 78 6 68 -31 -12 -41 -22 -11 39 -32 74 17 66 18 0 -54 66 20 26 19 0 0 24 -14 24 23 90 47 -132 -9 0 -4 69 50 58 68 -261 5 16 22 32 23 -288 -47 2 -27 0 -30 -8 -33 -216 -115 -1 -16 41 11 -128 -100 24 8 4 -6 54 3 -30 -24 30 66 15 -6 -54 -34 -7 -10 6 -15 -22 -6
422 -13 0 -5 188 -118 13 -6 156 -119 359 -17 -26 23 0 46 320 -18 322 8 -8 0 -48 -57 -22 60 274 -3 -22 -27 -76 -55 -87 18 -70 1 250 60 257 41 222 48 211 24 -24 -38 97 -69 215 42 72 -42 60 -37 54 -40 47 -40 -50 -10 -62 -20 17 -15 0 -21 8 -2 -86 -11 -176 15 88 52 -221 22 2 -34 -15 22 64 57 31 24 3 -24 30 19 13 13 -248 -38 -324 -54 38 17 -352 -11 44 31 0 -14 -206 -119 40 26 -154 -106 -24 -37 32 40 -6 -12 6 -2 32 52 21 56 -68 -45 14 -19 0 -8 -3 -8
0 -10 0 12 176 -130 384 -17 151 -123 191 -107 60 -49 36 -28 10 53 307 14 12 45 316 25 290 14 -16 23 0 0 -52 -59 8 -12 222 -40 126 -63 10 -22 195 -9 227 40 106 -81 -112 6 208 37 78 -11 58 -29 76 0 -80 9 111 -13 74 -7 8 -32 0 -32 -144 37 -16 -27 32 1 -112 -44 -7 6 -142 -22 70 45 -170 -49 -179 -10 74 31 50 34 -272 -27 60 54 -320 40 -333 36 24 0 -368 1 -376 -26 -15 -37 -155 -113 -306 -108 -24 -32 -14 -14 -32 -31 24 8 6 -11 -70 -59 14 45 5 43 -10 -23 -16 -11
0 7 0 12 160 -138 364 -51 0 -18 14 31 24 -26 14 -74 336 -3 77 -42 341 14 -5 -19 280 0 -26 -2 0 0 -22 -55 20 -22 26 -47 200 -50 198 -52 -8 -56 242 27 -54 47 192 5 80 -32 34 -28 79 25 113 20 54 24 -57 -49 22 -71 -2 -68 80 -44 44 29 -100 -54 16 6 -126 -44 68 1 -3 -60 -232 -3 -175 -16 -238 7 64 40 -44 10 54 45 -296 -49 41 0 -268 -57 -304 -61 -364 -33 -364 -54 -13 -25 -384 -42 31 20 -225 -132 -26 -40 -36 -40 8 2 20 -13 16 37 2 28 10 -22 2 46 -6 -23
13 29 0 8 441 0 192 -143 -28 -85 1 -67 55 -30 66 -90 74 -82 -1 -81 -14 -76 2 19 -21 -50 249 -71 304 35 282 -9 -47 -31 -77 -10 -56 -26 182 -3 -23 -1 122 -35 133 22 68 -66 74 -4 18 -15 48 -7 35 -46 26 -52 142 12 23 -35 82 8 0 -52 4 -67 6 -1 -96 -109 -145 -30 -222 5 85 26 63 -1 80 37 -138 -76 -189 -31 65 16 64 40 32 -9 -240 -85 -15 -65 -272 -52 -343 -55 -352 -62 -364 -34 -249 -135 -30 -42 -384 -100 -30 -49 -32 -45 18 0 0 -9 18 8 8 32 -1 18 -4 18 -10 26
490 2 0 6 -16 -9 370 -66 -16 -54 138 -160 72 -157 -22 -102 336 -28 46 -105 -50 -12 -3 -83 51 -39 246 -65 -41 -28 232 -23 80 -84 188 2 40 -45 37 -50 29 -66 84 -41 36 -93 35 -65 -37 20 14 -54 62 21 15 -60 38 -37 26 -56 32 -73 -36 -45 -10 -88 8 -73 104 -2 -96 -29 77 -8 -144 -69 74 -18 -12 -1 64 22 -183 -33 -196 -45 -228 31 24 -9 -304 -16 -264 23 48 4 -276 -45 -29 -77 -351 -90 -358 -74 -22 -30 -320 -82 -33 -48 16 -4 11 6 13 5 -8 -34 24 1 14 20 9 26 5 -39 -2 -44
0 7 0 3 -16 -8 386 -68 18 -116 -24 -29 -15 -52 -21 -85 -52 -85 -13 13 298 -26 -15 18 -16 -52 97 -140 308 4 243 -19 176 -87 13 -81 212 -50 25 -80 112 -78 102 -48 190 18 66 -62 32 -73 21 -50 52 13 -7 -50 74 15 18 -62 -48 -63 -102 -1 -68 -51 -27 -49 -24 -84 54 -59 48 -19 58 -43 106 3 66 -18 -240 -39 -26 -1 4 -64 -263 -39 -146 -91 -6 -41 -64 -10 -316 -28 -10 -53 -352 -22 -182 -137 -269 -87 -352 20 -385 -84 0 -7 6 -36 0 -35 11 -1 40 -26 -54 -77 -78 -92 -10 -55 -10 -46 -28 -51
0 3 490 -77 480 -36 442 -29 -32 -52 402 -26 168 -174 -27 -69 33 -114 69 -98 14 -97 198 -134 45 -95 -8 -85 7 -114 19 -114 288 16 -30 -34 -64 -31 -6 -7 105 -62 97 -65 34 -59 62 -43 -8 -8 -2 -26 -64 9 46 -27 -32 -41 -18 -59 -39 -84 -28 -38 -26 -82 -18 -58 56 -12 51 -15 58 -49 71 -25 66 -25 36 -45 34 -48 -178 -82 -45 -20 -72 -88 -196 -34 -301 -34 -12 -38 -232 -51 8 -33 -364 -105 -8 12 8 -31 -312 -127 -376 3 -218 -151 0 -35 0 -36 -56 -97 18 -41 -72 -102 -32 -70 13 -67 -42 -71 -27 -59
0 1 0 4 478 -3 450 -16 0 7 174 -177 -32 -73 -4 -77 323 -66 -15 -67 283 -106 31 -106 274 -91 24 -80 68 -143 79 -156 16 -64 -21 8 61 -102 -34 -16 92 -78 160 -19 48 -26 87 1 -8 -11 -18 -13 32 -3 48 -2 18 -2 -40 -15 -48 -17 4 -8 -40 -76 66 -18 26 -2 -70 -68 -24 -69 -159 -2 -48 -78 -9 -78 -16 -43 -58 -97 -106 -90 -102 -93 -196 -35 -214 -45 -164 -108 -15 -31 -314 -55 -16 -81 -15 -52 -302 -101 -42 -95 -402 -33 -392 -124 -10 -49 -368 -134 -54 -99 -65 -107 -70 -106 19 -66 7 -64 -16 -68 -18 -72
426 -325 -1 0 -16 -18 -11 -9 272 -189 232 -196 102 -188 -38 -41 152 -190 72 -192 -36 -14 -48 -106 304 -59 -47 -17 262 -83 303 -22 272 -3 32 -77 148 -100 120 -69 -20 -32 47 -74 24 -18 52 -11 18 -14 30 -9 138 -3 26 -10 20 -9 -6 -7 -46 -17 1 -7 -64 -25 -1 -42 -32 -22 -11 -11 -11 -16 -60 -78 -30 -69 -176 -39 -18 -99 -120 -76 -112 -74 -61 -16 -82 -103 -62 -88 -214 -81 49 -26 -26 -82 -288 -106 -363 -108 -366 -88 -358 -112 -387 -132 -409 -59 -54 -103 -48 -93 -58 -114 -64 -113 -14 -77 18 -76 8 -76 -36 -85 -43 -88
