2 0 15 21 3 4 8 17 6 2 5 5 2 0 2 16 -2 23 24 38 -1 0 -4 35 0 11 -2 12 0 3 2 0 2 1 5 12 74 21 6 0 8 0 5 0 -4 2 -14 0 -22 3 -8 2 -11 2 9 37 4 37 9 37 2 0 -95 20 -22 25 -1 0 0 0 -1 0 -20 1 0 0 -15 1 4 2 0 1 4 2 1 0 8 0 3 0 4 0 1 0 0 0 -270 6 -267 28 -41 9 -44 5 0 0 0 0 64 228 -98 36 1 0 12 0 2 0 -277 311 -4 0 -4 0 -4 0 0 0
2 -7 2 0 33 45 20 20 8 -4 6 2 8 -2 4 21 0 19 8 18 0 -1 0 -1 1 -2 2 0 6 -8 0 6 5 -2 3 0 1 -2 21 6 1 -4 0 -3 0 -4 4 -8 0 -1 0 -1 0 -1 0 -1 0 -1 0 -1 0 -1 2 -1 -32 15 -51 12 -38 15 -12 13 -112 28 -24 8 -34 13 0 7 -34 -2 33 4 -22 -4 0 0 -68 12 0 1 0 0 1 -1 -212 44 0 -1 0 -2 1 -2 -1 -1 -1 -1 -1 -1 0 -1 0 -1 0 -1 0 -1 0 -1 0 -1 -2 -1 -1 -1 0 -1
11 12 0 -6 1 -2 1 -2 8 3 2 -9 7 -1 3 -7 1 5 10 4 2 -2 4 9 3 0 2 -1 12 -12 5 -2 6 0 0 -14 5 -1 16 7 -3 -6 0 -6 -8 -5 -11 -8 -22 -6 0 -1 0 -1 0 -1 -11 7 -1 -1 0 -1 -86 8 -74 18 -60 14 -3 -3 -1 -4 -32 16 -26 7 -37 6 -43 2 -64 10 -28 -8 -43 -8 -50 -4 -190 19 -62 9 -18 -2 -35 4 -4 -1 0 -1 0 -1 0 -1 0 -1 -1 -1 -336 9 -4 -2 14 5 0 -1 0 -1 0 -1 -1 0 -1 -1 -2 -1 0 -1
3 8 6 6 3 -1 -11 -19 16 20 1 -2 12 23 3 -1 7 -11 7 5 2 -3 7 -2 5 -1 0 -4 58 29 44 25 32 19 7 4 3 -2 74 -3 5 -1 -4 -6 -10 -5 -8 -7 -16 -6 -34 -6 -36 -9 -44 -5 -46 -1 -3 -3 -92 -13 -92 -5 -106 -1 -110 -6 1 -13 22 -17 8 -18 0 -15 -48 8 0 -1 -64 10 16 -10 10 -10 0 -1 -1 -1 0 -1 0 -1 0 -1 0 -1 0 -1 0 -1 0 -1 0 -1 0 -1 0 -1 0 -1 1 0 -2 1 3 5 -2 0 -5 -2 -1 -1 0 -2 0 -1
2 0 1 -2 0 -8 2 -2 -5 -16 -12 -20 -8 -22 1 -1 7 -31 3 -1 7 -2 11 3 0 -2 -5 -23 -5 -7 -3 -7 50 21 143 8 16 6 12 -2 96 -16 9 -3 -21 -15 -12 -9 -36 -15 -13 -5 -16 -5 -60 -15 -10 -2 2 -4 -79 -3 -63 6 14 -17 9 -21 16 -21 -1 -15 46 -19 2 -3 0 -1 52 -14 0 -1 0 -1 0 -1 0 -1 0 -1 0 0 -1 -1 0 -1 0 -1 0 -1 0 -1 0 -1 0 -1 0 -1 0 -1 0 -1 0 -1 -2 -7 -4 0 -6 -7 -1 -1 0 -1 0 -1 0 -1
4 -15 0 -15 2 -1 -4 -23 2 0 1 1 2 -13 -1 -30 0 -23 -6 -20 0 -1 0 -1 -8 -11 0 -1 0 -1 0 -1 0 -1 0 -1 -16 -20 26 5 -15 -10 -2 -3 80 -10 70 -26 80 -28 0 -1 0 -1 0 -1 -1 -1 -1 -1 0 -1 0 -1 88 -26 0 -1 0 -1 0 -1 0 -1 0 -1 0 -1 0 -1 0 -1 0 -1 0 -1 -1 -1 0 -1 -1 -1 0 -1 0 -1 0 -1 0 -1 0 -1 0 -1 0 -1 0 -1 0 -1 0 -1 0 -1 2 -11 -398 -12 -2 -2 -5 4 -2 0 0 -1 0 -2
0 -3 0 -1 -8 -16 0 -1 1 -1 0 -1 7 3 0 -1 0 -3 28 4 2 -1 -22 -19 9 2 0 -1 0 -1 0 -1 0 -1 12 3 0 -2 -38 -27 -10 -6 0 -3 -26 -10 182 -31 176 -31 -50 -7 0 -1 0 -1 -1 -1 0 -1 0 -1 0 -1 144 -41 0 -1 0 -1 0 -1 -117 -1 0 -2 0 -1 0 -1 0 -1 0 -1 0 -1 0 -1 0 -1 0 -1 0 -1 0 -1 0 -1 0 -1 0 -1 0 -1 0 -1 0 -1 0 -1 0 -1 0 -1 8 -9 -2 -4 1 -4 0 -1 -1 -1 0 -1 0 -1
0 -1 0 -1 0 -1 0 -1 0 -1 0 -1 0 -1 0 -2 0 -1 -2 -2 0 -1 15 1 -13 -5 -6 -5 -12 -5 -18 -6 0 -2 0 -1 -15 -8 0 -1 0 -1 -1 -2 25 -4 0 -2 0 -2 -1 -1 0 -1 0 -1 0 -1 0 -1 0 -1 0 -1 0 -1 0 -1 -1 -1 0 -1 0 -1 0 -1 0 -1 -1 -2 -208 -30 -214 -29 0 -1 0 -1 0 -1 0 -1 0 -1 0 -1 0 -1 -1 -1 0 -1 0 -1 0 -1 0 -1 0 -1 0 -1 0 -1 0 -1 -1 -1 0 -1 0 -1 0 -1 7 1 -1 1
0 -1 0 0 0 -1 0 -1 0 -1 0 -1 0 -1 0 -1 0 -1 0 -1 0 -1 0 -1 9 0 -18 -6 0 -2 0 -1 0 -1 0 -1 0 -1 0 -1 0 -1 0 -1 0 -1 0 -1 0 -1 0 -1 0 -1 0 -1 0 -1 0 -1 0 -1 0 -1 0 -1 0 -1 0 -1 0 -1 0 -1 0 -1 0 -1 0 -1 0 -1 -227 -55 -22 -4 0 -2 0 -1 0 -1 0 -1 0 -1 0 -1 0 -1 0 -1 0 -1 0 -1 0 -1 0 -1 0 -1 0 -1 0 -1 0 -1 27 -4 0 -1 4 -1 0 -1 -4 -1
0 -1 0 -2 0 -1 0 -1 0 -1 0 -1 0 -1 0 -1 0 -1 0 -1 -1 -1 0 -1 0 -1 0 -1 0 -1 0 -1 0 -1 0 -1 0 -1 196 -41 0 -1 0 -1 0 -1 0 -1 0 -1 0 -1 -1 -1 0 -1 0 -1 0 -1 0 -1 0 -1 0 -1 0 -1 0 -1 0 -1 0 -1 0 -1 0 -1 0 -1 0 -1 0 -1 0 -1 0 -1 0 -1 0 -1 0 -1 0 -1 0 -1 0 -1 0 -1 0 -1 0 -1 0 -1 0 -1 0 -1 0 -1 0 -1 0 -1 -1 -1 0 -1 0 -1 0 -1 0 -1
0 -1 0 -1 0 -1 0 -1 0 -1 0 -1 0 -1 0 -1 0 -1 0 -1 0 -1 0 -1 0 -1 0 -1 0 -1 0 -1 0 -1 0 -1 0 -1 0 -1 0 -1 0 -1 0 -1 0 -1 0 -1 0 -1 0 -1 0 -1 0 -1 0 -1 0 -1 0 -1 0 -1 0 -1 0 -1 0 -1 0 -1 0 -1 0 -1 0 -1 0 -1 0 -1 0 -1 0 -1 0 -1 0 -1 0 -1 0 -1 0 -1 0 -1 0 -1 0 -1 0 -1 0 -1 0 -1 0 -1 0 -1 0 -1 0 -1 0 -1 0 -1 0 -1 0 -1 0 -1
0 -1 0 -1 0 -1 0 -1 0 -1 0 -1 0 -1 0 -1 0 -1 0 -1 0 -1 0 -1 0 -1 0 -1 0 -1 0 -1 0 -1 0 -1 0 -1 1 -1 0 -1 0 -1 0 -1 0 -1 0 -1 0 -1 0 -1 0 -1 0 -1 0 -1 0 -1 0 -1 0 -1 0 -1 0 -1 0 -1 0 -1 0 -1 0 -1 0 -1 0 -1 0 -1 0 -1 0 -1 0 -1 0 -1 0 -1 0 -1 0 -1 0 -1 0 -1 0 -1 0 -1 0 -1 0 -1 -6 -1 0 -1 0 -1 0 -1 0 -1 0 -1 0 -1 0 -1 0 -1
0 -1 0 -1 0 -1 0 -1 0 -1 0 -1 0 -1 0 -1 0 -1 0 -1 0 -1 0 -1 0 -1 0 -1 0 -1 0 -1 0 -1 0 -1 0 -1 0 -1 16 1 0 -1 0 -1 0 -1 0 0 6 0 0 -1 0 -1 0 -1 0 -1 0 -1 0 -1 0 -1 0 -1 0 -1 0 -1 0 -1 0 -1 0 -1 0 -1 0 -1 0 -1 0 -1 0 -1 0 -1 0 -1 0 -1 0 -1 0 -1 0 -1 0 -1 0 -1 0 -1 0 -2 0 -1 0 -1 0 -1 0 -1 0 -1 0 -1 0 -1 0 -1 0 -1 0 -1
0 -1 0 -1 0 -1 0 -1 0 -1 0 -1 0 -1 0 -1 0 -1 0 -1 0 -1 0 -1 0 -1 0 -1 0 -1 0 -1 0 -1 0 -1 0 -1 1 -1 0 -1 0 -1 0 -1 4 7 0 -1 -3 -2 -8 0 -8 -4 0 -1 0 -1 0 -1 0 -1 0 -1 0 -1 0 -1 0 -1 0 -1 0 -1 0 -1 0 -1 0 -1 0 -1 0 -1 0 -1 0 -1 0 -1 0 -1 0 -1 0 -1 0 -1 0 -1 0 -1 0 -1 0 -1 0 -1 0 -1 0 -1 0 -1 0 -1 0 -1 0 -1 0 -1 0 -1 0 -1
0 -1 0 -1 0 -1 0 -1 0 -1 0 -1 0 -1 0 -1 0 -1 0 -1 0 -1 0 -1 0 -1 0 -1 0 -1 0 -1 0 -1 0 -1 0 0 5 -2 0 -1 -3 -1 0 -1 0 -1 0 -2 0 -2 0 -1 0 -1 0 -1 0 -1 0 -1 0 -1 0 -1 -56 -13 0 -1 0 -1 0 -1 0 -1 0 -1 0 -1 0 -1 0 -1 0 -1 0 -1 0 -1 0 -1 0 -1 0 -1 0 -1 0 -1 0 -1 0 -1 0 -1 0 -1 0 -1 0 -1 0 -1 0 -1 0 -1 0 -1 0 -1 0 -1 0 -1 0 -1
0 -1 0 -1 0 -1 0 -1 0 -1 0 -1 0 -1 0 -1 0 -1 0 -1 0 -1 0 -1 0 -1 0 -1 0 -1 0 -1 0 -1 0 -1 0 -1 0 -1 0 -1 0 -1 0 -1 0 -1 -32 -16 -24 -12 0 -1 0 -1 0 -1 0 -1 0 -1 0 -1 0 -1 0 -1 0 -1 0 -1 0 -1 0 -1 0 -1 0 -1 0 -1 0 -1 0 -1 0 -1 0 -1 0 -1 0 -1 0 -1 0 -1 0 -1 0 -1 0 -1 0 -1 0 -1 0 -1 0 -1 0 -1 0 -1 0 -1 0 -1 0 -1 0 -1 0 -1 0 -1
0 -1 0 -1 0 -1 0 -1 0 -1 0 -1 0 -1 0 -1 0 -1 0 -1 0 -1 0 -1 0 -1 0 -1 0 -1 0 -1 0 -1 0 -1 0 -1 0 -1 0 -1 0 -1 0 -1 0 -1 0 -1 0 -1 0 -1 0 -1 0 -1 0 -1 0 -1 0 -1 0 -1 0 -1 0 -1 0 -1 0 -1 0 -1 0 -1 0 -1 0 -1 0 -1 0 -1 0 -1 0 -1 0 -1 0 -1 0 -1 0 -1 0 -1 0 -1 0 -1 0 -1 0 -1 0 -1 0 -1 0 -1 0 -1 0 -1 0 -1 0 -1 0 -1 0 -1 0 -1
0 -1 0 -1 0 -1 0 -1 0 -1 0 -1 0 -1 0 -1 0 -1 0 -1 0 -1 0 -1 0 -1 0 -1 0 -1 0 -1 0 -1 0 -1 0 -1 0 -1 0 -1 0 -1 0 -1 0 -1 0 -1 0 -1 0 -1 0 -1 0 -1 0 -1 0 -1 0 -1 0 -1 0 -1 0 -1 0 -1 0 -1 0 -1 0 -1 0 -1 0 -1 0 -1 0 -1 0 -1 0 -1 0 -1 0 -1 0 -1 0 -1 0 -1 0 -1 0 -1 0 -1 0 -1 0 -1 0 -1 0 -1 0 -1 0 -1 0 -1 0 -1 0 -1 0 -1 0 -1
0 -1 0 -1 0 -1 0 -1 0 -1 0 -1 0 -1 0 -1 0 -1 0 -1 0 -1 0 -1 0 -1 0 -1 0 -1 0 -1 0 -1 0 -1 0 -1 0 -1 0 -1 0 -1 0 -1 0 -1 0 -1 0 -1 0 -1 0 -1 0 -1 0 -1 0 -1 0 -1 0 -1 0 -1 0 -1 0 -1 0 -1 0 -1 0 -1 0 -1 0 -1 0 -1 0 -1 0 -1 0 -1 0 -1 0 -1 0 -1 0 -1 0 -1 0 -1 0 -1 0 -1 0 -1 0 -1 0 -1 0 -1 0 -1 0 -1 0 -1 0 -1 0 -1 0 -1 0 -1
0 -1 0 -1 0 -1 0 -1 0 -1 0 -1 0 -1 0 -1 0 -1 0 -1 0 -1 0 -1 0 -1 0 -1 0 -1 0 -1 0 -1 0 -1 0 -1 0 -1 0 -1 0 -1 0 -1 0 -1 0 -1 0 -1 0 -1 0 -1 0 -1 0 -1 0 -1 0 -1 0 -1 0 -1 0 -1 0 -1 0 -1 0 -1 0 -1 0 -1 0 -1 0 -1 0 -1 0 -1 0 -1 0 -1 0 -1 0 -1 0 -1 0 -1 0 -1 0 -1 0 -1 0 -1 0 -1 0 -1 0 -1 0 -1 0 -1 0 -1 0 -1 0 -1 0 -1 0 -1
0 -1 0 -1 0 -1 0 -1 0 -1 0 -1 0 -1 0 -1 0 -1 0 -1 0 -1 0 -1 0 -1 0 -1 0 -1 0 -1 0 -1 0 -1 0 -1 0 -1 0 -1 0 -1 0 -1 0 -1 0 -1 0 -1 0 -1 0 -1 0 -1 0 -1 0 -1 0 -1 0 -1 0 -1 0 -1 0 -1 0 -1 0 -1 0 -1 0 -1 0 -1 0 -1 0 -1 0 -1 0 -1 0 -1 0 -1 0 -1 0 -1 0 -1 0 -1 0 -1 0 -1 0 -1 0 -1 0 -1 0 -1 0 -1 0 -1 0 -1 0 -1 0 -1 0 -1 0 -1
0 -1 0 -1 0 -1 0 -1 0 -1 0 -1 0 -1 0 -1 0 -1 0 -1 0 -1 0 -1 0 -1 0 -1 0 -1 0 -1 0 -1 0 -1 0 -1 0 -1 -1 -1 0 -1 0 -1 0 -1 0 -1 0 -1 0 -1 0 -1 0 -1 0 -1 0 -1 0 -1 0 -1 1 -1 0 -1 8 6 6 4 11 2 10 -1 0 -1 -6 -2 -26 24 -44 24 0 -1 -6 4 0 -1 0 -1 0 -1 -7 -1 16 2 53 36 0 -1 0 -1 -424 330 -2 -1 0 -1 0 -1 0 -1 0 -1 0 -1 0 -1 -1 -1 0 -1 -1 -1
0 -1 0 -1 0 -1 0 -1 0 -1 0 -1 0 -1 0 -1 0 -1 0 -1 0 -1 0 -1 0 -1 0 -1 0 -1 0 -1 0 -1 0 -1 0 -1 0 -1 0 -1 0 -1 0 -1 0 -1 0 -1 -1 -1 0 -1 0 -1 1 -1 0 -1 0 -1 0 -1 0 -1 1 -1 2 -1 2 -1 0 0 0 -4 -6 21 -4 2 -8 2 -17 -1 -37 -1 -1 -1 0 -1 48 8 -94 18 -10 1 0 0 22 7 -20 -1 0 0 0 -1 0 -1 0 -1 0 0 0 -1 -22 -11 -445 308 0 -1 0 -1 0 -1 -1 -1 -114 -160
0 -1 0 -1 0 -1 0 -1 0 -1 0 -1 0 -1 0 -1 0 -1 0 -1 0 -1 0 -1 0 -1 0 -1 0 -1 0 -1 0 -1 0 -1 0 -1 0 -1 0 -1 0 -1 0 -1 -1 -1 -1 -1 -1 -1 -1 -1 0 -1 0 -1 1 -1 0 -1 0 -1 0 -1 2 -1 0 -1 2 -1 0 -1 16 -1 8 -1 2 -1 0 -1 34 21 -16 -2 22 19 0 -1 -69 -4 0 0 27 7 0 -1 1 4 -5 1 0 -1 0 0 -14 -5 -1 -1 -11 -7 -443 318 0 -1 -1 -1 -462 215 -1 -1 0 -1 -1 -1 -1 -1
0 -1 0 -1 0 -1 0 -1 0 -1 0 -1 0 -1 0 -1 0 -1 0 -1 0 -1 0 -1 0 -1 0 -1 0 -1 0 -1 0 -1 0 -1 0 -1 0 -1 2 -1 0 -1 1 -1 -1 -1 -1 -1 -1 -1 -2 -1 4 -1 2 -1 0 -1 0 -1 0 -1 0 -1 5 -9 0 -1 3 -1 2 -1 6 4 8 -25 0 -6 2 -6 -16 -5 -20 2 -30 -25 -43 -28 -32 -12 -53 -17 -10 -1 -93 -12 -24 -7 -62 -28 0 0 -75 -16 -14 -3 -11 -5 -38 -18 0 -1 0 -1 -23 -20 0 -1 -336 214 0 -1 0 -1 -1 -1
0 -1 0 -1 0 -1 0 -1 0 -1 0 -1 0 -1 0 -1 0 -1 0 -1 0 -1 0 -1 0 -1 0 -1 0 -1 0 -1 0 -1 0 -1 0 -1 0 -1 0 -1 0 -1 0 -1 0 -1 -1 -1 -1 -1 -5 -1 -3 -1 1 -1 0 -1 0 -1 0 -1 0 -1 0 -1 1 -1 0 -1 2 -1 6 -2 8 -1 2 -1 0 -1 -2 -1 -10 -2 0 -1 -32 -21 -47 -21 -40 -21 10 1 23 0 -99 -18 -14 3 -95 -23 -52 1 0 -1 -12 -10 -63 -20 0 0 0 -1 0 -1 0 -1 0 -1 0 -1 0 -1 0 -1
0 -1 0 -1 0 -1 0 -1 0 -1 0 -1 0 -1 0 -1 0 -1 0 -1 0 -1 0 -1 0 -1 0 -1 0 -1 0 -1 0 -1 0 -1 0 -1 0 -1 0 -1 0 -1 0 -1 0 -1 0 -1 0 -1 0 -1 -1 -1 1 -1 0 -1 0 -1 0 -1 0 -1 0 -1 0 -1 1 -1 1 -1 0 -2 1 -1 2 -2 0 -1 -8 -1 0 -1 -36 -20 -38 -22 -46 -22 -6 -1 64 26 -72 -12 -80 -24 -88 -13 -82 -11 -110 -44 -79 -18 -8 -5 -28 -17 0 0 -46 -32 0 -1 0 -1 0 -1 0 -1 0 -1 -1 -1
0 -1 0 -1 0 -1 0 -1 0 -1 0 -1 0 -1 0 -1 0 -1 0 -1 0 -1 0 -1 0 -1 0 -1 0 -1 0 -1 0 -1 0 -1 0 -1 0 -1 0 -1 0 -1 0 -1 0 -1 0 -1 0 -1 0 -1 0 -1 0 -1 0 -1 0 -1 0 -1 0 -1 0 -1 0 -1 0 -1 0 -1 0 -1 1 -1 0 -1 0 -1 -1 -2 0 -1 0 -1 0 -4 70 15 67 16 -36 -21 -64 -26 0 -1 22 7 0 -1 -1 -1 0 -1 -36 -9 -106 -36 -84 -32 -4 -3 0 -1 0 5 0 -1 0 -2 0 -1 0 -1
0 -1 0 -1 0 -1 0 -1 0 -1 0 -1 0 -1 0 -1 0 -1 0 -1 0 -1 0 -1 0 -1 0 -1 0 -1 0 -1 0 -1 0 -1 0 -1 0 -1 0 -1 0 -1 0 -1 0 -1 0 -1 0 -1 0 -1 0 -1 0 -1 0 -1 0 -1 0 -1 0 -1 0 -1 0 -1 0 -1 0 -1 0 -1 1 -1 0 -1 0 -1 0 -1 0 -1 0 -1 0 -1 0 -1 0 -1 0 -1 -58 -57 0 -1 0 -1 0 -1 8 5 0 -1 0 -1 -124 -59 0 -1 -1 -1 0 -1 0 0 0 -1 0 -1 0 -1 0 -1
0 -1 0 -1 0 -1 0 -1 0 -1 0 -1 0 -1 0 -1 0 -1 0 -1 0 -1 0 -1 0 -1 0 -1 0 -1 0 -1 0 -1 0 -1 0 -1 0 -1 0 -1 0 -1 0 -1 0 -1 0 -1 0 -1 0 -1 0 -1 0 -1 0 -1 0 -1 0 -1 0 -1 0 -1 0 -1 0 -1 0 -1 0 -1 0 -1 0 -1 0 -1 0 -1 -1 -1 0 -1 0 -1 0 -1 0 -1 0 -1 0 -1 0 -1 0 -1 0 -1 0 -1 0 -1 -72 -25 -8 0 -128 -52 -350 74 0 0 0 -2 -1 -1 -1 -1 -1 -1 -1 -1
0 -1 0 -1 0 -1 0 -1 0 -1 0 -1 0 -1 0 -1 0 -1 0 -1 0 -1 0 -1 0 -1 0 -1 0 -1 0 -1 0 -1 0 -1 0 -1 0 -1 0 -1 0 -1 0 -1 0 -1 0 -1 0 -1 0 -1 0 -1 0 -1 0 -1 0 -1 0 -1 0 -1 0 -1 0 -1 0 -1 0 -1 0 -1 0 -1 1 -1 0 -1 0 -1 0 -1 -1 -1 0 -1 0 -1 0 -1 0 -1 0 -1 0 -1 0 -1 0 -1 0 -1 0 -1 0 -1 -112 -50 -134 -48 -110 -44 0 -2 0 -1 0 -1 0 -1 0 -1 0 -1
0 -1 0 -1 0 -1 0 -1 0 -1 0 -1 0 -1 0 -1 0 -1 0 -1 0 -1 0 -1 214 -220 0 -1 0 -1 0 -1 0 -1 0 -1 0 -1 0 -1 0 -1 0 -1 0 -1 0 -1 0 -1 0 -1 0 -1 0 -1 0 -1 0 -1 0 -1 0 -1 0 -1 0 -1 0 -1 0 -1 0 -1 0 -1 112 150 0 -1 0 -1 0 -1 0 -1 0 -1 0 -1 0 -1 0 -1 0 -1 0 -1 0 -1 0 -1 0 -1 0 -1 0 -1 7 -19 -94 -50 0 -1 0 -1 0 -1 -1 -1 0 -1 0 -1 0 -1 0 -1
0 -1 1 -1 0 -1 0 -1 0 -1 29 -255 1 -1 0 -1 0 -1 -1 -1 0 -1 0 -1 0 -1 0 -1 0 -1 14 -229 0 -1 0 -1 0 -1 0 -1 0 -1 0 -1 0 -1 0 -1 0 -1 0 -1 0 -1 0 -1 0 -1 0 -1 0 -1 0 -1 0 -1 0 -1 0 -1 0 -1 0 -1 0 -1 0 -1 0 -1 0 -1 31 48 0 -1 0 -1 0 -1 0 -1 0 -1 0 -1 0 -1 0 -1 0 -1 0 -1 0 -1 0 -1 -4 -2 0 -1 0 -1 -110 -86 0 -1 0 -1 0 -1 -1 -1 -1 -1 -1 -1
0 -2 1 -1 0 -1 0 -1 0 -1 0 -1 74 -212 0 -1 0 -1 0 -1 0 -1 0 -1 0 -1 0 -1 0 -1 0 -1 0 -1 0 -1 0 -1 0 -1 0 -1 0 -1 0 -1 0 -1 0 -1 0 -1 0 -1 0 -1 0 -1 0 -1 0 -1 0 -1 0 -1 0 -1 0 -1 0 -1 0 -1 0 -1 0 -1 0 -1 0 -1 0 -1 0 -1 0 -1 0 -1 0 -1 0 -1 0 -1 0 -1 0 -1 0 -1 0 -1 0 -1 0 -1 0 -1 0 -1 0 -1 -356 121 0 -1 0 0 0 -1 -1 -1 -1 -1 -1 -1
0 -2 0 -1 0 -1 15 -267 0 -1 0 -1 17 -226 0 -1 0 -1 0 -1 0 -1 0 -1 0 -1 0 -1 0 -1 0 -1 0 -1 0 -1 0 -1 0 -1 0 -1 0 -1 0 -1 0 -1 0 -1 0 -1 0 -1 0 -1 0 -1 0 -1 0 -1 0 -1 0 -1 0 -1 0 -1 0 -1 0 -1 0 -1 0 -1 0 -1 0 -1 0 -1 0 -1 0 -1 0 -1 0 -1 0 -1 0 -1 0 -1 0 -1 0 -1 0 -1 0 -1 0 -1 0 -1 0 -1 0 -1 0 -1 0 -1 0 -1 0 -1 -1 -1 0 -1 -1 -1
0 -1 2 4 0 -1 0 -1 16 -248 0 -1 5 -254 0 -1 0 -1 0 -1 0 -1 0 -1 0 -1 0 -1 0 -1 0 -1 0 -1 0 -1 0 -1 0 -1 0 -1 0 -1 0 -1 0 -1 0 -1 0 -1 0 -1 0 -1 0 -1 0 -1 0 -1 0 -1 0 -1 0 -1 0 -1 0 -1 0 -1 0 -1 0 -1 0 -1 0 -1 0 -1 0 -1 0 -1 0 -1 0 -1 0 -1 0 -1 0 -1 0 -1 0 -1 0 -1 0 -1 0 -1 0 -1 0 -1 0 -1 0 -1 0 -1 0 -1 2 -1 0 -2 0 -1 0 -1
0 -1 0 -1 0 -1 0 -1 0 -1 -6 -279 0 -1 0 -1 354 -268 106 12 97 12 46 -228 39 -229 304 -263 342 -236 -59 4 -6 -3 0 -1 0 -1 0 -1 0 -1 0 -1 0 -1 0 -1 0 -1 0 -1 0 -1 0 -1 0 -1 0 -1 0 -1 0 -1 0 -1 0 -1 0 -1 0 -1 0 -1 0 -1 0 -1 0 -1 0 -1 0 -1 0 -1 0 -1 0 -1 0 -1 0 -1 0 -1 0 -1 0 -1 0 -1 0 -1 0 -1 0 -1 0 -1 0 -1 0 -1 0 -1 0 -1 0 -1 0 -1 -1 -1 -1 -1 -1 -1
0 0 0 -1 0 0 0 -1 0 -1 0 -1 65 -232 241 -228 10 -154 55 10 67 10 40 33 62 61 56 63 84 42 -27 -4 49 51 -28 -5 -27 -4 -68 -2 -27 -3 -87 -41 -50 -258 0 -1 0 -1 0 -1 0 -1 0 -1 0 -1 0 -1 0 -1 0 -1 0 -1 0 -1 0 -1 0 -1 0 -1 0 -1 0 -1 0 -1 0 -1 0 -1 0 -1 0 -1 0 -1 0 -1 0 -1 0 -1 0 -1 0 -1 0 -1 0 -1 0 -1 0 -1 0 -1 0 -1 0 -1 0 -1 0 -1 0 -1 0 -1 0 -1 0 -1 0 -1
0 -1 0 -1 0 -1 0 -1 0 -1 0 -1 227 -7 -8 3 26 -192 345 -227 335 -229 -29 -6 -30 -5 352 -179 -30 -4 9 43 32 60 352 61 -25 -5 -9 32 -27 -3 99 -70 46 -3 36 -2 29 -2 30 -2 27 -2 0 -1 0 -1 0 -1 -8 -1 1 -1 0 -1 0 -1 0 -1 0 -1 -248 13 0 -1 0 -1 0 -1 0 -1 0 -1 0 -1 4 -2 44 34 -1 3 0 -1 0 -1 0 -1 -3 0 0 -1 1 -1 0 0 0 -1 0 -1 0 -1 0 -1 0 -1 0 -1 0 -1 0 -1 0 -1 -1 -1 -1 -1
0 -1 0 -1 10 0 1 -1 0 -1 0 -1 385 -4 417 -181 125 35 277 -180 380 41 -31 3 219 28 -95 58 -99 58 345 -29 344 -25 -38 -5 313 -100 41 5 -30 -8 -35 -16 -148 96 52 0 41 1 33 -1 30 -1 24 -1 37 -5 -6 2 0 0 -224 4 -243 158 -232 75 -136 82 0 -1 0 -1 0 -1 0 -1 0 -1 0 0 152 172 48 31 0 -1 50 32 0 -1 44 15 0 -1 0 -1 0 -1 0 -1 0 -1 -10 -3 0 -1 0 -1 0 -1 0 -2 -2 16 0 -1 0 -1 0 -1 0 -1 0 -1 0 -1
0 -1 364 61 252 -12 445 154 8 16 5 32 377 -169 385 56 -34 37 391 -135 -30 -1 -30 -3 -12 132 304 157 295 139 13 -178 -80 -223 -42 -12 270 35 20 17 -70 35 13 35 116 -178 -15 -122 32 3 24 3 163 74 -188 72 135 17 42 17 -1 -1 0 -1 0 -1 0 -1 0 -1 149 97 0 -1 0 -2 0 -1 181 115 0 -1 0 -1 0 -1 0 -1 0 -1 0 -1 0 -1 0 -1 120 82 -2 -2 28 74 0 -2 27 75 0 0 0 -1 0 -1 0 -1 0 -3 0 -1 0 -1 0 -1 0 -1 0 -1 0 -1
0 1 450 131 458 139 394 81 246 -6 8 23 12 44 435 -224 384 -231 380 -247 -10 -29 -29 -12 112 -129 102 -130 45 63 -35 -3 -29 -1 308 -244 -53 31 -56 -37 -39 -2 -41 -1 -33 -3 -16 -25 -15 -25 -42 -3 1 -24 6 -3 0 -1 -205 -15 0 -1 176 93 150 73 -226 56 0 -1 0 -1 -1 -1 196 108 0 -1 132 84 134 90 94 71 0 -1 31 -5 -5 -1 0 -1 0 -1 0 -1 32 71 -1 -1 0 -1 0 -1 -3 4 0 -1 -1 -1 0 -1 0 -1 1 -16 0 -1 0 -1 0 -1 0 -1 -1 -1 0 -1
0 -6 451 135 442 120 367 34 68 -246 79 -245 71 -243 88 -246 53 -235 270 -224 151 -245 143 -246 128 -248 -3 -251 150 -109 -35 -5 307 -242 349 -233 30 31 -35 -3 -29 -2 -40 -3 -3 -26 -43 -3 -32 -5 -70 -266 -34 -2 124 58 121 24 0 -1 130 69 0 -1 0 -1 189 121 0 -1 172 107 96 39 133 85 164 96 0 -1 0 -1 16 -3 0 -1 0 -1 -2 -1 1 -1 114 126 94 97 112 157 -4 9 -1 -1 6 -4 0 -1 0 -1 0 -1 0 -1 0 -1 0 -1 0 -1 0 -1 0 -1 0 -1 0 -1 0 -1
0 -1 450 93 460 142 380 39 10 30 372 35 8 29 46 35 35 33 325 -214 424 -60 -31 -6 -35 -6 -32 -5 30 -34 -32 0 -32 -5 23 24 -87 -36 -40 -4 -40 -3 -45 -3 -42 -2 -43 -2 -161 -279 304 -330 5 -30 -115 93 146 105 -10 1 0 -1 -1 -1 0 -1 0 -1 0 -1 1 -1 0 -1 10 -3 0 -2 -13 1 -288 73 -304 50 -314 47 0 -1 0 -1 94 132 0 -1 0 -1 -40 -41 4 -10 0 -1 -2 -1 0 -1 0 -1 0 -1 0 -1 0 -1 0 -1 0 -1 0 -1 0 -1 0 -1 0 -1 0 -1
22 -12 18 -23 426 76 22 35 436 73 376 42 352 -36 397 43 393 40 -8 26 103 9 -32 -5 -33 -6 21 1 -37 -10 130 -127 -39 -172 -51 -172 -45 -171 -41 -3 -40 -3 -44 -3 -41 -2 -42 -2 -40 -2 -46 1 -35 -2 -4 -48 -96 71 142 108 -152 79 0 -1 0 -1 0 -1 0 -1 -214 70 96 93 -8 -3 0 -1 60 73 -272 127 0 -1 96 119 28 45 20 47 -1 3 0 -1 0 -1 0 -1 0 -1 0 -1 0 -1 0 -1 0 -1 0 -1 0 -1 0 -1 0 -1 0 -1 0 -1 0 -1 0 -1 0 -1 0 -1
0 -1 0 -1 252 -23 352 33 248 -24 4 29 40 33 52 33 325 5 -23 -6 323 -8 -13 0 -32 -6 21 1 0 10 -34 -5 -36 -4 -1 -17 -79 -213 -21 5 -41 -3 -43 -3 228 -259 -42 -3 -26 -6 -25 -6 -50 2 -1 -27 96 25 -168 -44 80 2 -177 79 147 110 0 -1 -171 110 96 103 -208 96 79 101 -229 79 0 -1 0 -1 0 -2 53 63 0 -1 0 -1 0 -1 0 -1 0 -1 0 -1 0 -1 0 -1 0 -1 0 -1 0 -1 0 -1 0 -1 0 -1 0 -1 0 -1 0 -1 0 -1 0 -1 0 -1 0 -1
374 27 2 56 37 121 372 68 328 18 -15 -11 -6 -13 -12 -11 -22 -7 -24 -6 24 -272 -31 -6 24 2 22 2 -8 -3 -35 1 -32 -27 -6 -18 36 -28 -41 -13 -41 -4 -43 -4 273 -268 -44 -2 -36 -4 -34 -4 252 -213 -85 66 156 74 128 57 -91 23 -147 134 0 -1 36 103 71 67 -147 79 -10 26 14 59 -184 71 -244 122 0 -1 0 -1 58 66 -280 64 71 71 88 85 1 -1 0 -1 0 -1 0 -1 0 -1 0 -1 0 -1 0 -1 0 -1 0 -1 0 -1 0 -1 0 -1 0 -1 0 -1 0 -1 0 -1 0 -1
0 -1 96 49 344 38 67 47 45 38 -29 -7 -20 -6 -27 -7 336 -2 -24 -5 362 -40 -31 -6 23 2 22 2 -32 -5 -34 -4 -16 -1 -46 -4 0 -3 282 -290 -41 -3 -43 -3 286 -277 221 -267 -44 -1 -32 -3 -7 -17 -4 -18 -74 16 -1 20 40 65 0 -1 -30 20 -78 34 -139 101 29 31 0 -1 0 -1 0 -1 36 45 0 -2 0 -1 71 77 0 -1 -352 17 -332 16 -104 -66 0 -1 8 19 0 -1 0 -1 0 -1 0 -1 0 -1 0 -1 0 -1 0 -1 0 -1 0 -1 0 -1 0 -1 0 -1 0 -1 0 -1
384 47 323 -4 394 73 386 68 64 117 206 -74 262 -75 270 -68 325 -46 392 29 310 -71 366 9 154 -223 152 -223 358 3 -16 -1 -16 -1 -30 -2 -32 -2 -45 -3 -42 -3 -44 -3 -34 -5 -43 -2 -49 0 -48 0 8 -199 8 40 -14 71 0 -1 22 43 -94 23 -96 27 70 56 10 9 -204 66 26 -1 44 31 -232 54 -240 -68 0 -9 0 -1 0 -1 1 -4 0 -1 -112 -50 16 16 0 -1 -362 -49 38 37 24 21 0 -1 0 -1 0 -1 0 -1 0 -1 -1 -1 0 -1 0 -1 0 -1 0 -1 0 -1 0 -1 0 -1
226 -80 9 76 30 93 210 -81 224 -82 350 11 376 28 347 7 342 6 0 -1 2 -1 0 -1 -16 -3 -11 -2 -13 -3 -28 -4 -46 -4 -60 -5 -54 -3 -40 -2 -57 -2 -32 -4 -39 -3 10 -24 32 -39 -36 43 56 24 58 72 0 -1 72 52 0 -1 -64 12 122 89 0 -1 70 45 0 -1 58 22 0 -1 -220 64 10 31 0 -1 0 -1 0 -1 90 105 -16 -28 -333 41 70 69 0 -1 0 -1 0 -1 0 -1 0 -1 26 9 46 19 -40 -76 2 0 0 -1 0 -1 0 0 0 -2 -2 -2 1 0 0 -1 0 -1
24 33 0 -1 32 9 338 4 326 -9 83 2 328 3 368 38 0 -1 -46 -9 0 -1 -65 -13 155 -69 160 -70 173 -65 -59 -6 -24 -4 295 29 112 -69 -138 -10 -110 -6 -139 33 -102 21 -48 38 0 -1 4 57 -4 59 8 -1 0 -1 -30 10 34 23 0 -1 48 14 -80 11 0 -36 -124 37 2 59 0 -1 -228 51 -234 55 0 -1 -232 98 0 -1 47 52 32 24 8 3 -16 -13 62 58 -376 -74 -360 -15 -359 -55 -7 -6 12 6 0 -1 0 -1 0 -1 19 8 -66 -87 0 -1 -31 -11 -1 0 0 -1 2 -3 -2 0
0 1 13 -56 394 39 0 -1 0 -1 6 80 318 -6 303 -5 0 -1 316 18 0 -1 352 53 339 50 -89 17 278 4 -4 -4 -64 6 -13 -6 85 -72 -45 17 -87 15 -95 16 224 64 187 58 90 41 0 -1 -4 54 -74 63 -20 50 66 83 -16 -10 69 24 -108 83 -60 52 0 -1 0 -1 2 14 76 73 74 75 -189 90 0 0 -1 -1 0 -1 -11 -59 26 10 0 -1 24 17 0 -1 37 30 -115 -72 80 41 -383 -80 16 11 47 18 42 17 -16 -9 -42 -87 0 -2 36 -9 -1 -1 0 -1 1 -1 -30 -1 -26 5
389 -8 0 0 26 85 0 -1 0 -1 194 -105 184 -104 8 -1 330 27 -50 -14 -43 -12 0 -1 315 41 120 -103 -96 11 1 -1 0 -2 104 -68 191 -37 -84 16 218 45 -126 31 188 20 -40 8 120 33 38 -43 155 85 0 12 16 41 62 16 68 30 47 75 -96 -6 -108 -10 -152 79 -14 6 27 6 40 43 -15 43 2 -1 -229 38 11 31 4 -3 20 16 -278 12 66 73 42 40 56 44 -16 -21 44 44 -374 -28 0 -1 -394 -89 40 16 66 54 -58 -79 0 -1 0 0 0 -1 -18 -9 -52 -21 0 -1 -30 2 0 -1
265 -116 0 -2 356 -26 39 -10 38 -11 -14 10 318 -21 46 -21 0 -1 -12 62 -19 69 284 2 0 -1 0 -1 300 27 16 -15 0 -1 208 -24 -104 37 252 50 -90 -105 -101 -109 -32 -12 114 -1 124 44 -17 -20 32 -13 46 53 38 53 35 9 -64 36 84 56 54 58 -107 -14 19 -1 -177 46 -123 -11 -16 -36 104 72 26 -10 56 37 -252 -108 8 -7 33 25 -264 7 49 33 -261 10 -14 -22 -360 -1 -42 -42 5 -10 -138 -92 0 -1 0 -3 -8 -8 -10 -9 -42 -30 -12 -10 -30 -18 -31 -17 -6 -5 10 -5 -52 -14 -98 -33
0 -1 0 -2 356 -33 348 -31 -10 24 -21 12 -6 -10 1 0 67 -18 329 23 -14 7 290 14 -48 54 -58 53 10 -10 0 -1 261 2 274 24 218 -19 -69 58 220 18 -30 11 144 -24 -95 17 168 41 0 0 26 -2 64 54 43 45 136 69 89 12 94 9 4 -61 16 3 56 28 -203 25 90 50 0 -1 -183 63 -3 -5 0 -1 6 40 -216 25 0 -1 46 46 -262 72 -299 -7 -42 -84 -32 -42 -22 -35 41 24 -40 -50 42 16 34 27 -412 -100 -22 -19 40 10 -52 -34 8 -3 16 51 -37 -23 13 -11 2 -7 -12 2
26 -54 0 -1 420 27 0 -20 2 -22 322 -42 -14 5 336 15 0 -2 0 -1 0 -1 -6 13 312 36 -61 19 0 -1 249 15 296 28 -64 3 224 10 253 39 -86 13 194 25 -65 32 -34 5 128 47 97 51 105 58 94 63 8 -40 16 -35 -68 -17 102 40 32 -5 -80 -36 -88 -33 -144 58 -120 -27 -136 -30 -160 41 0 16 -160 -10 -13 -15 -197 20 -270 11 -12 -24 33 31 40 34 -307 -1 -46 -91 -352 37 -34 -42 -40 -42 2 -2 28 28 -402 -54 -40 -30 -424 -112 2 -6 9 -2 -4 -9 14 -3 -19 -15 -8 -3 -13 -4
0 -11 0 -1 416 5 348 -47 32 -14 364 2 304 -24 346 25 56 9 0 -1 320 40 253 -16 -22 -131 320 30 0 -1 -31 53 -56 25 -3 -16 132 -61 204 -3 -80 5 140 -46 107 -82 -108 8 72 -80 128 40 16 -44 26 -19 -32 -7 47 8 66 -35 8 20 -114 23 40 -41 108 54 -6 -87 -128 -36 -134 -37 -200 14 -15 12 60 54 -18 -22 -248 6 -250 7 -64 -57 15 14 42 11 4 -22 -336 29 2 -13 -8 -20 -382 -12 -46 -45 -306 -42 8 14 2 9 -80 -69 2 -1 18 11 -80 -64 14 -5 0 11 0 -1 -8 3
26 33 0 0 18 42 0 1 32 -38 178 -111 26 -134 18 -141 0 37 -5 -148 56 -15 318 23 0 29 236 -42 134 -100 296 12 -48 -13 -54 0 227 10 -50 34 144 -30 -77 -7 -19 -48 -24 -44 0 -56 18 -55 44 -41 -66 47 -8 -60 130 31 0 -23 -70 0 0 -1 -17 -60 35 -46 -117 -47 32 20 30 -30 -213 -8 -242 -6 54 6 -19 -47 -260 -5 -38 0 -224 42 -312 10 -48 -106 12 3 -312 -21 -26 -40 -30 -30 2 3 0 0 24 48 -59 -58 -32 -24 0 2 0 -9 0 -1 0 0 0 27 -158 -145 0 -1 -16 2
24 39 0 1 12 -73 98 -61 0 0 32 -34 272 -110 6 -150 256 -88 29 -4 -11 18 56 -40 -26 -148 304 12 -24 -31 -24 35 154 -71 146 -107 228 9 128 -66 126 -54 70 -20 106 -15 1 -55 -42 38 22 -42 16 -65 64 22 -48 -13 -48 -54 22 -30 116 33 -40 -69 -59 -6 -38 -26 82 23 -187 6 -9 -72 -28 -76 66 20 -240 -7 -249 -6 41 0 -6 0 56 18 32 39 -22 -47 -300 -153 -320 26 -320 -30 -366 -14 -374 -11 -6 -16 -95 -120 -10 -8 -172 -124 -80 -93 -442 -126 -40 -40 4 -17 -438 -131 -18 -29 -14 34 -83 -56
20 29 0 0 3 13 243 -134 72 -56 -5 0 16 30 160 -131 298 -55 14 26 0 -1 302 -11 -24 1 273 -8 -10 -7 168 -7 1 8 228 16 27 -16 10 -2 32 -75 -28 30 48 -51 -21 26 -4 19 -16 13 70 18 46 6 -22 -9 83 31 -40 -65 -19 -30 18 -54 0 -100 22 8 24 -58 21 -45 64 -26 56 -37 -30 -75 -216 12 52 9 18 -32 -204 -10 -275 -16 -272 -16 -96 -84 -16 -27 -298 -24 -24 -21 -34 -42 -322 24 -340 -150 -332 -39 -394 -75 4 32 -38 -44 -44 -53 0 0 0 0 13 -3 -18 -44 -10 21 0 0
0 0 0 0 0 0 386 -65 -12 -21 -8 -40 -1 1 309 -59 0 0 269 -63 246 -72 -16 -164 325 -1 242 -64 0 0 178 5 202 -18 244 23 152 -23 -12 19 86 -68 96 -42 24 -73 20 -17 32 -8 24 -2 -23 -10 -18 -39 0 -59 120 5 -32 -50 32 5 0 0 -28 -44 -54 -84 30 -75 22 -77 50 -19 -224 -22 -206 -16 -245 -27 -192 20 -29 -70 -54 -83 -80 -64 -62 -78 -48 8 -82 -18 -22 -48 -50 -63 -48 -63 -96 -96 -58 -64 -72 -58 0 -1 0 0 -38 -48 0 -22 -442 -152 -24 -50 -57 -65 -14 -51 -6 1 -10 -46
0 -1 0 0 0 0 0 -1 378 -59 328 -89 -16 -48 356 -40 282 -91 324 15 -8 -50 282 -51 -24 -13 0 0 0 0 193 -80 192 -13 164 -10 192 -27 86 -82 104 -115 -5 -9 46 -46 34 -69 0 -3 1 -1 -24 -13 0 0 27 -8 -78 9 -32 -35 -44 -27 0 -50 64 12 -48 -87 90 7 14 -83 -14 -94 -9 -61 0 -65 -14 -63 -26 -7 -176 -73 -130 -92 0 0 -56 -78 -213 -74 -40 -27 28 -7 -12 -27 0 -2 -272 -58 -296 -52 -360 -171 -6 4 -414 -56 0 0 0 0 -440 -156 1 -45 0 -1 0 -1 0 -2 0 0
1 2 0 0 483 -28 378 -88 -3 -10 399 -26 -9 -98 -8 -60 284 -94 4 -69 327 -22 -16 1 -22 -66 240 -98 164 -109 -29 -41 -54 -47 183 -76 92 -47 105 -82 203 4 58 -77 96 -1 66 1 48 0 56 2 36 2 24 -2 -24 -7 20 -1 -1 -1 -62 -24 -38 -77 -42 -74 0 -1 -58 -76 -15 -12 -56 -86 -22 -50 -144 -32 -64 -70 -106 -32 -26 7 -67 -7 -195 -35 -120 -90 -202 -80 -69 -86 -8 -35 -320 2 6 -22 -340 -184 -98 -135 -310 -78 -318 -77 -19 -38 2 -8 -442 -168 -2 -43 -76 -109 0 -2 -8 -7 8 -9 -16 -9
0 0 0 0 0 0 -2 -2 -18 -32 -16 -18 0 0 360 -65 0 0 -56 -93 312 -63 -53 -50 -8 -5 -33 -182 -17 -61 -50 -191 -56 -28 180 -17 40 -97 36 -93 44 -41 -6 -8 6 -8 49 -9 -5 -9 0 -1 40 -4 18 -9 0 -1 9 -5 -53 -3 -12 -8 -64 -19 0 -1 -24 -37 -96 -34 -48 -24 -95 -86 -32 -71 -29 -53 -136 -93 -113 -92 -152 -26 -130 -30 -88 -26 -96 -55 -96 -77 -85 -83 -64 -96 15 -29 -328 -68 -333 -1 -344 -183 -16 -47 -18 -50 -418 -48 0 0 2 -53 -2 -54 14 -33 3 -2 5 -70 -18 -76 0 -2
