7 16 12 24 2 1 0 0 0 12 -2 6 2 8 -1 31 -2 33 -2 20 0 35 1 0 -7 24 -7 16 -1 2 -2 2 0 4 0 12 39 30 10 13 21 10 -2 0 -4 6 -24 3 -19 4 -7 3 -11 3 0 0 0 0 0 0 -96 22 5 6 -9 28 -1 0 1 1 25 2 0 0 0 0 -1 1 56 10 31 4 10 4 0 0 0 0 0 0 -1 0 0 0 -304 200 -275 4 -272 27 -1 0 0 0 -1 0 0 0 0 0 0 0 0 0 -5 0 -10 0 0 0 0 0 0 0 -5 1 0 0
16 21 -2 1 3 3 10 16 3 0 -3 -8 2 -2 -3 0 -2 -5 -1 2 -18 198 344 4 -2 15 -1 11 1 -4 -1 -1 3 -8 -1 -4 3 7 7 9 7 1 -8 -4 -16 -3 -23 -4 0 0 0 0 0 0 0 0 0 0 1 0 0 1 0 1 -102 13 -8 -2 15 0 -142 10 32 11 -37 23 -27 3 14 12 -28 8 -6 -2 -26 -6 -22 -3 8 4 -35 -5 -2 -1 6 2 -271 -4 -250 27 -141 37 -1 1 -1 0 1 0 2 1 0 0 0 0 0 0 0 0 0 0 2 0 -1 0 -1 0 0 1
13 28 3 7 -7 -8 -10 -8 -5 -3 -2 -6 1 -10 -1 2 390 15 1 -8 0 16 -3 2 -4 6 208 40 9 -15 2 3 1 -9 -2 -3 0 3 -1 -2 1 2 14 2 -11 -8 -24 -10 -3 -2 0 0 0 0 -70 -1 -72 2 271 179 -94 10 -102 -2 -71 22 -81 19 48 3 -7 15 -150 6 -3 -1 18 3 -34 -5 -9 -1 -17 -2 -41 5 -63 -1 -10 0 -19 3 3 0 0 0 -97 29 -2 -1 1 0 0 0 -74 34 -15 4 -345 -1 -375 192 13 7 0 1 -3 0 0 1 -456 160 -1 0 0 -1 0 0
0 2 3 7 3 12 2 1 -9 -21 0 -2 0 8 2 6 5 -16 4 -1 -9 -13 2 -12 0 -24 1 -1 13 8 4 5 -7 -6 -2 -2 -5 -8 -5 -11 -3 -4 -16 -14 5 0 9 -2 -48 -16 -11 5 6 0 -6 2 -35 5 -81 -10 5 -2 2 -21 4 -2 -4 -1 50 -5 13 -7 7 -8 -3 -6 -12 -7 2 -2 -38 -11 21 -8 36 -8 13 -4 0 0 0 0 0 0 0 0 0 0 0 0 0 0 0 0 0 0 0 0 0 0 0 0 -3 -2 -382 -18 4 7 -422 -21 0 0 -1 14 0 0 0 0
0 -6 1 8 0 -2 -12 -18 -7 -11 -4 -3 -2 1 0 -13 1 -29 3 2 14 4 5 1 40 20 -11 -10 -6 -8 -4 -4 168 14 0 0 -9 -8 132 -21 -10 0 14 5 89 -10 -33 -8 62 -16 1 -1 -29 4 -36 5 32 -19 -1 0 -3 0 -1 0 17 -3 -8 -6 4 0 17 -6 62 -16 1 -1 0 0 52 -13 0 0 0 0 0 0 0 0 0 0 -350 37 0 0 1 0 0 0 0 0 0 0 0 0 0 0 1 0 0 0 0 0 1 1 -17 -14 4 6 0 3 -1 0 0 0 0 1 0 0
1 -1 5 4 -1 -2 -16 -39 1 -3 -15 -21 -9 -24 0 -4 -3 -27 -9 -32 0 0 1 0 -17 -24 0 0 0 0 0 -1 0 0 0 0 -14 -14 161 -11 8 1 -29 -15 -26 -7 50 -8 127 -19 1 -1 146 -21 0 0 0 0 0 0 0 0 122 -24 81 -21 4 -4 0 0 -7 -4 90 -24 0 0 0 0 1 0 0 0 0 0 0 0 1 0 0 0 0 0 -1 0 -1 0 0 0 0 0 0 0 0 0 1 0 1 0 0 0 0 0 1 0 -389 -11 2 1 2 2 -1 3 0 -1 0 -1 0 0
0 0 0 0 -16 -31 -8 -22 32 18 -1 -1 -24 -45 -14 -26 25 9 11 2 0 1 377 -11 -29 -17 0 0 0 0 0 1 -34 -19 166 12 -30 -20 -7 -2 -14 -4 -3 -1 3 0 -32 -8 123 -18 82 -3 0 0 0 0 0 0 -1 0 0 0 0 0 0 0 0 0 0 0 0 -1 -137 -2 0 0 1 0 -198 -22 0 0 1 1 0 0 3 0 0 0 0 0 0 0 0 0 0 0 -1 0 0 0 0 0 0 0 1 0 0 -17 0 0 0 0 13 -4 7 -1 2 0 -3 3 1 0 0 0 0 0
0 0 0 0 0 0 0 0 1 0 1 0 -10 -9 9 4 -3 -1 -3 1 13 4 1 1 -23 -5 1 3 -28 -7 -52 -24 2 0 5 1 265 -34 0 0 13 3 4 1 -52 -25 1 0 -120 176 0 0 0 0 0 0 0 0 2 0 0 0 1 0 -133 152 -81 0 0 0 0 0 0 0 24 1 6 -1 -200 -29 -16 0 -212 -26 -3 -1 56 -36 0 0 0 0 0 0 0 0 0 0 1 0 0 0 1 0 0 0 0 0 0 0 0 0 0 0 0 0 0 0 0 0 0 0 0 0 -4 1 0 0
0 0 0 0 -1 0 0 -1 1 0 -24 -24 0 0 0 0 -43 -42 -2 1 0 0 -2 -1 -1 0 -36 -9 -47 -10 0 0 0 0 0 0 0 0 0 0 0 0 0 0 0 0 0 0 0 0 0 0 0 0 0 0 0 0 0 0 0 0 0 0 0 0 0 0 0 0 0 0 0 0 0 0 0 0 29 2 5 2 -235 -39 -13 0 2 0 -259 -34 0 0 0 0 0 0 0 0 0 0 1 0 0 0 0 0 0 0 0 0 0 0 0 0 0 0 0 0 1 0 0 0 1 -1 -2 -2 -4 -2
361 -42 1 1 0 0 0 1 0 0 0 0 0 0 0 0 0 0 0 0 0 0 0 0 0 0 0 0 0 0 0 0 0 0 0 0 0 0 0 0 0 0 0 0 0 0 0 0 0 0 0 0 0 1 -9 0 -73 4 1 0 0 0 0 0 0 0 1 0 0 0 0 0 0 0 0 0 0 0 0 0 0 0 -240 -45 0 0 0 0 0 0 0 0 0 0 0 0 1 0 1 0 0 0 0 0 0 0 0 0 0 0 0 0 0 0 -1 0 1 0 1 0 1 0 0 0 0 0 0 0
0 1 -2 1 0 0 0 0 0 0 1 0 -2 -1 0 0 0 0 0 0 0 0 1 0 1 0 0 0 0 0 1 0 0 0 0 0 0 0 264 -36 0 0 0 0 0 0 0 0 0 0 0 0 0 0 0 0 0 0 0 0 0 1 -1 0 0 0 0 0 1 0 1 0 0 0 1 0 1 0 0 0 1 0 1 0 0 0 0 0 1 0 0 0 0 0 -2 0 2 0 0 0 0 0 0 0 0 0 0 0 0 0 0 0 -2 0 0 0 0 0 0 0 0 0 0 0 0 0 0 0
0 0 1 0 0 0 0 0 0 0 1 0 0 0 0 0 0 0 0 0 0 0 1 0 1 0 1 0 2 0 0 0 8 0 -1 0 0 0 0 0 1 0 0 0 6 0 0 0 0 0 0 0 0 0 0 0 0 0 0 0 1 0 1 0 0 0 1 0 0 0 0 0 0 0 0 0 0 0 0 0 0 0 0 0 0 0 0 0 0 0 0 0 0 0 0 0 0 0 0 0 0 0 1 0 0 0 -16 18 2 -1 0 0 0 0 0 0 0 0 0 0 0 0 0 0 0 0 0 0
2 0 0 0 0 0 0 0 0 0 0 0 0 0 0 0 1 0 0 0 0 0 0 0 0 0 -1 0 0 0 0 0 0 0 0 0 -112 7 21 5 160 8 -3 0 144 5 14 10 22 26 15 6 -2 0 0 0 0 0 0 0 0 0 1 0 0 0 0 0 0 0 0 0 0 0 0 0 0 0 0 0 -2 1 0 0 0 0 0 0 0 0 0 0 -226 8 0 0 0 0 -253 16 0 0 -6 8 0 -2 -6 0 0 0 0 0 0 0 0 0 0 0 0 0 0 0 0 0 0 0 0 0
214 0 312 -3 159 1 0 1 334 -5 0 0 0 0 0 0 0 0 0 0 0 0 0 0 0 0 0 0 1 0 0 0 0 0 1 0 7 11 2 3 -5 -4 -8 -2 -1 3 3 5 32 16 3 0 -12 -6 -15 -7 0 0 0 0 0 0 0 0 0 0 1 0 0 0 0 0 0 0 -76 14 -70 18 1 0 16 7 0 0 0 0 0 -1 0 0 0 0 0 0 0 0 0 0 0 0 6 -2 6 -5 8 -7 0 0 0 0 0 0 0 0 0 0 0 0 0 0 0 0 0 0 0 0 0 0
0 0 0 0 0 0 0 0 0 0 0 0 0 0 0 0 0 0 0 0 0 0 0 0 0 0 0 0 0 0 0 0 0 0 8 1 0 -2 -6 -8 0 0 30 10 6 0 -14 -16 0 0 -6 -3 52 3 0 0 0 0 0 0 0 0 0 0 0 0 46 -10 -65 -6 0 0 0 0 -93 -14 0 0 0 0 0 0 0 0 0 0 0 0 0 0 0 0 0 0 0 0 0 0 0 0 0 0 0 0 0 0 0 0 0 0 0 0 0 0 0 0 0 0 0 0 0 0 0 0 0 0 0 0
0 0 0 0 0 0 0 0 0 0 0 0 0 0 0 0 0 0 0 0 0 0 0 0 0 0 0 0 0 0 0 0 0 0 0 0 0 0 0 0 -16 -12 0 0 -34 -16 182 -24 -35 -16 -25 -13 112 -19 -18 -18 -28 -22 1 0 10 -3 -1 1 0 0 0 0 0 0 0 0 0 0 0 0 0 0 0 0 0 0 0 0 0 0 0 0 0 0 0 0 0 0 0 0 0 0 0 0 0 0 0 0 0 0 0 0 0 0 0 0 0 0 0 0 0 0 0 0 0 0 0 0 0 0 0 0
493 -110 1 0 0 0 0 0 0 0 0 0 0 0 0 0 0 0 0 0 0 0 0 0 0 0 0 0 0 0 0 0 0 0 0 0 0 0 0 0 0 0 0 0 0 0 0 0 0 0 0 0 0 0 0 0 0 0 0 0 0 0 0 0 0 0 0 0 0 0 0 0 0 0 0 0 0 0 0 0 0 0 0 0 0 0 0 0 0 0 0 0 0 0 0 0 0 0 0 0 0 0 0 0 0 0 0 0 0 0 0 0 0 0 0 0 0 0 0 0 0 0 0 0 0 0 0 0
0 0 1 0 2 0 -1 0 28 -115 0 0 0 0 0 0 0 0 0 0 0 0 0 0 0 0 0 0 0 0 0 0 0 0 0 0 0 0 0 0 0 0 0 0 0 0 0 0 0 0 0 0 0 0 0 0 0 0 0 0 0 0 0 0 0 0 0 0 0 0 0 0 0 0 0 0 0 0 0 0 0 0 0 0 0 0 0 0 0 0 0 0 0 0 0 0 0 0 0 0 0 0 0 0 0 0 0 0 0 0 0 0 0 0 0 0 0 0 0 0 0 0 0 0 0 0 0 0
0 0 1 0 0 0 0 0 0 0 0 0 0 0 0 0 0 0 0 0 0 0 1 0 0 0 0 0 0 0 0 0 0 0 0 0 0 0 0 0 0 0 0 0 0 0 0 0 0 0 0 0 0 0 0 0 0 0 0 0 0 0 0 0 0 0 0 0 0 0 0 0 0 0 0 0 0 0 0 0 0 0 0 0 0 0 0 0 0 0 0 0 0 0 0 0 0 0 0 0 0 0 0 0 0 0 0 0 0 0 0 0 0 0 0 0 0 0 0 0 0 0 0 0 0 0 0 0
0 0 0 0 0 0 0 0 0 0 0 0 0 0 0 0 0 0 0 0 0 0 0 0 0 0 0 0 0 0 0 0 0 0 0 0 0 0 0 0 0 0 0 0 0 0 0 0 0 0 0 0 0 0 0 0 0 0 0 0 0 0 0 0 0 0 0 0 0 0 0 0 0 0 0 0 0 0 0 0 0 0 0 0 0 0 0 0 0 0 0 0 0 0 0 0 0 0 0 0 0 0 0 0 0 0 0 0 0 0 0 0 0 0 0 0 0 0 0 0 0 0 0 0 0 0 0 0
0 0 0 0 0 0 0 0 0 0 0 0 0 0 0 0 0 0 0 0 -1 0 0 0 0 0 0 0 0 0 0 0 0 0 0 0 0 0 0 0 0 0 0 0 0 0 0 0 0 0 0 0 0 0 0 0 0 0 0 0 0 0 1 0 0 0 0 0 0 0 0 0 0 0 0 0 0 0 1 0 1 0 0 0 0 0 40 23 20 15 2 0 14 0 0 0 0 0 0 0 0 0 -8 0 0 0 0 0 -1 0 2 0 0 0 0 0 0 0 0 0 0 0 0 0 0 0 0 0
3 0 -8 -121 1 0 0 0 0 0 1 0 0 0 0 0 0 0 0 0 0 0 0 0 0 0 0 0 0 0 2 0 0 0 198 206 3 -1 3 0 272 227 -1 0 290 227 0 0 0 0 1 0 0 0 0 0 -1 0 243 246 231 241 181 222 5 28 2 28 -1 0 0 0 -2 -2 6 9 4 8 0 -1 58 40 25 26 -46 33 -4 -2 64 19 13 0 -97 23 14 6 4 -1 0 -1 10 6 -211 -4 0 160 0 0 5 2 -3 -1 0 0 -2 0 -446 277 -339 324 1 0 0 0 1 0 0 0
478 -162 459 -162 468 -162 161 71 423 -161 52 14 7 16 0 0 0 0 0 0 0 0 0 0 0 0 0 0 0 0 1 0 0 0 -1 0 0 0 0 0 0 0 1 0 4 0 0 0 -1 0 0 0 1 0 0 0 0 0 -2 0 -6 0 0 0 -1 -1 0 0 -3 0 -3 0 -8 -9 -8 24 -4 2 52 24 88 28 42 22 66 19 64 16 -2 0 1 0 11 2 9 -1 13 -2 5 -2 -2 -2 -41 -14 8 96 -8 -4 6 4 -6 -5 -442 317 -13 -8 8 15 7 17 19 41 0 0 0 0 -114 -160
52 -131 0 0 471 -164 11 43 444 -151 -6 -158 31 -124 -19 -170 0 0 0 0 0 0 0 0 0 0 0 0 0 0 0 0 0 0 0 0 0 0 0 0 0 0 0 0 -1 0 1 0 1 0 1 0 0 0 1 0 -1 0 1 0 0 0 0 0 -1 0 157 91 0 0 -2 0 3 20 1 1 133 46 41 22 10 1 8 0 8 1 2 1 -56 -3 -7 -1 61 17 56 19 43 11 9 0 0 1 -47 -8 -54 -8 3 3 -22 -14 0 -1 -442 319 -15 -13 -453 291 -428 249 -312 265 8 19 1 0 -309 -137
26 -156 -2 -12 41 -133 1 0 0 0 -18 5 -38 -189 0 0 -31 44 -35 61 7 11 -35 5 15 103 38 18 0 0 0 0 0 0 0 0 0 0 0 0 0 0 -1 0 -2 0 0 0 0 1 0 0 -1 0 -2 0 -5 0 0 0 0 0 0 0 0 0 -2 0 -4 0 101 -8 108 6 61 7 -4 2 32 18 31 19 103 39 -27 -23 32 16 64 11 3 8 50 7 -2 1 0 0 -42 -13 -50 -13 -7 -2 -16 -4 -8 -8 -29 -13 -11 -8 -32 111 -11 -12 -3 -7 -453 281 -339 246 1 0 1 0 -12 -30
0 1 0 0 -16 -174 -4 6 3 -4 0 0 0 0 -36 60 0 -189 0 -1 65 7 393 -170 0 0 0 0 1 0 144 -142 0 0 0 0 0 0 0 0 0 0 0 0 1 0 0 0 1 0 1 0 0 0 1 0 0 0 0 0 0 0 0 0 0 0 -2 0 0 0 0 0 0 0 -1 -17 14 -2 -3 -1 0 -1 -8 -1 -36 0 81 10 -48 -18 -56 -19 -2 -1 -85 -19 -92 -19 14 -1 -108 -18 -43 -1 -58 -8 -50 -7 18 13 -84 -34 -24 -19 0 0 0 0 0 0 0 0 1 0 -4 -11 -259 -186
0 0 -8 -179 -4 5 -16 -203 0 0 6 -188 0 0 46 -14 0 0 0 0 -1 0 363 -190 0 0 320 -195 3 -1 215 -155 0 0 -34 -183 0 1 0 0 0 0 0 0 0 0 0 0 0 0 0 0 0 0 1 0 0 0 0 0 0 0 0 0 1 0 36 171 -252 158 0 0 -1 0 -1 0 0 0 -1 0 0 -3 -3 -2 0 0 -38 -40 -8 -2 -5 1 70 18 41 -1 -80 -15 -66 -23 -94 -12 10 3 -103 -45 -69 -16 0 -1 -96 -47 -23 -20 1 0 1 0 1 0 0 0 1 0 1 0 0 0
472 -203 2 -1 0 0 1 -1 -6 18 0 0 0 0 0 0 0 0 0 0 0 0 0 0 -33 33 0 0 -4 -197 0 0 143 -211 0 0 0 0 0 0 0 0 0 0 0 0 0 0 0 0 0 0 0 0 0 0 1 0 1 0 0 0 0 0 0 0 1 0 -126 123 0 0 -1 0 -28 -20 -8 -5 -14 -8 0 0 -19 -7 0 0 -66 -51 -2 0 -11 -9 82 23 50 28 -80 -23 2 0 16 9 -48 -2 -17 -1 10 4 -14 -11 -70 -16 -90 -34 1 3 0 -1 0 0 0 0 1 2 0 1 -2 1
19 -189 42 -174 462 -196 0 6 -6 9 85 -170 0 0 0 1 0 0 0 0 0 0 0 -1 38 -194 259 -216 3 8 -46 24 -48 22 0 0 0 0 0 0 0 0 0 0 0 0 0 0 0 0 0 0 0 0 0 0 0 0 0 0 0 0 0 0 0 0 0 0 0 0 1 0 1 0 -32 -46 0 0 -39 -27 -1 0 124 18 0 0 0 0 0 0 0 0 0 0 0 0 -80 -45 0 0 19 4 0 -1 0 2 -118 -22 -13 -10 -59 -15 -130 -47 0 0 1 6 0 -5 0 0 1 0 0 0 0 0
23 -209 0 8 16 -203 467 -207 -5 -232 -1 -1 258 -180 268 -175 1 0 79 -181 0 0 51 -188 -1 0 -45 20 -1 0 237 -217 0 0 0 0 0 0 -129 -15 0 0 0 0 0 0 0 0 0 0 0 0 0 0 0 0 0 0 0 0 0 0 0 0 0 0 0 0 0 0 0 0 1 0 0 0 122 161 133 164 -69 -68 0 0 0 0 0 0 -1 0 0 0 0 0 0 0 0 0 1 0 0 0 -110 -24 3 1 -110 -21 -88 -26 -4 -2 -146 -49 -126 -71 0 -6 0 0 0 0 1 1 2 1 0 0
11 33 10 -231 9 -217 16 -216 -8 7 1 -5 73 -211 55 -208 42 -231 312 -227 290 -227 1 -1 46 -232 -3 1 -48 18 129 -227 147 -236 0 0 0 0 0 0 -104 -197 1 0 0 0 0 0 0 0 0 0 0 0 0 0 0 0 0 0 0 1 0 0 0 0 0 0 0 0 0 0 -43 75 199 262 126 -75 168 189 148 171 80 89 167 151 -334 233 0 0 0 0 0 0 0 0 0 0 1 0 0 0 0 0 0 0 -126 -70 -6 -5 -63 -30 -132 -71 -85 -45 0 0 0 1 0 0 0 0 0 0 0 0
22 -206 43 -189 8 -233 14 0 17 -247 26 -207 -1 0 56 -28 328 -242 21 -13 52 -244 414 -72 -20 -4 17 -236 217 -248 17 -222 153 -244 -49 -1 0 0 5 -9 1 0 0 0 0 0 280 -231 0 0 0 0 0 0 0 0 0 0 94 -42 1 0 0 0 0 0 0 0 0 0 1 0 0 0 72 9 143 171 142 163 -82 -74 98 -80 -1 0 0 0 0 0 49 153 0 0 0 0 -152 -71 0 0 0 0 0 0 0 1 -138 -57 -14 -44 -74 -50 -112 -72 -181 -81 -39 64 0 0 0 0 0 0 0 0 0 0
0 0 0 11 3 -11 445 -222 68 -66 24 -224 92 -204 57 -255 334 -256 32 -27 -1 0 413 -92 -5 -21 400 -69 280 -244 0 0 113 -242 0 0 0 0 -97 -71 0 0 0 0 1 0 0 0 0 0 0 0 0 0 -161 -205 0 0 0 0 0 0 0 0 0 0 0 0 0 0 0 0 0 0 0 0 150 -69 0 0 117 -83 76 77 98 -88 0 0 1 0 0 0 0 0 1 0 61 -72 0 0 82 143 0 0 -11 35 -137 -77 -3 -1 0 0 1 -1 -54 -71 0 1 0 0 0 0 0 0 0 0 0 0
0 1 -2 -1 43 -213 52 -212 5 -21 420 -214 82 -208 80 -231 128 -211 57 -52 200 -219 413 -102 61 35 396 -93 97 25 1 0 -30 -19 -27 -3 0 0 0 0 0 0 0 0 0 0 0 0 0 0 0 0 0 0 -202 -43 -177 -263 0 0 0 0 0 0 0 0 1 0 0 0 0 0 0 0 0 0 0 0 0 0 0 0 76 49 0 0 115 -82 1 0 144 143 81 136 49 125 79 136 54 -73 0 0 0 0 -160 -96 0 0 -246 -97 -3 0 0 1 -280 -95 -38 62 0 0 0 0 0 0 0 0 0 0
1 22 5 -60 26 -224 9 -260 18 -261 8 -249 424 -245 -11 -22 227 -221 325 -258 26 -260 310 -258 -53 -13 153 -218 120 -214 117 -213 -54 -54 0 0 0 0 0 0 0 0 0 0 0 0 0 0 0 0 0 0 0 0 0 0 0 0 0 0 0 0 0 0 0 0 0 0 0 0 0 0 0 0 0 0 0 0 0 0 0 0 0 0 0 0 0 0 0 0 1 0 0 0 1 0 0 0 0 0 0 0 73 124 0 0 -18 -108 0 0 -3 -1 -11 122 0 0 2 5 1 0 -28 43 14 5 0 0 0 0
1 10 -4 -258 6 -245 -9 -36 360 -205 450 18 442 19 438 35 428 36 418 37 371 99 169 -47 160 -51 7 -20 0 0 1 0 0 0 -40 -264 0 0 0 0 0 0 0 0 0 0 0 0 0 0 0 0 0 0 0 0 0 0 0 0 0 0 0 0 0 0 0 0 0 0 0 0 0 0 0 0 0 0 0 0 0 0 0 0 0 0 0 0 0 0 0 0 0 0 1 0 0 0 0 0 0 0 0 0 0 0 0 0 0 0 0 0 0 1 -45 54 1 3 1 1 5 -2 0 0 0 0 0 0
0 5 -5 -263 -6 -72 3 -16 72 -162 414 61 420 -175 417 -175 190 68 182 69 416 46 362 94 -7 -5 -7 -9 359 -256 0 0 0 0 0 0 0 0 0 0 0 0 0 0 0 0 0 0 0 0 0 0 0 0 0 0 0 0 0 0 0 0 0 0 0 0 0 0 0 0 0 0 0 0 0 0 0 0 0 0 0 0 0 0 0 0 0 0 0 0 0 0 0 0 0 0 0 0 0 0 0 0 0 0 0 0 0 0 0 0 0 0 0 0 0 0 1 0 0 0 0 0 0 0 1 0 0 0
0 -3 36 -102 0 -55 2 -4 148 -155 -6 -17 -9 -9 269 -93 372 38 363 38 379 -150 280 -118 199 -151 -8 -6 0 0 0 0 0 0 0 0 0 0 0 0 0 0 0 0 0 0 0 0 0 0 0 0 0 0 0 0 0 0 0 0 0 0 0 0 1 1 1 1 0 0 0 0 0 0 0 0 -142 -108 0 1 0 0 0 0 0 0 0 0 -180 -104 -25 -66 -105 -97 -1 0 -193 -120 -133 -117 -227 -128 -230 -105 -2 0 1 -1 0 0 1 0 0 0 -1 0 1 -1 0 0 1 0 0 0 0 0 0 0
233 -293 16 1 -2 1 2 -11 147 -164 -12 16 -10 -11 7 -12 -4 -11 28 45 -32 28 -22 -135 97 -86 -10 -15 -93 3 -104 4 -110 4 -118 4 22 0 14 0 8 0 88 0 -19 1 -24 1 -30 1 7 0 0 0 288 -82 261 -106 253 -106 259 -82 237 -105 228 -105 218 -105 209 -105 35 1 27 1 19 1 -9 3 -16 3 11 0 175 164 149 173 160 176 76 97 44 25 -115 -123 -136 -135 28 22 -149 -135 20 -133 8 -130 8 -34 0 2 1 2 0 0 0 1 -2 6 1 2 0 0 0 0 2 0 1 0 0 17
283 -75 158 -5 189 -2 195 56 286 -173 -12 8 420 49 200 45 -25 46 426 -204 -21 -10 -1 -11 200 -5 283 -11 6 58 232 93 77 0 96 16 35 0 56 4 96 -2 41 3 32 0 -144 162 -128 108 67 1 -158 -3 102 0 88 0 -181 -2 107 -1 99 -1 91 -1 83 -1 75 -1 67 -1 59 -1 51 -1 43 -1 21 1 -228 -3 130 133 144 152 151 187 -128 -144 -28 -59 40 20 30 3 71 89 12 2 85 88 76 88 70 87 -1 0 43 -62 0 0 0 8 0 6 0 1 0 0 0 0 0 0 0 0 0 0
3 129 1 97 162 -2 -3 -6 463 -205 61 17 58 25 441 -10 2 -13 275 -9 -29 -10 259 -9 266 -10 257 -11 -11 -4 68 -5 98 -2 265 91 272 109 253 92 250 104 236 89 81 -6 74 -2 65 2 149 -14 -113 -248 79 0 152 -5 107 -2 126 -4 -124 -236 51 1 110 -4 -15 -236 92 -3 87 -3 80 -3 -43 -235 -85 -169 -75 12 70 6 155 111 -189 -149 -16 -83 117 105 72 79 121 90 92 90 55 84 28 75 63 87 53 86 41 -32 0 0 1 0 0 1 1 -5 3 21 0 -16 -4 -50 -3 0 -3 -16 0 0
3 120 448 131 449 146 419 -20 43 -157 -7 -19 57 20 186 -292 -3 -187 -20 -13 -3 -13 -19 -11 -24 -11 -19 -10 -19 -11 -18 -12 -104 164 323 143 23 -6 26 -7 -55 41 10 -1 36 -322 262 -320 311 -81 64 5 72 2 87 -187 5 38 190 17 -5 -185 37 -42 -23 -184 116 -5 -41 -184 -232 -168 0 -41 -68 -76 -51 -173 70 -3 68 -2 70 -3 148 94 122 100 11 44 20 44 99 100 60 85 52 84 40 81 48 83 -80 -71 -8 -13 40 -52 -121 -121 -120 -125 5 -24 4 26 0 0 0 0 0 0 0 0 -4 -30 0 0
3 111 106 -14 136 -8 1 -9 6 -37 -5 -12 428 -209 -19 -12 -19 -12 -18 -11 -3 -15 -19 -10 -19 -14 -19 -16 -19 -10 124 -125 -80 50 -101 102 22 17 0 0 -10 2 98 -125 -148 -184 320 -77 283 -96 220 -336 -141 -181 153 -5 -184 -166 -225 -172 143 -4 125 -4 118 -4 120 -4 112 -3 -276 -171 96 -3 -286 -170 -293 -170 -301 -170 179 -309 -221 -18 -118 -15 84 105 -182 -12 37 75 102 131 47 80 82 96 112 163 1 2 -4 -21 -168 -164 0 0 -1 0 0 0 -1 0 0 0 -11 -243 0 0 0 0 0 0 1 0 0 0
19 -15 10 -14 2 -13 1 -13 6 -44 427 19 14 -171 -9 -43 -5 12 -19 -12 -19 -11 -19 -10 -24 -10 233 -33 168 -36 269 -41 5 -1 42 -8 0 0 1 1 -5 2 50 18 249 -192 243 -193 64 2 221 -270 296 38 -149 -186 84 -267 148 -5 124 -269 140 -269 123 -4 116 -4 92 -268 107 -268 101 -268 84 -3 60 -267 72 -267 68 -267 72 101 -234 28 86 98 -335 91 -184 -25 102 132 125 121 110 151 -88 -99 14 46 66 69 -253 -175 0 0 0 0 -1 0 0 0 0 1 0 0 0 0 0 -1 0 0 0 0 0 0
302 -144 317 -138 415 -18 417 -18 -1 -11 24 -58 4 1 -28 -16 -31 -33 -19 -12 4 -14 -14 -12 21 -268 -22 -11 -58 -8 -19 -10 -118 102 -90 76 284 112 -52 44 -1 0 68 3 297 -236 73 3 293 -78 88 -264 78 -263 70 -263 8 -246 51 -263 78 -1 -239 -254 16 -246 -40 -246 15 -263 -50 -245 -1 -262 -31 -230 -50 18 -295 -239 139 -195 -182 -2 -237 31 41 80 59 87 94 105 103 122 -11 -86 10 -71 -228 -171 -236 -171 88 -87 85 -87 0 0 0 0 1 0 0 0 0 0 0 -1 0 0 0 0 0 0 0 0 0 0
0 -12 432 -77 156 -171 419 -23 424 -22 7 -60 10 -9 36 -12 -20 -12 4 -14 -20 -12 5 -186 386 -261 -14 -186 -52 -10 -15 -13 -128 64 270 68 -125 78 69 3 75 1 -162 -27 -169 -26 80 -271 47 -263 60 -268 -152 -259 121 -272 250 -26 242 -26 -133 -256 -104 -270 -123 -268 -129 -268 -3 -219 196 -25 -179 -259 200 -263 -155 -269 -262 -258 112 -194 14 -120 -204 -46 49 81 48 69 50 75 -333 7 -344 3 -32 8 -344 2 -392 -18 -161 -101 -29 -135 0 0 0 0 -1 0 0 0 0 0 0 0 0 0 0 0 0 0 0 0 0 0
403 17 480 55 421 44 382 12 413 -29 -7 -12 443 -263 -16 -13 -13 -13 -6 -13 -5 -13 -15 -12 -26 -11 -34 -10 225 0 -19 -9 -118 1 84 -30 14 24 283 114 70 4 231 7 69 3 -157 -11 72 2 180 -19 156 -4 48 3 206 -212 189 -211 76 0 115 -3 9 4 -3 4 -12 4 160 15 -25 5 -34 5 -43 5 -243 -8 10 6 -219 -11 -147 -46 -164 -39 66 80 61 76 16 28 43 64 93 97 -147 -230 -1 0 -169 -3 -29 -145 0 0 0 0 0 0 0 0 0 0 0 0 0 0 0 0 0 0 1 0 0 0
420 60 361 1 174 -56 380 19 428 44 344 -7 213 -177 256 -148 23 -16 15 -15 11 -14 -14 -11 232 4 -25 -6 -14 -3 -8 16 -39 26 280 95 -64 62 -108 15 70 -44 -18 -44 -113 -8 -57 -41 215 37 206 26 54 2 118 0 40 2 96 1 6 2 -55 -178 72 1 65 2 -17 4 -17 3 -19 3 -40 4 24 3 -168 -40 -298 -3 -290 17 -283 18 12 9 39 50 47 56 -152 -58 72 76 12 21 -89 -3 -4 -1 -6 -2 0 0 0 0 0 0 -1 0 0 0 0 0 0 0 0 0 0 0 1 0 0 0 0 0
368 20 15 54 388 64 231 -2 -14 -13 161 -60 359 29 109 -56 112 -56 69 13 74 38 28 44 252 31 252 58 37 -12 0 66 33 -22 228 75 -51 25 -4 38 25 -5 -47 100 -8 -13 4 -19 -110 93 -30 52 -18 73 93 8 -67 83 -40 27 10 6 38 6 44 106 -31 43 -103 -5 -39 5 -142 52 49 50 -230 62 24 45 -164 -13 -250 7 -127 -36 32 34 -126 -51 -231 -45 62 63 -211 -60 64 80 79 84 82 55 3 4 1 0 0 0 0 0 -1 0 0 0 0 0 0 0 0 0 0 0 0 0 0 0 0 0
241 -82 11 42 49 104 344 10 400 109 342 36 52 -24 -23 30 45 -4 47 19 266 0 72 5 63 4 -19 64 11 13 -5 22 224 29 -44 108 4 -2 137 -8 166 -8 -97 72 149 12 143 81 136 9 9 1 42 19 -47 77 9 66 46 92 -8 42 -35 2 -23 62 25 81 -22 16 66 71 -200 67 -130 26 -118 40 -70 -2 -79 -2 -236 69 -149 -9 -278 41 -263 -21 -324 35 6 -8 77 88 73 88 58 43 75 104 -104 -145 -16 -50 26 13 -2 2 -14 -3 2 1 2 1 -5 -1 -212 -224 -4 2 1 1 0 1 -1 0
396 38 0 6 363 24 33 -18 67 -14 180 -65 332 22 383 93 329 38 331 99 -8 -8 49 -28 93 -26 30 42 248 55 -45 8 220 10 228 20 -13 23 187 55 194 32 158 59 -12 48 164 51 -19 52 45 70 50 82 48 40 45 2 -12 82 -28 41 -24 60 -46 39 -86 80 74 102 -68 41 37 16 -128 62 -3 90 1 9 11 32 13 32 -245 48 -159 -58 76 71 -304 11 22 36 -3 -16 -2 -16 10 10 2 0 48 34 72 104 34 21 67 16 -27 -10 -210 -232 -17 -11 14 0 4 0 7 0 -72 -84 -47 1 -183 -160
379 -23 13 66 202 -69 90 -93 -28 -32 57 -22 334 14 9 24 50 13 87 -44 32 -4 76 -64 53 7 1 70 238 -9 -62 38 61 -55 -63 69 214 51 155 53 -69 49 194 69 107 60 140 81 30 -8 69 -11 61 -5 24 69 1 73 37 -4 -62 71 -27 79 14 -1 -75 60 0 0 -25 92 -26 28 -132 70 -50 18 -24 72 -138 41 10 52 -18 -24 3 18 71 57 -319 42 0 -1 -291 -29 -192 -84 7 5 34 31 -254 -89 -17 -13 75 64 -1 2 18 14 -32 -14 -40 -19 2 2 -152 -169 -43 -10 -80 -79 -34 2 -104 -67
15 6 20 77 18 56 350 -28 4 59 -8 65 156 -105 376 46 -1 -27 296 2 80 -23 297 63 96 -66 -25 49 86 -71 43 -58 230 -20 189 -32 12 -27 -4 32 155 47 30 -29 153 -8 144 4 24 -6 26 9 12 8 -38 63 -45 61 -40 47 -37 16 -13 56 -21 57 -22 8 14 -1 -60 8 -15 0 -8 -9 -67 4 10 88 11 18 -34 16 -236 58 37 66 -235 8 -288 -24 6 -12 17 20 28 31 -389 -41 8 11 -243 -96 -264 -92 37 29 5 4 28 15 35 18 -455 -63 36 -2 4 2 -19 -1 0 1 5 1 -86 -18
181 -109 4 -2 84 -53 370 12 353 4 394 78 349 12 -5 4 98 -71 86 -54 72 -21 98 -72 260 -25 310 80 265 40 40 -27 25 -54 40 -60 176 34 173 -2 184 11 150 37 25 -36 129 -4 156 65 8 4 65 -30 -38 59 2 8 31 38 -65 52 48 -18 -6 -17 -46 3 -87 -12 -27 3 -9 27 33 35 38 50 -140 32 5 34 -155 0 -148 -35 -187 -35 3 -26 -298 -22 -6 -28 -278 6 -333 7 49 63 -18 -40 -8 -10 11 16 -5 -1 18 11 16 10 29 14 11 6 -32 -15 -39 -15 -26 -8 -8 10 2 8 -73 -14
256 -121 0 6 40 -13 348 -37 367 0 336 -39 386 67 372 33 160 -81 88 -38 118 -86 268 14 102 -87 94 -87 -42 25 -26 16 -55 47 259 64 -28 1 185 -5 10 -8 -76 27 16 -23 95 19 146 -19 -34 43 80 -31 3 27 -37 36 -3 -24 16 -12 34 16 -4 -15 -24 52 -32 45 -40 2 -143 37 -21 7 -11 10 -131 28 -138 -28 -8 56 -257 27 -3 -5 -259 10 -14 -36 -170 -87 -322 -35 -4 -6 -336 -12 47 68 -15 -23 -2 -3 34 32 -27 -20 -8 2 27 13 6 6 20 42 -3 0 -18 -8 -1 2 8 -5 -8 48
174 -117 0 -5 422 64 365 -17 19 -16 11 -10 16 -37 112 -96 309 -8 314 56 113 -53 255 40 -36 16 3 3 17 28 234 -12 -10 24 10 -17 197 -12 225 49 150 4 164 37 155 -6 136 18 123 -47 8 -51 52 51 77 -35 2 -30 -2 -32 80 -1 18 -37 -102 61 -18 -26 -57 -16 46 33 -40 -42 -18 28 -88 10 -150 16 -23 19 0 49 -28 -5 -187 8 23 64 -202 -49 -19 -42 -262 -20 -16 -36 -331 -7 24 24 -311 -67 -400 -5 -32 -30 24 21 18 23 -31 -16 -58 -44 -4 -4 10 9 -7 -2 -55 -26 -61 -24 -31 0
8 -11 0 -3 5 12 196 -114 26 -54 68 -28 112 -55 47 32 98 -63 260 12 70 7 253 13 -1 0 -3 2 0 0 -62 -6 201 10 -4 -9 191 -39 -21 50 181 8 93 19 128 -50 122 0 97 -18 6 -51 -30 29 10 -13 -6 -52 -17 -24 4 -31 22 -36 30 50 51 -36 -151 28 -59 -53 12 -5 37 -38 41 -12 -80 -64 -8 -10 -95 -56 -168 8 -13 26 -4 -20 36 30 11 -3 -245 -49 -4 -5 -294 -20 -397 -64 8 1 -380 30 -411 -12 -11 -4 -40 -31 -60 -46 -1 27 13 18 -5 29 -30 -14 -46 -18 6 -20 -32 -11
19 22 0 -6 4 1 186 -144 361 -17 359 4 40 -36 71 -17 293 -22 15 2 94 -24 86 -22 229 2 221 0 0 0 234 -26 41 -40 161 -23 170 -17 19 -72 162 -52 113 -5 167 -7 71 16 56 -64 66 -52 61 -52 10 -46 37 40 81 -56 -30 -26 -12 15 80 36 -1 28 38 25 27 -62 59 -11 -125 -38 -129 -36 19 4 -131 -64 -9 3 -173 -8 -188 -11 -222 27 -265 -6 -281 -34 -229 -42 -294 44 -193 -113 -361 6 -313 -29 -23 -18 -393 -20 -47 -36 -33 -22 -271 -140 -320 -131 -42 -35 -14 -13 -20 -13 -18 44 -480 43 -40 -22
2 -29 0 -12 5 1 404 1 336 -72 18 -19 336 29 11 -53 128 -114 77 -10 136 -90 108 -78 20 -32 60 -47 284 16 232 -5 7 1 152 15 152 -34 158 -64 80 9 71 -16 18 0 -11 27 4 4 73 35 65 32 10 -33 24 -54 82 -47 -86 24 4 -53 -28 -33 3 -60 13 30 -4 -23 27 19 -110 -88 33 -19 -1 -36 -184 -5 -42 -6 -11 -2 -115 -80 -24 -8 -5 -21 -261 16 -274 16 -224 -71 -43 -53 6 -8 -354 8 -396 -90 -12 -12 -52 -39 -420 -3 -6 -5 -18 -19 -7 13 -24 -24 -3 -3 -55 -43 -10 -16 -25 -9
15 8 0 -1 1 2 116 -118 355 -46 352 -15 51 -55 18 26 28 -49 0 -80 272 -53 70 -81 76 -42 276 16 50 -21 112 -43 72 -57 51 -14 97 -24 86 -24 108 -32 56 -30 45 -3 93 32 -10 24 -16 22 -20 22 -18 7 42 -67 -10 -3 10 -57 88 29 -39 -8 9 9 -17 9 35 32 35 -59 -136 -20 -208 -20 -110 -83 -163 -24 -8 -21 -5 -42 -183 -5 -38 -74 -36 -20 -50 10 -199 -80 -302 -13 -43 -74 -308 -49 11 1 -54 -14 -352 -81 6 14 -419 -20 -429 -10 -57 -60 -4 -4 -14 -27 -49 -48 -4 3 -22 26 -40 -36
498 20 493 -53 146 -159 416 -31 -1 -49 14 -69 28 -92 162 -130 46 -50 271 -54 255 -21 259 -57 257 -37 211 -55 211 -56 114 -44 166 -5 168 -84 176 -23 114 -53 16 1 99 -76 0 0 41 -69 1 -11 47 17 -16 15 27 -52 -4 8 -56 4 -10 0 -19 -73 -24 -51 -28 6 -16 -15 37 -77 -108 -74 -119 -66 -129 -67 -149 -31 -24 0 1 -62 -177 -14 -158 -78 -124 -53 -74 -92 -193 -65 -49 -8 -58 -94 -242 -52 -326 -2 -312 -37 -267 -65 -8 -7 -4 -8 -54 -77 -403 -102 0 -13 -6 -20 -22 -44 -3 -15 -10 -43 0 -45 -10 12
503 -69 474 -58 -5 -13 8 11 -5 -8 0 -95 161 -152 10 -113 12 -99 346 -15 106 -145 272 -33 82 -95 -28 -24 31 -85 35 -45 192 -28 110 -97 158 -60 88 -63 56 -69 170 12 11 -20 68 8 4 0 41 15 40 6 -5 -17 0 -60 15 1 8 0 -45 -1 -39 -29 3 -78 -6 -82 -11 -86 63 15 -2 -100 25 -12 -143 -12 14 -74 -78 -91 -116 -89 -77 -88 -24 -69 -130 -64 -137 -32 -58 -26 -43 -62 -229 -79 -64 -70 -254 -100 -326 -67 -72 -88 -69 -88 -8 -26 -14 -32 6 -8 -31 -52 -56 -77 -14 -53 -7 8 2 -39 -18 -10
424 -329 451 -310 470 -48 140 -177 96 -143 -18 -26 341 -75 106 -148 298 -40 11 -88 12 -71 3 4 60 -128 244 -101 -23 -37 212 -79 196 -40 54 -84 91 -82 21 -29 66 -61 37 -5 37 -2 13 4 54 5 -2 4 23 2 -15 5 12 6 -36 6 -44 5 -48 1 -64 -26 0 6 -26 -5 -56 -15 -21 -92 -11 -65 -56 -82 -111 -67 -34 -86 -87 -31 -65 1 -153 -30 -28 6 -123 -17 -60 8 -37 -54 -239 -49 -234 -103 6 -23 -219 -120 -58 -53 -60 -100 -342 -112 -73 -106 -420 -54 -54 -86 -352 -169 8 -50 -5 -56 -21 -64 -17 -1 0 -2
413 -337 1 0 -15 -26 100 -181 -8 -13 141 -189 162 -188 167 -170 146 -168 16 -108 50 -136 66 -146 -44 -42 60 -129 62 -93 215 -81 56 -109 187 -89 123 -104 117 -111 38 -25 35 -27 72 -1 57 0 45 -6 32 0 34 -2 -20 -3 8 0 0 0 -11 0 -16 -3 -30 -6 -56 0 -87 -10 -80 -11 -1 0 -47 -58 -55 -94 -49 -86 -96 -80 -113 -34 -128 -25 -88 -11 -130 -27 -133 -100 -48 -86 -90 -43 -28 -61 -48 -123 -243 -74 -352 -22 -322 -8 -326 -81 -351 -130 -338 -128 -2 -33 0 -43 -1 -26 5 -41 7 -33 4 -46 -65 -96 -104 -174
