0 1 0 1 0 1 0 1 -2 0 0 1 -4 11 1 0 0 1 2 33 0 1 0 1 0 1 0 1 -4 9 -10 15 0 1 6 22 -1 1 0 1 18 9 -1 1 0 2 -3 2 0 1 0 1 0 1 0 1 0 1 0 1 0 1 -11 27 -4 22 0 1 0 1 0 1 0 1 0 1 0 1 18 6 0 1 2 1 0 1 0 1 0 1 1 1 0 1 0 1 0 1 0 1 0 1 -1 0 0 1 0 1 0 1 0 1 0 1 0 1 0 1 -1 1 0 1 -1 1 -1 1 0 1
0 1 11 21 0 1 0 1 0 1 -1 6 5 9 -1 4 -1 -3 -3 10 0 1 0 1 0 1 -2 2 0 2 -1 1 0 0 4 11 -1 0 0 1 0 1 0 1 2 -1 0 1 0 1 0 1 0 1 0 1 0 1 0 1 0 1 0 1 0 1 -18 -8 -4 1 0 1 0 0 8 2 0 -4 2 2 0 1 9 2 -6 -1 0 1 -4 1 -23 1 0 1 0 1 0 1 0 1 0 1 0 1 0 1 0 1 0 1 0 1 0 1 0 1 0 1 -1 1 -1 1 0 1 0 1 0 1
6 24 0 1 0 1 -2 0 11 16 8 20 -1 0 -2 -7 6 25 384 9 0 1 -4 12 0 10 0 1 0 1 0 1 0 1 0 1 -5 -15 0 0 -5 -6 10 2 0 1 -16 -2 0 1 0 1 0 1 0 1 0 3 -1 1 0 1 5 1 -16 13 -3 0 -13 12 3 10 -4 0 14 -6 6 2 0 1 0 0 -13 -4 -2 2 0 0 1 1 -2 1 0 1 -2 2 -6 3 -1 1 0 1 -1 1 0 1 0 1 0 1 0 1 10 5 0 1 0 1 0 1 -1 1 0 1 0 1 0 1
2 4 0 3 -1 2 0 3 18 29 13 27 0 1 3 13 0 -3 383 5 -2 4 -2 -10 0 2 3 5 1 1 0 2 0 1 0 1 -1 -1 0 -8 0 0 0 2 8 2 17 2 -22 -3 -35 -3 -37 -5 3 0 0 0 -61 3 -80 3 0 -23 0 1 -1 2 -9 8 18 1 -4 1 8 -18 0 1 0 1 -32 2 30 -7 0 1 0 1 0 1 0 1 0 1 0 1 0 1 0 1 0 1 0 1 0 1 0 1 0 1 0 1 0 1 0 2 -4 -3 -2 0 -1 2 0 1 0 1 0 1
1 -4 0 1 0 3 0 1 0 1 0 1 -1 0 0 1 0 1 0 1 0 0 -7 0 -4 0 0 0 0 1 0 0 0 1 0 1 0 1 0 1 3 1 -2 1 -34 -22 46 -3 56 -17 -15 3 -40 -3 50 -17 -10 1 -60 6 -70 6 19 -4 9 -3 1 -1 64 -16 0 1 70 -18 1 0 0 1 0 1 0 1 0 1 0 1 0 1 0 1 0 1 0 1 0 1 0 1 0 1 0 1 0 1 0 1 0 1 0 1 0 1 0 1 -2 -5 -398 9 0 5 0 1 0 1 0 1 0 1
2 2 -4 -5 -3 -8 -5 -11 0 1 -1 1 -17 -31 0 1 0 1 0 2 0 1 0 1 -17 -9 0 1 0 1 0 1 0 1 0 1 0 1 2 1 1 1 0 1 -7 -1 79 -13 0 1 0 1 0 1 0 1 0 1 0 1 0 1 0 1 0 1 0 1 0 1 0 1 0 1 0 1 0 1 0 1 0 1 0 1 0 1 0 1 0 1 0 1 0 1 0 1 0 1 0 1 0 1 0 1 0 1 0 1 0 1 0 1 0 1 3 0 -6 3 0 1 0 1 -1 0 0 1 0 1
0 1 0 1 -8 -5 0 1 0 1 0 1 0 0 -26 -36 35 9 32 10 377 -3 372 -9 368 -9 0 1 0 1 0 1 2 1 1 1 0 1 1 1 -8 -2 -21 -6 0 1 -30 -7 -40 -7 88 0 0 1 0 1 0 1 0 1 0 1 0 1 0 1 0 1 0 1 0 1 0 0 0 1 0 1 -192 -21 0 1 0 1 0 1 0 1 0 1 0 1 0 1 0 1 0 1 0 1 0 1 0 1 0 1 0 1 0 1 0 1 0 1 3 -2 0 -1 -5 5 0 1 0 1 0 1 0 1
0 1 0 1 0 1 0 1 0 1 0 1 0 1 -5 -1 0 1 0 1 1 1 14 4 0 0 -15 -3 -24 -5 -1 1 0 1 0 1 -49 -24 0 1 0 1 0 1 0 1 0 1 0 1 0 1 0 1 0 1 0 1 0 1 0 1 0 1 0 1 -84 0 0 1 0 1 0 1 0 1 -148 -4 0 0 -202 -24 -214 -27 -8 -2 0 1 0 1 0 1 0 1 0 1 0 1 0 1 0 1 0 1 0 1 0 1 0 1 0 1 0 1 0 1 0 1 0 1 0 1 2 1 0 1 0 1
0 1 -1 0 0 1 0 1 0 1 -34 -42 0 1 0 1 0 1 0 1 0 1 0 1 1 1 1 1 -1 1 0 1 0 1 0 1 0 1 0 1 0 1 0 1 0 1 0 1 0 1 0 1 0 1 0 1 0 1 0 1 0 1 0 1 0 1 0 1 0 1 0 1 0 1 0 1 0 1 0 1 0 0 0 0 0 1 0 1 0 1 0 1 0 1 0 1 0 1 0 1 0 1 0 1 0 1 0 1 0 1 0 1 0 1 0 1 0 1 0 1 0 1 2 2 0 1 -4 0
0 1 0 1 0 1 0 1 0 1 0 1 0 1 0 1 0 1 0 1 0 1 0 1 0 1 0 1 0 1 0 1 0 1 0 1 0 1 0 1 0 1 0 1 0 1 0 1 0 1 0 1 0 1 0 1 0 1 0 1 0 1 0 1 0 1 0 1 0 1 0 1 0 1 0 1 0 1 0 1 0 1 0 1 0 1 0 1 0 1 0 1 0 1 0 1 0 1 0 1 0 1 0 1 0 1 0 1 0 1 0 1 0 1 0 1 0 1 0 1 -1 1 0 1 0 1 0 1
0 1 0 1 0 1 0 1 0 1 0 1 0 1 0 1 0 1 0 1 0 1 0 1 0 1 0 1 0 1 0 1 0 1 0 1 0 1 0 1 0 1 0 1 0 1 0 1 0 1 0 1 0 1 0 1 0 1 0 1 0 1 0 1 0 1 0 1 0 1 0 1 -1 1 0 1 0 1 -1 1 -1 1 -1 1 0 1 0 1 0 1 0 1 0 1 0 1 0 1 0 1 0 1 0 1 0 1 0 1 0 1 0 1 0 1 0 1 0 1 0 1 0 1 0 1 0 1 0 1
0 1 1 1 0 1 -1 1 -1 1 0 1 0 1 -1 1 0 1 -1 1 0 1 0 1 0 1 0 1 0 1 -1 1 0 1 0 1 1 1 2 1 -1 1 -9 1 -4 1 1 1 0 1 0 1 0 1 -1 1 0 1 0 1 -1 1 0 1 0 1 0 1 0 1 0 1 0 1 0 1 0 1 0 1 0 1 0 1 0 1 0 1 0 1 0 1 0 1 0 1 0 1 0 1 0 1 0 1 0 1 -2 8 0 1 0 1 0 1 0 1 0 1 0 1 0 1 0 1 0 1 0 1
0 1 0 1 0 1 0 1 0 1 0 1 0 1 0 1 0 1 0 1 -1 1 0 1 0 1 0 1 0 1 0 1 0 1 0 1 24 10 0 1 2 3 2 1 10 11 0 1 0 1 6 5 66 10 0 1 0 1 0 1 0 1 0 1 0 1 0 1 0 1 0 1 0 1 0 1 0 1 0 1 0 1 0 1 0 1 0 1 0 1 0 1 0 1 0 1 0 1 -1 1 0 1 0 1 0 1 0 1 0 1 0 1 0 1 0 1 0 1 0 1 0 1 0 1 0 1 0 1
1 1 0 1 152 5 0 0 0 1 -3 1 0 1 0 1 0 1 0 1 0 1 0 1 0 1 0 1 0 1 0 1 0 1 0 1 -2 3 2 4 3 3 3 3 0 -3 0 4 0 1 1 7 0 1 -4 0 0 1 0 1 0 1 0 1 0 1 0 1 0 1 0 1 0 1 0 1 0 1 0 1 0 1 0 1 0 1 0 1 0 1 0 1 0 1 0 1 0 1 0 1 6 -4 0 1 0 0 0 1 0 1 0 1 0 1 0 1 0 1 0 1 0 1 0 1 0 1 0 1
0 1 0 1 0 1 0 1 0 1 0 1 0 1 0 1 0 1 0 1 0 1 0 1 0 1 0 1 0 1 0 1 0 1 0 1 0 0 0 1 0 1 0 1 0 1 -2 -5 0 2 -13 -6 0 1 0 1 0 1 0 1 0 1 0 1 0 1 0 1 0 0 0 1 0 1 0 1 0 1 0 1 0 1 0 1 0 1 0 1 0 1 0 1 0 1 0 1 0 1 0 1 0 1 0 1 0 1 0 1 0 1 0 1 0 1 0 1 0 1 0 1 0 1 0 1 0 1 0 1
0 1 0 1 0 1 0 1 0 1 0 1 0 1 0 1 0 1 0 1 0 1 0 1 0 1 0 1 0 1 0 1 0 1 0 1 0 1 0 1 0 1 0 1 0 1 0 1 0 1 -1 1 -16 -12 0 1 -22 -10 0 1 0 1 2 0 0 1 0 1 0 1 0 1 0 1 0 1 0 1 0 1 0 1 0 1 0 1 0 1 0 1 0 1 0 1 0 1 0 1 0 1 0 1 0 1 0 1 0 1 0 1 0 1 0 1 0 1 0 1 0 1 0 1 0 1 0 1 0 1
0 1 0 1 0 1 0 1 0 1 0 1 0 1 0 1 0 1 0 1 0 1 0 1 0 1 0 1 0 1 0 1 0 1 0 1 0 1 0 1 0 1 0 1 0 1 0 1 0 1 0 1 0 1 0 1 0 1 0 1 0 1 0 1 0 1 0 1 0 1 0 1 0 1 0 1 0 1 0 1 0 1 0 1 0 1 0 1 0 1 0 1 0 1 0 1 0 1 0 1 0 1 0 1 0 1 0 1 0 1 0 1 0 1 0 1 0 1 0 1 0 1 0 1 0 1 0 1
0 1 0 1 0 1 0 1 0 1 0 1 0 1 0 1 0 1 0 1 0 1 0 1 0 1 0 1 0 1 0 1 0 1 0 1 0 1 0 1 0 1 0 1 0 1 0 1 0 1 0 1 0 1 0 1 0 1 0 1 0 1 0 1 0 1 0 1 0 1 0 1 0 1 0 1 0 1 0 1 0 1 0 1 0 1 0 1 0 1 0 1 0 1 0 1 0 1 0 1 0 1 0 1 0 1 0 1 0 1 0 1 0 1 0 1 0 1 0 1 0 1 0 1 0 1 0 1
0 1 0 1 0 1 0 1 0 1 0 1 0 1 0 1 0 1 0 1 0 1 0 1 0 1 0 1 0 1 0 1 0 1 0 1 0 1 0 1 0 1 0 1 0 1 0 1 0 1 0 1 0 1 0 1 0 1 0 1 0 1 0 1 0 1 0 1 0 1 0 1 0 1 0 1 0 1 0 1 0 1 0 1 0 1 0 1 0 1 0 1 0 1 0 1 0 1 0 1 0 1 0 1 0 1 0 1 0 1 0 1 0 1 0 1 0 1 0 1 0 1 0 1 0 1 0 1
0 1 0 1 0 1 0 1 0 1 0 1 0 1 0 1 0 1 0 1 0 1 0 1 0 1 0 1 0 1 0 1 0 1 0 1 0 1 0 1 0 1 0 1 0 1 0 1 0 1 0 1 0 1 0 1 0 1 0 1 0 1 0 1 0 1 0 1 0 1 0 1 0 1 0 1 0 1 0 1 0 1 0 1 0 1 0 1 0 1 0 1 0 1 0 1 0 1 0 1 0 1 0 1 0 1 0 1 0 1 0 1 0 1 0 1 0 1 0 1 0 1 0 1 0 1 0 1
0 1 0 1 0 1 0 1 0 1 0 1 0 1 0 1 0 1 0 1 1 1 0 1 0 1 0 1 0 1 0 1 0 1 0 1 0 1 0 1 0 1 0 1 0 1 0 1 0 1 0 1 0 1 0 1 0 1 0 1 0 1 0 1 0 1 -1 1 0 1 0 1 0 1 0 1 0 1 4 1 0 1 0 1 0 1 0 1 0 1 0 1 0 1 0 1 0 1 0 1 0 1 0 1 88 231 0 1 0 1 0 1 0 1 0 1 0 1 0 1 0 1 0 1 0 1 0 1
0 1 0 1 0 1 0 1 0 1 0 1 0 1 0 1 0 1 0 1 0 1 0 1 0 1 0 1 0 1 0 1 0 1 -1 1 0 1 0 1 0 1 0 1 0 1 0 1 0 1 0 1 0 1 0 1 0 1 0 1 228 240 0 1 0 1 0 1 0 1 0 1 0 1 0 1 72 46 0 1 0 1 0 1 0 1 0 1 0 1 -1 1 0 1 0 1 0 1 -29 -7 0 1 0 1 0 1 0 1 0 1 0 1 -112 135 0 1 0 1 0 1 0 1 0 1 0 1 0 1
0 1 0 1 0 1 0 1 0 1 0 1 0 1 0 1 0 1 0 1 0 1 0 1 0 1 0 1 0 1 0 1 0 1 0 1 0 1 0 1 0 1 -1 1 0 1 0 1 0 1 0 1 0 1 0 1 0 1 -1 1 0 1 0 1 0 1 0 1 0 1 -2 1 -6 -8 -1 1 0 1 3 2 -5 2 0 1 100 33 1 -3 45 12 0 1 0 1 0 1 0 1 -12 0 0 1 1 1 0 1 0 1 0 1 0 0 0 1 0 1 -456 239 0 1 0 1 0 1 0 1 0 1
0 1 0 1 0 1 0 1 0 1 0 1 0 1 0 1 0 1 0 1 0 1 0 1 0 1 0 1 0 1 0 1 0 1 0 1 2 1 0 1 0 1 0 1 -1 1 1 1 0 1 0 1 0 1 0 1 0 1 0 1 0 1 0 1 0 1 0 1 0 1 -2 1 0 1 0 1 0 1 36 21 0 1 0 1 4 1 0 1 0 1 0 1 76 30 -27 -18 0 1 0 1 0 0 -48 -8 23 16 0 1 0 1 0 1 0 1 0 1 0 1 0 1 0 1 0 1 0 1 0 1
0 1 0 1 0 1 0 1 0 1 0 1 0 1 0 1 0 1 0 1 0 1 0 1 0 1 0 1 0 1 0 1 0 1 0 1 0 1 0 1 0 1 0 1 0 1 1 1 1 1 0 1 2 1 0 1 -2 1 0 1 0 1 0 1 0 1 -2 1 0 1 0 -21 7 -16 -1 1 -2 1 -2 0 0 1 -22 4 -18 -26 35 15 6 2 0 1 0 1 2 1 0 1 26 3 8 0 0 0 0 1 0 0 0 1 0 1 0 1 0 1 0 1 0 1 0 1 0 1 0 1 0 1
0 1 0 1 0 1 0 1 0 1 0 1 0 1 0 1 0 1 0 1 0 1 0 1 0 1 0 1 0 1 0 1 0 1 0 1 0 1 0 1 0 1 0 1 0 1 0 1 0 1 0 1 0 1 0 1 0 1 0 1 0 1 0 1 0 1 0 1 0 1 0 1 0 1 0 1 0 1 -2 0 0 1 -8 1 0 1 0 1 0 0 -58 -20 -34 -20 -88 -18 35 -3 0 1 0 1 0 1 0 1 0 1 0 0 0 1 0 1 0 1 0 1 0 1 0 1 0 1 0 1 0 1
0 1 0 1 0 1 0 1 0 1 0 1 0 1 0 1 0 1 0 1 0 1 0 1 0 1 0 1 0 1 0 1 0 1 0 1 0 0 0 1 0 1 0 1 0 1 0 1 0 1 0 1 0 1 0 1 0 1 0 1 0 1 0 1 0 1 0 1 0 1 0 1 0 1 0 1 0 1 -1 1 0 1 0 1 0 1 0 1 -38 -17 -46 -15 0 1 -78 -45 -87 -43 0 0 -62 -16 -102 -25 13 5 -94 -42 0 0 1 1 0 1 0 0 0 1 0 1 0 1 0 1 0 1 0 1
0 1 0 1 0 1 0 1 0 1 0 1 0 1 0 1 0 1 0 1 0 1 0 1 0 1 0 1 0 1 0 1 0 1 0 1 0 1 0 1 0 1 0 1 0 1 0 1 0 1 0 1 0 1 0 1 0 1 0 1 0 1 0 1 0 1 0 1 0 1 0 1 0 1 -1 1 -1 1 0 1 0 1 0 1 0 1 0 1 0 1 -18 -23 0 1 0 1 0 1 0 1 -78 -29 0 1 0 1 0 1 0 1 0 1 -36 -22 0 1 0 1 0 1 0 1 0 1 0 1 0 1
0 1 0 1 0 1 0 1 0 1 82 -169 0 1 0 1 0 1 0 1 0 1 0 1 0 1 0 1 0 1 0 1 0 1 0 1 0 1 0 1 0 1 0 1 0 1 0 1 0 1 0 1 0 1 0 1 0 1 0 1 0 1 0 1 0 1 0 1 0 1 0 1 0 1 0 1 0 1 0 1 0 1 1 1 0 1 0 1 0 1 0 1 0 1 0 1 0 1 0 1 22 6 0 1 0 0 0 1 0 1 0 1 0 1 0 1 0 1 0 1 0 1 0 1 0 1 0 1
0 1 0 1 0 1 0 1 0 1 0 1 0 1 0 1 0 1 0 1 0 1 0 1 0 1 0 1 0 1 0 1 0 1 0 1 0 1 0 1 0 1 0 1 0 1 0 1 0 1 0 1 0 1 0 1 0 1 0 1 0 1 0 1 0 1 0 1 0 1 0 1 0 1 0 1 0 1 0 1 0 1 0 1 0 1 0 1 0 1 0 1 0 1 0 1 0 1 0 1 0 1 0 1 0 1 0 1 -118 -40 -98 -40 0 1 0 1 0 0 0 1 0 1 0 1 0 1 0 1
0 1 0 1 0 1 0 1 0 1 0 1 0 1 0 1 0 1 0 1 0 1 0 1 0 1 0 1 0 1 0 1 0 1 0 1 0 1 0 1 0 1 0 1 0 1 0 1 0 1 0 1 0 1 0 1 0 1 0 1 0 1 0 1 0 1 0 1 0 1 0 1 0 1 0 1 0 1 0 1 0 1 0 1 0 1 0 1 0 1 0 1 0 1 0 1 0 1 0 1 -126 -40 0 1 0 1 0 1 0 1 0 1 0 1 -92 -52 0 1 0 1 0 1 0 1 0 1 0 1
0 1 0 1 0 1 0 1 0 1 0 1 0 1 0 1 0 1 0 1 0 1 0 1 0 1 0 1 0 1 0 1 0 1 0 1 0 1 0 1 0 1 0 1 0 1 0 1 0 1 0 1 0 1 0 1 0 1 0 1 0 1 0 1 0 1 0 1 0 1 0 1 0 1 0 1 0 1 0 1 0 1 0 1 0 1 0 1 0 1 0 1 0 1 0 1 0 1 0 1 -127 -71 0 1 0 1 0 1 0 1 0 1 0 1 0 1 0 1 0 1 0 1 0 1 0 1 0 1
0 1 0 1 0 1 0 1 0 1 0 1 0 1 0 1 0 1 0 1 0 1 0 1 0 1 0 1 0 1 0 1 0 1 0 1 0 1 0 1 0 1 0 1 0 1 0 1 0 1 0 1 0 1 0 1 0 1 0 1 0 1 0 1 0 1 0 1 0 1 0 1 0 1 0 1 0 1 0 1 0 1 0 1 0 1 0 1 0 1 0 1 0 1 0 1 0 1 0 1 3 47 0 1 0 1 0 1 0 1 0 1 0 1 0 1 0 1 0 1 0 1 0 1 0 1 0 1
0 1 0 1 0 1 0 1 0 1 0 1 0 1 0 1 0 1 0 1 0 1 0 1 0 1 0 1 0 1 0 1 0 1 0 1 0 1 0 1 0 1 0 1 0 1 0 1 0 1 0 1 0 1 0 1 0 1 0 1 0 1 0 1 0 1 0 1 0 1 0 1 0 1 0 1 0 1 0 1 0 1 0 1 0 1 0 1 0 1 0 1 0 1 0 1 0 1 0 1 0 1 0 1 0 1 0 1 0 1 0 1 0 1 0 1 0 1 0 1 0 1 0 1 0 1 0 1
0 1 0 1 0 1 0 1 0 1 0 1 0 1 0 1 0 1 0 1 0 1 0 1 0 1 0 1 0 1 0 1 0 1 0 1 0 1 0 1 0 1 0 1 0 1 0 1 0 1 0 1 0 1 0 1 0 1 0 1 0 1 0 1 0 1 0 1 0 1 0 1 0 1 0 1 0 1 0 1 0 1 0 1 0 1 0 1 0 1 0 1 0 1 0 1 0 1 0 1 0 1 0 1 0 1 0 1 0 1 0 1 0 1 0 1 0 1 0 1 0 1 0 1 0 1 0 1
0 1 0 1 0 1 0 1 0 1 0 1 0 1 0 1 0 1 21 -9 0 1 0 1 0 1 0 1 0 1 0 1 0 1 0 1 0 1 0 1 0 1 0 1 0 1 0 1 0 1 0 1 0 1 0 1 0 1 0 1 0 1 0 1 0 1 0 1 0 1 0 1 0 1 0 1 0 1 0 1 0 1 0 1 0 1 0 1 0 1 0 1 0 1 0 1 0 1 0 1 0 1 0 1 0 1 0 1 0 1 0 1 0 1 0 1 0 1 0 1 0 1 0 1 0 1 0 1
0 1 0 1 0 1 -11 -101 22 -239 -2 -264 5 -251 -5 -20 82 -231 231 -222 -26 -3 -35 -1 -44 1 47 54 -28 -1 -31 -1 -32 -1 0 1 0 1 0 1 0 1 0 1 0 1 0 1 0 1 0 1 0 1 0 1 0 1 0 1 0 1 0 1 0 1 0 1 0 1 0 1 0 1 0 1 0 1 0 1 0 1 0 1 0 1 0 1 0 1 0 1 0 1 0 1 0 1 0 1 0 1 0 1 0 1 0 1 0 1 0 1 0 1 0 1 0 1 0 1 0 1 -1 1 -1 1 -2 1
0 1 0 1 0 0 458 -266 12 -259 -1 -256 0 -256 -32 -3 -31 -3 -34 -2 -34 -2 -20 -4 -30 -2 -31 -2 -29 -2 -30 -1 10 54 -32 1 29 6 7 5 24 5 35 -239 229 -272 0 1 0 1 0 1 0 1 0 1 0 1 0 1 0 1 0 1 0 1 0 1 0 1 0 1 0 1 0 1 0 1 0 1 0 1 0 1 0 1 0 1 0 1 0 1 0 1 0 1 0 1 0 1 28 89 0 1 0 1 0 1 0 1 0 1 0 1 0 1 0 1 0 1 0 1 0 1 0 1 0 1
0 1 0 1 -1 1 -12 1 -20 1 -30 1 221 -5 -32 -4 -24 -1 -12 44 -36 -2 -38 -2 -39 -2 -23 -4 242 -139 -30 -3 49 7 -35 -4 -17 26 5 4 -3 4 0 4 35 5 12 4 21 4 32 4 -75 23 61 108 49 75 40 145 32 144 -241 6 -245 7 8 0 8 0 0 1 135 126 0 1 0 1 -276 85 0 1 0 1 0 1 0 1 0 1 0 2 0 1 0 1 -10 2 0 1 19 -132 10 3 -24 -142 0 1 0 1 0 1 0 0 0 1 0 1 0 1 0 1 -1 1 -1 1 -2 1
0 1 0 1 -8 2 -11 1 246 -7 -28 3 -33 5 -33 5 -13 140 322 155 -37 -1 -37 -1 -39 0 236 -107 250 -109 -31 -3 -54 -27 -74 45 -37 -9 87 7 20 5 77 6 49 5 63 5 -95 21 252 -312 -105 36 131 64 -184 180 -177 187 -208 118 -198 105 16 -3 -224 87 0 1 9 -1 0 1 0 1 0 1 161 192 160 146 0 1 0 1 0 1 0 1 0 1 -130 -139 34 21 119 82 65 87 64 87 68 89 0 1 0 1 0 1 0 1 0 1 0 0 0 1 0 1 0 1 0 1 0 1 0 1
0 1 400 100 395 99 374 85 440 155 432 157 -29 29 -32 -2 -10 162 322 149 -37 -3 -53 47 -40 -1 -44 -12 0 52 267 -192 -40 0 -38 0 -35 0 -43 -1 -85 -185 -91 -186 83 -52 63 5 -39 -255 21 -253 -106 23 53 -11 133 31 45 -11 98 23 56 -11 46 -9 26 -5 0 1 154 103 0 1 0 1 0 1 0 1 0 1 0 1 0 1 0 1 0 1 0 1 0 1 0 1 0 0 0 1 48 85 -2 0 0 0 0 1 0 1 0 1 0 0 0 3 0 0 0 1 0 0 -1 1 -1 1 -1 1
0 3 0 1 446 132 384 77 432 118 338 13 -32 -4 -32 -3 -34 -3 -36 -3 -63 -13 -36 -2 -39 -1 -42 -5 -40 -1 -38 -1 -18 27 21 -20 13 -20 5 -20 -58 4 -70 3 90 -18 260 -171 -40 -263 -63 -255 182 -297 53 -13 104 65 42 -23 166 84 176 95 72 8 63 7 135 70 0 1 0 1 183 111 138 85 98 69 182 93 148 105 29 -2 23 -1 26 -4 -332 56 10 -2 0 1 0 1 96 99 0 1 0 1 0 1 0 1 0 1 0 1 0 2 0 1 0 1 0 1 0 1 0 1 0 1 0 1
0 1 0 0 410 95 386 74 360 55 464 129 -32 -4 399 -188 -34 -3 12 -23 21 -27 -36 -2 -35 -2 -40 -2 -41 -1 -43 -1 -49 -2 -45 -1 -45 0 -30 -3 -42 0 -40 1 -40 1 260 40 -49 -27 59 5 44 -247 -190 127 128 51 -188 142 -198 148 -216 83 -240 57 104 36 138 80 156 108 174 128 1 1 1 1 0 1 0 0 136 126 -256 58 2 -1 -10 -1 101 126 112 168 106 159 0 1 0 1 2 10 0 1 0 1 0 1 0 1 0 1 0 1 0 1 0 1 0 2 0 1 0 1 -1 1 -1 1
0 1 0 2 368 52 366 52 10 50 421 108 -32 -4 -32 -4 24 32 10 32 29 -34 -35 0 -29 28 -40 -1 -42 -1 -39 0 -48 -1 -45 0 -45 0 -30 -3 -38 -6 -40 1 213 -211 -24 -223 276 -26 138 -208 54 6 164 87 213 157 -187 148 112 42 -200 71 -208 158 110 41 0 1 0 1 0 1 -1 1 0 1 -219 65 0 2 17 17 0 1 83 98 9 26 88 114 0 1 0 1 120 149 -46 -29 10 -21 2 1 0 1 0 1 0 1 0 1 0 1 0 1 0 1 0 1 0 1 0 1 0 1 0 1
459 127 368 29 391 68 342 29 -32 88 429 124 342 14 -17 5 13 6 -35 -4 -37 -2 -38 -2 408 20 335 -56 -42 -2 -24 23 -32 22 -40 18 -44 1 -30 -2 -38 0 -40 1 -40 1 63 5 238 -200 57 4 -162 150 -170 141 -197 96 119 57 103 9 80 -8 48 -7 65 -8 0 1 33 -6 127 114 50 59 0 1 0 1 -224 69 0 1 74 104 -312 120 72 98 35 54 0 1 0 1 0 1 0 1 2 1 0 1 0 1 0 1 0 1 1 1 0 1 0 1 0 1 0 1 0 1 0 1 0 1 0 1
317 -23 -8 101 -5 -9 -9 -8 -18 -6 -24 -4 394 -34 -31 0 -33 -4 -35 -3 -37 -3 -35 1 -21 -15 36 -2 16 7 -43 0 -45 -1 -46 0 -45 0 -20 -5 -37 -1 -39 0 -37 0 -31 2 298 8 -14 11 56 5 -112 30 78 0 -2 21 70 45 -110 90 -141 97 -151 52 44 50 -189 100 32 47 53 86 24 45 -200 62 56 82 0 1 24 36 -256 51 0 1 63 80 0 1 0 1 0 1 0 1 2 1 1 1 0 1 0 1 0 1 0 1 0 1 0 1 0 1 0 1 0 1 0 1 0 1 -1 1
398 59 168 7 149 -175 136 -177 -32 -2 -38 -3 420 -67 -32 -3 -33 -4 -36 -3 -34 -2 8 4 -30 1 -22 8 -42 1 -43 -1 -45 0 316 -266 -46 0 -25 -4 -38 -1 -65 6 -36 0 -92 19 -94 20 20 10 26 10 -35 62 -47 38 50 29 -8 27 -96 87 -118 83 8 21 -32 29 -190 91 42 105 -146 84 -148 24 -228 66 98 131 0 1 32 43 -256 43 -325 30 34 42 16 30 38 42 0 1 0 1 0 1 0 1 0 1 0 1 0 1 0 1 0 1 0 1 0 1 0 0 0 1 0 1 -1 1 -1 1
53 125 36 126 -2 -62 270 -62 312 -74 -23 1 368 7 5 7 -14 3 386 7 -38 -2 -40 -1 -28 1 -35 0 -42 -1 -27 -5 -54 -26 -37 -2 -44 0 -46 1 -34 -1 -34 -1 -35 0 44 1 -74 16 94 60 84 125 -4 34 50 111 42 112 48 111 -7 7 -52 25 -63 47 98 127 38 62 -126 49 -143 25 -256 76 86 97 0 2 0 0 32 42 0 1 77 74 6 5 8 -2 56 59 72 64 0 1 0 1 0 1 0 1 0 1 0 1 0 1 0 1 0 1 0 1 0 1 0 1 0 1 0 1 0 1
360 -48 412 47 408 39 306 -49 358 -4 366 14 -14 1 -20 0 -18 2 378 11 -30 0 92 -215 -48 -2 -55 -3 -45 -1 -46 -1 -40 -1 -41 -1 -45 0 -51 2 72 -7 86 -6 143 54 168 87 96 -23 -2 42 38 63 52 25 32 -3 0 62 54 -20 -34 9 80 68 67 75 -192 70 -133 34 -240 67 130 94 -228 90 80 82 0 -6 -247 31 -4 2 2 -5 91 84 -313 38 28 27 -366 -37 78 80 85 82 27 23 6 5 0 0 0 1 1 1 4 1 0 1 1 1 1 1 0 1 0 1 0 1 0 1 0 1
437 62 0 31 31 30 250 -52 8 10 -2 7 -26 -4 -29 -4 -28 -3 0 1 -54 -7 -52 -5 -74 -9 -22 -2 -32 -2 170 -62 -117 -8 175 -53 -48 2 131 -30 -38 100 21 16 -38 77 112 -23 136 34 52 1 0 39 22 11 64 33 84 96 -112 100 37 22 0 1 -176 66 42 37 -93 1 -132 9 -172 51 -142 22 -200 13 0 1 0 1 0 1 24 33 0 1 -15 -43 28 31 16 16 0 0 88 58 40 22 24 13 48 22 -9 -5 0 1 -1 0 0 1 -3 -1 1 0 0 1 0 1 -1 0 0 1 -1 1
0 1 0 1 416 63 30 86 392 64 42 13 336 30 366 38 0 1 304 -1 196 -65 318 25 324 38 -81 -9 -40 -3 298 38 206 -59 225 -11 -49 12 138 82 137 54 114 70 90 72 90 77 82 20 44 22 44 17 32 14 16 62 24 19 -37 20 -114 87 -120 66 30 95 15 0 6 42 -118 56 84 96 -116 -5 -222 59 64 89 70 74 0 1 -262 102 78 65 80 90 74 72 -9 -16 -16 -24 68 98 12 5 26 21 8 4 -14 -7 0 1 -28 -14 -40 -80 1 1 14 1 0 1 6 -2 -85 -84 0 1 -92 -56
443 43 0 1 410 57 16 84 0 24 38 8 -21 14 0 1 0 1 -28 68 -32 17 -14 -7 242 -64 285 30 240 -26 -64 96 304 56 146 -55 252 57 -18 85 130 9 128 46 90 -24 18 10 69 32 62 -26 57 8 75 87 8 70 57 88 0 8 24 9 0 74 -40 36 -122 66 -56 47 -110 35 -100 18 -120 30 -220 51 64 82 -26 64 0 1 24 21 0 0 0 1 0 2 -24 -21 -16 -21 1 0 48 30 58 60 64 54 -7 -5 0 1 0 1 -34 -19 -42 -22 -1 1 0 1 6 -2 1 0 -7 3 -34 8
0 0 0 1 28 0 0 1 10 10 304 -65 0 0 -23 -12 338 26 -32 74 358 75 -41 65 288 14 -49 87 330 76 -64 71 256 5 198 -34 -85 29 124 -27 112 -31 35 -22 89 34 4 41 88 27 88 -54 2 0 46 65 16 -9 40 3 -72 34 8 1 -58 37 8 58 0 5 0 1 -10 -23 13 13 25 44 -32 10 -120 -28 0 1 -226 -10 66 63 44 38 -267 -2 8 14 -312 -1 -360 16 32 36 6 -1 -32 -45 48 62 53 84 0 1 0 1 0 0 0 -1 -1 1 24 -1 -2 0 -1 0 -16 4 -42 5
0 1 0 2 18 -1 319 -74 2 1 38 -12 -1 1 -30 9 0 1 0 1 9 -5 338 45 336 46 -60 54 239 -15 312 76 261 27 -24 2 -62 23 -16 0 0 0 156 35 -40 40 97 46 72 -36 40 7 56 -8 0 1 12 55 30 5 -36 -19 24 -7 -32 -25 65 54 14 4 9 -9 12 -10 0 40 28 10 18 45 -176 -11 -214 4 -39 -44 66 43 22 2 -8 -14 0 0 48 42 0 1 -361 0 0 0 26 18 -16 -11 -95 -88 0 1 0 1 50 17 -8 -2 0 0 -1 1 3 7 2 1 -62 -17 0 0
0 1 0 0 392 10 347 -35 10 -26 -18 -28 368 22 0 1 352 30 307 4 236 -86 322 34 272 -14 304 19 -74 20 -30 -4 -75 10 -8 -1 210 4 14 -2 176 24 132 15 123 -59 144 24 144 19 -65 44 54 10 36 -12 41 -19 0 -13 -96 42 24 -10 16 41 -32 19 -98 -27 -96 -3 -110 -20 0 1 38 20 -36 -12 -160 -13 -146 -12 0 1 -27 -60 -232 7 -56 -48 2 6 -284 -8 48 33 -348 46 -352 -30 -30 -32 0 2 0 1 -26 -19 -31 -20 0 1 14 47 24 10 -48 -27 2 3 -2 -6 0 2 0 0
27 55 0 1 13 -19 369 -6 11 -12 382 21 291 -78 -18 15 289 -28 0 -8 200 -82 249 -29 -8 -4 0 1 -4 -48 294 43 269 34 276 38 256 44 27 11 -18 34 -51 55 188 52 0 1 82 35 34 -6 56 23 46 22 -16 -30 -4 30 42 -13 -16 39 -47 21 0 1 91 55 5 -1 -2 -7 32 9 -179 40 22 33 -22 -80 32 29 -148 -6 -198 7 14 27 -216 -25 -320 10 4 12 0 0 -16 -8 -354 50 -365 48 -376 -7 -32 -28 -2 1 -13 -8 0 3 -447 -97 -40 -21 4 57 5 2 0 1 0 1 -16 22
8 -41 0 1 356 -54 18 -11 302 -67 1 1 257 -67 50 -54 328 19 126 -61 41 -52 -2 2 316 33 309 34 0 1 -60 48 -16 -22 0 1 -6 35 2 1 18 -8 106 19 7 -38 44 -48 144 40 44 -45 58 -36 52 19 0 1 -32 -43 -16 -49 23 -43 16 16 -128 11 20 -82 13 -86 -20 -25 0 1 -14 -24 40 29 8 7 -52 -60 -131 -61 -49 3 -219 -5 -267 7 -272 -26 -290 -32 -258 -16 -24 -24 0 1 0 1 22 40 0 1 -78 -67 -424 2 0 6 0 49 8 30 -60 -40 -22 -10 0 1 0 1 0 1
26 35 0 0 20 -40 32 46 378 0 19 -14 1 0 48 -54 347 24 303 12 86 -58 99 -17 -5 -8 238 16 0 0 0 0 232 13 0 0 184 0 0 0 0 0 128 -41 -1 0 99 -18 0 -1 70 -44 57 -36 21 23 48 9 36 -28 -88 11 3 1 -55 -36 -123 15 58 17 0 0 -16 -73 32 0 25 1 -13 -5 -23 12 -187 0 0 0 0 0 -146 -67 -40 -3 40 20 -257 -32 -10 -14 -297 -38 -66 -74 0 -1 16 7 -374 -40 -56 -55 0 0 -416 39 1 41 -33 -32 0 0 -8 36 2 -12 -32 -23 -4 -14
0 -1 0 0 378 -51 0 0 0 0 1 0 0 0 0 0 0 0 16 -15 48 -37 76 -39 0 0 -13 -24 32 -24 292 19 -43 -6 84 -72 0 -7 120 -32 71 -16 35 -45 69 -43 0 0 0 0 36 17 0 -57 47 25 -69 6 -30 -60 -80 -1 -1 0 0 -1 -46 -20 -42 7 -56 -1 8 15 36 -6 -15 -49 6 -23 0 0 -146 -22 -6 6 -52 -64 -224 29 0 0 -259 39 -252 -22 16 12 1 0 -8 37 0 0 0 -1 -64 -64 -62 -65 -62 -63 -42 -39 -50 -42 0 0 0 0 0 0 -19 -26 -14 34 0 0
0 0 0 1 17 30 0 0 24 31 0 0 0 0 0 0 256 -92 323 1 0 0 0 0 55 -68 0 0 0 0 124 -88 26 -3 0 0 0 0 0 0 0 0 -18 22 1 7 0 1 64 21 0 0 1 0 0 0 46 15 -10 -53 -20 -44 0 0 0 12 8 -2 0 -73 1 0 24 -44 0 17 10 -110 -40 -43 -48 -84 -52 -84 -238 14 -168 -67 -32 -29 -24 -21 -96 -84 -243 -25 0 0 -13 -19 -352 -23 -284 -43 -6 7 -333 -37 -48 -44 -392 -57 -8 -23 -61 -65 0 0 0 0 24 -15 -8 30 -26 -42 -10 -28
0 0 0 0 0 0 0 0 -9 -28 13 8 290 -105 0 0 0 0 81 -95 266 -36 24 -73 220 -106 240 -46 38 -66 49 -27 60 -51 242 24 232 21 0 0 104 2 0 0 -8 12 66 6 0 -1 -10 10 0 0 0 0 0 0 18 4 -32 -19 26 8 0 0 -48 -46 -20 -7 -8 -8 40 -27 -89 -88 24 -22 0 0 0 -49 -186 -6 -170 -25 -45 9 0 0 -73 -80 -80 -41 -88 -57 -50 -23 0 1 12 1 -306 -70 -8 -8 -24 -4 0 0 -99 -137 0 0 0 0 -40 -51 2 16 -58 -66 -98 -149 0 -46 -2 4
0 0 0 0 0 0 1 1 -17 -29 -8 -43 0 0 1 0 279 -82 4 -18 266 -79 27 -64 -12 -29 294 -13 0 0 195 -41 0 11 0 0 168 -77 60 -71 111 -84 100 -71 -6 -2 16 -14 64 8 -18 5 -42 13 -18 -19 0 0 4 1 111 11 18 -78 -40 -56 0 1 -120 7 -57 -20 0 0 34 -16 -102 -99 50 6 -160 -38 8 0 -112 -89 -118 -23 0 0 -184 -34 -120 -103 -40 -37 -64 -60 -100 -97 -16 2 0 0 10 -16 -331 -73 -26 -31 -30 -35 -50 -58 0 0 -46 -75 -61 -83 0 0 14 2 -2 -54 0 4
0 0 0 0 0 0 0 0 -4 -12 403 -29 -26 -34 4 7 358 -9 322 -38 344 -17 -40 -30 -6 3 0 0 -2 -22 0 0 160 -106 180 -84 210 -13 108 -115 104 -33 6 -26 0 0 11 -3 -14 3 1 0 0 0 16 -1 0 0 4 -1 0 0 -45 -5 -40 -77 -18 -12 -48 -25 -60 -25 62 5 -47 -36 -80 -51 -154 -2 -80 -95 -76 -10 0 0 -118 -67 0 0 -93 -64 -112 -58 -102 -71 -64 -41 24 -24 -3 -19 -26 -2 -16 -25 -17 -45 -333 -77 -26 -36 0 0 -66 -97 -8 -57 -1 0 14 -55 0 0 8 -7 -2 -5
0 0 0 0 0 -1 0 -1 0 0 0 0 0 0 0 0 0 0 0 0 -25 -23 10 -98 -5 -80 25 -73 0 0 27 -91 0 -4 216 -30 102 -75 77 -36 27 -38 98 -1 1 0 0 0 0 -1 0 0 -16 -2 33 -3 0 0 0 0 -30 -4 -2 -4 0 0 -59 -18 0 0 -37 -11 -67 -34 57 -6 -71 -80 -66 -76 -80 -93 -102 -33 -170 0 3 -5 -77 -12 -125 -89 0 0 -46 -48 -64 -130 -24 -66 -352 -51 20 -2 -336 -7 -90 -152 -93 -156 -32 -63 -8 -47 -60 -96 0 0 3 -2 -1 -13 4 -11 -60 -97 0 0
