113 129 52 124 111 192 67 127 95 135 25 126 164 136 6 138 113 132 105 130 95 127 17 128 33 127 25 127 -20 127 40 56 46 1 -16 0 -19 1 20 0 -47 57 -1 65 -47 144 -117 161 -96 159 -140 126 -144 127 -143 128 -112 80 -127 68 -133 64 -88 0
126 184 118 184 96 185 77 88 65 120 91 119 44 119 41 133 40 56 55 129 46 120 41 120 -27 120 -45 117 -45 99 -52 120 -65 125 42 116 79 103 40 120 -2 124 12 116 40 104 11 126 -31 122 -135 120 -145 108 -116 136 -130 132 -39 55 -149 119 -156 119
97 79 87 51 124 -16 132 -16 72 48 56 112 80 112 41 127 75 111 -12 110 -13 113 -23 95 -33 113 57 108 67 111 100 110 43 110 -80 120 35 111 25 114 17 114 14 118 -52 112 -57 114 -30 108 -21 112 -80 178 -158 112 -89 116 -97 112 -146 110 -125 112
64 136 124 124 176 -24 172 -24 127 24 89 104 76 104 71 105 131 104 -7 103 -16 152 104 104 90 96 -39 167 23 104 39 110 47 103 41 107 13 130 64 106 -159 134 -82 44 -81 32 -84 56 -95 72 -103 72 -60 6 -113 56 -131 32 -137 32 -128 56 -127 49
112 32 121 107 161 100 192 95 33 96 141 95 137 89 108 92 0 100 89 96 96 96 -23 95 42 94 -40 79 -40 96 39 96 7 102 -37 92 -47 96 -33 96 -65 34 23 0 -23 -32 -75 32 -88 33 -88 28 -56 -32 -76 -32 -81 -32 -92 -32 -101 -32 -106 -32
71 88 111 -40 121 23 71 16 127 86 152 72 80 87 131 87 0 86 112 80 112 88 -24 72 33 87 -43 87 -45 95 -7 87 -32 56 3 17 15 -40 -16 88 -49 23 -57 8 -17 -40 -56 16 -76 15 -55 16 -55 -40 -65 -40 -82 -40 -92 -40 -102 -40 -112 -40
69 81 120 -48 136 -48 130 -48 58 80 24 84 64 79 136 80 117 76 104 82 32 80 40 83 -31 80 -32 80 1 9 -7 13 -15 78 -21 16 -41 17 -73 80 -49 16 -55 7 -23 -48 -28 -48 -38 -48 -74 -48 -55 -48 -76 -47 -70 -48 -81 -48 -108 -48 -108 -48
15 132 73 72 137 -56 121 -55 95 79 155 72 72 85 120 74 156 60 -6 80 51 74 49 73 33 71 -11 71 -7 7 -9 8 32 6 -24 0 -28 0 -39 -1 -55 4 -40 2 -64 8 -38 8 -37 -56 -75 -56 -80 -56 -86 -56 -95 -56 -107 -56 -100 -56 -110 -56
89 66 116 64 49 64 168 -64 112 75 23 67 16 66 128 56 129 60 57 79 57 64 14 64 -8 -4 -8 -8 -15 80 40 -7 -20 0 -9 -1 -16 -1 7 -64 -79 65 -37 65 -47 65 -119 64 -56 68 -77 67 -119 8 -71 -10 -86 0 -168 46 -64 63 -188 64
100 56 152 -72 50 41 102 -71 32 40 153 56 113 56 164 56 61 55 20 56 12 57 5 -14 1 88 24 72 1 1 -25 -18 -2 59 -73 56 -79 56 -57 52 -11 -72 -54 55 -80 -5 -53 56 -129 58 -136 57 -79 -12 -80 -72 -70 -72 -114 54 -175 57 -182 54
59 49 109 48 132 0 104 72 192 48 136 50 16 50 13 54 73 49 25 48 83 -15 -25 31 32 48 32 -16 52 -80 57 -32 63 59 0 56 -48 -13 -23 -80 -7 -80 -13 -80 -25 -80 -33 -80 -54 -80 -60 -80 -69 -80 -76 -80 -85 -80 -93 -80 -102 -80 -110 -80
96 -8 139 -58 111 42 127 43 32 44 144 32 145 47 33 39 28 40 28 39 48 47 -26 46 83 39 82 32 -9 -29 -24 -22 8 -88 3 -88 -4 -88 -14 -88 -21 -88 -21 -88 -36 -88 -44 -88 -55 -88 -61 -88 -69 -88 -77 -88 -85 -88 -93 -88 -100 -88 -109 -88
128 -31 135 -95 80 32 40 16 100 -40 90 32 97 -42 33 34 50 -40 82 41 114 28 -24 32 -24 30 -7 -31 37 -96 20 -96 29 -40 2 -96 -20 -94 8 -96 -20 -96 -72 -31 -39 -96 -44 -96 -52 -96 -60 -96 -68 -96 -77 -96 -85 -96 -93 -96 -101 -96 -109 -96
128 40 121 40 103 40 105 25 60 40 24 24 112 -48 38 24 80 32 57 42 17 22 63 25 129 23 15 -104 16 -104 19 -103 16 -104 -9 -104 8 -104 0 -104 -8 -104 -13 -104 -49 -104 -54 -31 3 -104 -9 -104 -18 -104 -42 -103 -101 -104 -109 -104 -108 -104 -110 -104
179 16 0 16 49 17 160 8 161 12 71 17 65 -49 70 19 0 24 57 17 -18 16 8 -60 43 -112 -7 -32 1 -65 25 -58 26 -112 55 -48 -80 49 10 -48 34 -49 20 -112 -3 17 -7 14 -16 15 -23 15 -31 13 -33 13 -9 15 -24 0 -29 4 -39 9
206 -2 185 4 145 7 185 7 34 6 40 8 79 10 8 6 114 -8 89 7 110 8 104 8 -31 40 23 -24 80 -120 71 -120 65 16 -17 -120 24 -120 -25 9 -100 6 12 4 1 10 -6 10 -20 8 -23 10 -26 4 -44 7 -36 3 -71 9 -55 7 -60 4
160 -4 168 0 201 -1 40 -14 64 -72 61 15 15 -16 104 -2 160 -2 -5 7 48 1 3 0 33 -1 -10 0 12 2 4 0 0 7 -73 2 80 4 9 3 17 2 8 2 1 2 -7 1 -14 -1 -13 -7 6 0 -56 4 -47 -7 -7 -16 -23 0 -22 -2
64 -6 176 -16 153 -7 85 -6 128 -72 24 -24 144 -8 103 -5 2 0 24 -8 44 -5 24 -8 63 -75 -2 -8 7 -1 -55 -8 64 -8 -71 -8 17 -12 29 -9 48 -9 -105 -6 46 -2 39 -3 -129 -6 -136 -7 -144 -8 -153 1 -161 1 -72 -4 -8 -7 -49 -9
162 -18 57 -15 48 -6 79 -4 33 -33 155 -10 16 -16 8 -16 33 -78 71 -144 -25 -16 -29 -15 31 -16 33 -11 10 -12 39 -18 -78 -4 -5 -16 80 -16 -87 -16 -93 -15 -112 -16 -113 -16 -117 -16 -57 -12 -59 -11 -73 -15 -124 -17 -95 0 -72 -18 -176 -16 -183 -14
184 -32 185 -29 64 -24 108 -22 151 -15 88 -8 16 -24 7 -24 46 -24 85 -26 65 32 41 40 45 -16 75 -24 -48 -22 105 -23 -64 -39 -72 -39 30 -23 25 -21 65 -34 23 -24 -113 -20 -126 -24 -52 -21 -134 -24 -142 -24 -24 -24 -159 -25 -39 -25 -174 -44 -88 -28
168 -30 67 -31 113 -17 41 -49 49 -23 89 -33 11 -32 78 -32 0 -50 146 -46 76 -3 137 -31 64 -35 74 -30 -1 -33 -15 -66 -127 29 40 -34 24 -33 8 -32 48 -24 -39 -16 -113 28 23 -32 -88 -32 -62 -31 -153 -31 -79 -27 -96 -96 -63 -160 -143 -32 -87 -32
188 -38 96 -40 97 -41 101 -40 142 -40 185 -47 60 20 65 -168 95 -36 108 -40 8 -40 18 -24 -28 -43 136 -40 -48 -120 12 -41 -48 8 88 -55 -30 -40 82 -50 -17 -168 -45 -40 -24 -112 -81 -23 -64 -39 -142 -39 -80 -41 -8 -104 -79 -57 -123 -39 -175 -56 -179 -58
129 -48 68 -44 121 -45 105 -176 63 17 89 -48 129 -44 8 -40 0 16 56 -33 -20 -48 -32 -55 76 -48 71 -49 15 14 -57 -45 -75 -46 43 -47 41 -48 9 -53 -48 -104 -39 -48 -47 -48 -119 -49 -63 -32 -88 -48 -143 -40 -90 -47 -101 -48 -159 -48 -184 -51 -120 -30
65 -58 153 -40 49 -56 72 -88 49 -53 24 -24 127 -183 71 -54 -2 -56 16 -56 49 -120 72 -58 21 1 12 0 1 0 -6 0 1 1 -9 -22 -25 -1 43 -50 -64 -36 71 -55 8 -44 -119 8 -80 -49 -121 9 -49 -184 -128 -54 -159 8 -160 -50 -134 -56 -109 -52
137 -63 187 -64 95 -64 111 -137 83 -133 64 -124 56 -125 56 -65 47 -65 25 -69 57 -64 63 -64 -2 0 -6 0 -16 0 -20 0 1 1 56 -128 -33 0 -30 -60 31 -129 -45 -191 -104 -63 -57 -63 -57 -128 -64 -192 -62 -82 -41 -61 -95 1 -89 0 -63 -192 -160 -118
160 -76 120 -135 113 -140 112 -200 107 -200 100 -200 93 -200 84 -200 88 -200 80 -200 30 -132 9 -137 0 -73 15 -72 25 -71 -54 -69 -61 -74 -72 -90 -79 -72 -88 -39 -33 -70 -104 -62 -63 -65 -57 -72 -63 -56 -72 -57 -97 -72 -121 -71 -96 -57 -82 -200 -144 -136 -116 -144
63 -80 115 -207 117 -208 116 -208 106 -208 99 -208 92 -208 82 -208 76 -208 66 -208 60 -208 52 -208 44 -208 49 -208 -15 -84 -55 -83 99 -76 92 -84 -6 -79 -41 -81 -66 -152 -39 -64 -109 -98 -55 -80 -55 -79 -56 -76 -97 -64 -104 -148 -121 -65 -65 -143 -161 -76 -102 -153
127 -147 129 -216 123 -216 114 -216 107 -216 99 -216 92 -216 98 -216 90 -216 68 -216 59 -216 52 -216 43 -216 35 -216 33 -216 20 -216 24 -216 -22 -169 -27 -216 -85 -56 -95 -106 45 -104 1 -89 -4 -90 -92 -116 -56 -216 -107 -120 -127 -87 -161 -80 -168 -79 -178 -78 -110 -216
137 -224 131 -224 123 -224 115 -224 107 -224 99 -224 91 -224 83 -224 75 -224 67 -224 59 -224 52 -224 44 -224 35 -224 27 -224 18 -224 12 -224 18 -224 -28 -87 70 -88 -81 -96 -106 -32 -16 -64 -119 -96 -97 -65 -113 -79 -84 -94 -90 -160 -128 -160 -130 -161 -104 -224 -109 -224
139 -232 131 -232 123 -232 115 -232 107 -232 100 -232 91 -232 83 -232 75 -232 67 -232 59 -232 51 -232 43 -232 35 -232 27 -232 19 -232 11 -232 -14 -152 -16 -99 -55 -167 -6 -232 -28 -232 -37 -232 -44 -232 -52 -232 -48 -232 -80 -232 -64 -232 -86 -232 -91 -232 -101 -232 -86 -232
139 -240 131 -240 123 -240 115 -240 107 -240 99 -240 91 -240 83 -240 75 -240 67 -240 59 -240 51 -240 44 -240 35 -240 28 -240 18 -240 -7 -108 -73 -103 -37 -185 -12 -240 -21 -240 -28 -240 -37 -240 -45 -240 -52 -240 -60 -239 -73 -238 -96 -183 -80 -240 -73 -176 -114 -109 -151 -175
139 -248 131 -248 123 -248 115 -248 107 -248 99 -248 91 -248 83 -248 75 -248 67 -248 59 -248 51 -248 43 -248 35 -248 27 -248 43 -136 -64 -136 11 -185 -4 -248 -13 -248 -21 -248 -29 -248 -53 -247 -25 -248 -79 -188 -57 -192 -56 -248 -91 -247 -108 -198 -124 -192 -95 -192 -109 -248
