144 191 232 120 36 191 63 130 48 120 61 120 39 125 -47 96 -1 0 41 120 -9 192 30 128 64 130 33 120 35 126 32 126 32 122 86 128 49 129 9 124 1 121 -13 130 31 129 -119 128 -64 136 -40 124 -58 128 -91 128 -88 126 -96 124 -102 123 -105 123
60 184 -6 56 100 86 39 -8 0 -1 71 114 71 119 60 115 66 118 50 120 95 120 58 120 32 121 53 111 94 119 40 116 22 121 15 121 15 112 6 113 2 112 -104 122 -63 154 -63 119 -1 56 -55 173 -14 56 -22 56 -62 120 -63 120 -101 121 -107 120
123 112 119 47 113 48 75 47 81 113 70 126 69 111 62 112 1 110 56 110 63 113 144 111 -31 112 -44 176 33 113 36 105 105 112 90 112 62 112 -14 113 -95 174 -116 176 -116 -16 -123 -16 -130 -16 -150 177 -147 -16 -214 48 -180 176 -171 -16 -183 184 -187 -16
84 104 220 105 191 104 204 106 96 104 119 100 87 105 160 100 66 104 80 104 82 96 90 105 40 96 66 105 16 120 70 39 -16 104 -74 167 -57 105 -87 40 -96 168 -38 41 -114 -24 -183 40 -192 40 -139 -24 -147 -24 -155 -24 -161 -24 -171 -24 -178 -24 -186 -24
144 96 -8 32 78 96 77 95 160 96 121 98 80 102 72 95 104 90 88 88 -15 96 -37 86 20 96 26 96 -48 160 -71 160 -65 144 -135 32 -68 32 -103 96 -99 -32 -168 32 -115 -32 -183 31 -132 -32 -138 -32 -147 -32 -157 -32 -163 -32 -172 -32 -178 -32 -188 -32
52 152 54 -40 -15 24 40 -40 111 88 8 88 62 89 105 96 100 80 151 87 -15 48 36 87 42 90 -41 64 -51 -40 -63 153 -76 151 -77 -40 -66 24 -143 55 -99 -40 -106 -40 -114 -40 -121 -40 -24 56 -141 -40 -146 -40 -52 56 -163 -40 -170 -40 -179 -40 -186 -40
168 82 131 0 154 48 55 78 96 81 9 82 105 79 97 80 97 72 -7 143 60 80 -12 80 18 74 -50 145 -86 -44 -61 -48 -67 -48 -75 -48 -144 46 -56 80 -151 47 -105 -48 -114 -48 -184 40 -16 47 -137 -48 -147 -48 -154 -48 -163 -48 -168 -48 -181 -48 -186 -48
126 80 160 72 112 7 39 -56 89 72 88 72 104 70 16 64 0 72 47 73 13 64 -11 76 -95 4 -103 5 -85 -50 9 -8 -66 -56 -75 -56 -84 -56 -89 -56 -97 26 -39 -9 -33 73 -46 70 -71 72 -76 71 -130 65 -215 7 -186 140 -104 78 -85 64 -56 7
93 64 217 64 47 129 90 92 183 54 121 72 115 57 167 64 6 64 4 60 7 64 -63 -62 33 0 -44 -64 -18 63 -103 128 0 -1 39 65 33 64 -70 69 -97 -64 -91 65 -105 129 -57 96 -43 64 -57 66 -208 -4 -215 -1 -108 28 -118 91 -16 66 -88 66
76 56 66 55 111 -8 23 48 121 55 121 47 80 56 9 119 46 50 -71 -10 -51 -64 -19 25 -31 56 -85 121 57 27 8 31 1 55 -59 20 -73 123 -151 -8 13 24 -106 -72 -114 -72 -182 -8 -190 -8 -198 -8 -146 -72 -100 24 -111 22 -230 -8 -239 -8 -221 137
190 -16 101 -32 114 -17 105 48 119 48 24 48 16 48 0 -2 13 51 7 47 39 49 60 46 32 46 49 40 -39 115 -120 -19 -33 48 -134 -16 -25 15 -39 16 -47 15 -106 -80 -2 15 -22 16 -80 16 -84 12 -96 13 12 -8 -100 21 -97 17 -127 16 -135 16
196 -9 56 -88 122 44 40 42 152 40 112 40 -1 105 28 41 -40 -86 55 40 71 43 117 40 79 40 -87 98 -111 -24 0 -2 69 8 -20 8 -32 24 -39 25 -48 24 -40 -25 12 0 -71 8 -76 8 -85 7 -94 9 -103 8 -111 8 -119 8 -127 8 -132 8
28 -89 44 94 103 33 120 -18 85 31 28 30 100 -8 9 -31 57 28 31 24 48 24 133 32 15 33 -42 -96 78 -14 -118 -32 -68 -96 -74 -96 -142 -33 -150 -32 1 -1 -153 -51 -47 1 -73 -8 21 0 -90 16 -146 -96 -155 -96 -163 -96 -63 3 -72 1 -80 1
129 24 120 23 112 26 38 24 17 24 37 -41 -21 -102 61 23 131 23 43 16 35 25 40 35 -54 92 -39 -40 23 -68 47 -3 53 -10 44 -10 -16 -42 75 -8 -65 7 6 -10 -112 -40 -31 24 -37 24 -47 25 -47 15 -58 19 -65 15 -75 15 -87 15 -101 16
193 17 57 16 146 8 128 14 48 16 -12 -112 -19 -104 76 15 50 16 56 17 46 80 40 -49 17 1 -104 -48 -110 -48 51 -15 2 -49 -120 82 -49 16 -138 80 33 24 -41 16 -16 16 -25 8 -32 8 -41 11 -50 9 -55 8 -64 12 -71 8 -81 8 -87 8
153 8 144 8 49 8 39 8 44 8 41 8 85 4 72 8 96 12 -23 8 -17 71 50 9 43 9 36 9 15 -1 11 0 8 9 -7 -55 -15 -56 -35 9 -3 -1 0 -2 -18 2 -24 1 -33 1 -39 4 -49 3 -56 4 -63 0 -71 0 -81 0 -86 0
127 1 155 -6 137 -1 39 -44 -3 -120 81 -1 82 0 102 0 0 -2 4 -6 0 -2 -9 -8 -3 -1 -7 8 -34 0 -3 0 1 -2 0 -1 -8 -1 -24 1 -4 2 63 0 32 -1 -24 -8 -32 -3 -43 -8 -47 -7 -48 -8 -65 -8 -72 -8 -78 -8 -83 -10
159 -17 119 -7 48 -6 0 -133 87 -8 87 -8 100 -10 9 -9 -63 -72 9 -16 -2 -8 -56 -128 -65 -129 -32 -7 28 -8 10 -10 8 -8 -8 -17 10 -9 6 -5 17 -26 -26 -9 -37 -6 -44 -8 -52 -8 -64 -7 -72 -8 -76 -6 -83 -8 -88 -6 -83 -6 -87 -9
61 -14 149 -14 61 -72 95 -15 99 -18 87 25 91 -21 9 -16 -63 -80 53 -75 69 2 -40 -16 21 -17 32 -16 19 -78 16 -18 5 -19 -75 -75 -12 -21 -3 -18 -111 -24 -41 -16 -40 -16 -49 -12 -56 -12 -60 -16 -67 -16 -80 -11 -95 -18 -77 -16 -47 -16 -92 -20
128 -20 57 40 88 -19 112 -24 33 38 103 -24 92 -24 -7 -24 48 -22 118 -89 64 37 47 -23 33 8 -41 -32 27 -21 49 -27 -79 -24 -87 -24 96 -18 16 -32 6 -34 26 -24 16 -9 -56 -8 -52 -27 -72 -8 -47 -23 -40 -24 -35 -24 -9 -24 -49 -25 -31 -28
63 -32 52 -88 112 -34 75 -32 81 -33 73 -31 64 -32 24 -25 64 -31 90 -32 149 -31 88 -33 58 -33 57 -39 -49 -160 -48 36 0 8 28 -44 4 -32 82 -32 47 -32 -55 -31 -40 -30 17 -31 -129 -80 -65 -36 -72 -35 -169 -16 -110 -14 -53 -64 -169 -103 -96 -34
27 -168 69 -40 55 26 123 -40 162 -105 129 -48 80 22 7 -167 91 -41 -9 -42 48 -103 -16 -40 72 -39 -39 -73 8 -41 -6 -39 15 -40 23 -39 -82 -168 -25 -44 -158 -104 -69 -40 -112 -168 -61 -122 -56 -128 -72 -45 -160 -39 -152 -103 -32 -119 -183 -40 -123 -39 -47 -40
139 -47 111 -48 -15 -112 200 -47 96 8 88 -42 79 16 64 -40 136 -32 57 -56 56 -51 58 -48 51 -32 47 -48 -41 -56 28 -32 15 -47 28 -59 58 -48 -24 -38 -98 -176 -85 -58 -114 -76 -8 -49 -128 -112 -135 12 -73 -52 -163 16 -224 -112 -80 -48 -63 -48 -116 -48
141 -54 105 -37 48 -112 85 -135 97 -120 71 -56 -45 -119 9 -122 76 -55 -1 9 31 -56 103 -121 21 -2 12 -2 0 -2 -4 -3 -20 1 66 -56 -25 -4 16 -58 -40 -133 17 -57 -40 -56 -49 -56 -128 6 -81 -55 -207 -121 -214 -121 -88 -56 -56 -57 -118 -56 -125 -56
131 -66 57 -64 -16 -131 3 -187 30 -192 12 0 7 0 26 -66 77 -64 49 -65 41 -64 151 -72 27 -1 7 -2 1 -8 3 -8 0 -2 -6 -130 -53 -8 -89 -188 -99 -191 -104 -192 -79 -128 -166 -129 -114 -128 -199 -129 -206 -128 -88 -64 -80 -2 -104 -62 -176 -56 -176 -64
64 -72 51 -200 46 -200 88 -106 81 -104 22 -200 14 -200 -54 -137 -62 -137 16 -72 -4 -137 -3 -72 -18 -72 32 -68 28 -72 16 -73 96 -72 -17 -73 69 -73 -39 -71 -95 -12 -32 -72 -113 -7 -104 -140 -65 -138 -65 -165 -143 -136 -137 -72 -144 -81 -159 -7 -144 -72 -247 -140
17 -15 -6 -145 44 -208 88 -114 79 -113 131 -112 120 -110 141 -129 50 -112 44 -112 33 -113 -86 -144 -54 -12 -10 -80 10 -82 -5 -80 8 -82 -7 -81 -95 -88 -16 -76 -96 -78 -136 -208 -49 -84 -63 -89 -56 -80 -64 -80 -141 -111 -87 -160 -143 -83 -232 -148 -167 -81 -216 -200
2 -153 153 -120 157 -121 91 -121 84 -121 74 -120 66 -119 89 -129 48 -104 41 -120 37 -120 28 -120 19 -120 16 -121 -111 -153 -101 -23 -68 -24 -76 -24 -143 -154 -89 -216 -33 -155 -33 -89 -65 -87 -66 -88 -63 -89 -183 -25 -80 -81 -88 -168 -104 -88 -84 -96 -112 -104 -174 -88
119 -129 111 -128 103 -128 95 -128 88 -128 79 -128 71 -129 -54 -160 -2 -224 47 -129 44 -128 34 -128 21 -129 14 -129 5 -129 -4 -129 -8 -128 -73 -224 -80 -224 -19 -96 -95 -96 56 -96 -52 -32 -55 -29 -191 -160 -40 -122 -208 -162 -215 -161 -88 -96 -93 -94 -100 -96 -247 -160
119 -136 113 -136 102 -136 94 -136 86 -136 78 -136 71 -136 63 -136 55 -136 48 -136 39 -136 32 -136 23 -136 15 -136 7 -136 -1 -136 -9 -136 -15 -137 -48 -112 -91 -39 -159 -170 -168 -168 -113 -232 -88 -104 -127 -105 -23 -72 -145 -152 -200 -40 -224 -169 -230 -168 -182 -231 -135 -134
119 -144 111 -144 103 -144 95 -144 87 -144 79 -144 71 -144 63 -144 55 -144 48 -144 40 -144 32 -144 25 -144 15 -144 7 -144 -1 -144 -15 -129 -72 -174 -25 -112 -114 -44 -47 -145 -51 -145 -59 -145 -62 -144 -79 -144 -74 -144 -95 -144 -103 -144 -162 -240 -169 -240 -55 -146 -184 -240
119 -152 111 -152 103 -152 95 -152 81 -137 73 -137 71 -152 57 -137 49 -137 41 -137 39 -152 32 -152 22 -152 16 -152 1 -137 -1 -152 -64 -184 -39 -121 -143 -184 -33 -152 -41 -152 -49 -153 -57 -152 -61 -151 -78 -152 -90 -159 -146 -247 -215 -185 -161 -248 -168 -247 -137 -127 -170 -56
