161 125 169 124 140 155 64 128 62 129 49 127 31 127 51 129 38 132 69 127 56 136 5 127 33 132 -8 128 15 129 15 131 -6 133 -10 130 -78 160 -93 129 -93 125 37 127 23 128 27 132 7 132 -141 129 -80 128 -134 65 -145 127 -135 64 -115 129 -123 129
156 154 56 54 112 56 81 57 81 122 39 121 30 130 58 120 40 128 38 128 46 120 39 135 -47 118 -55 120 -49 120 95 104 50 124 97 128 -85 121 13 113 16 118 64 125 -84 114 -89 120 -60 121 -137 120 -15 105 -90 135 -93 121 -103 117 -115 121 -130 120
88 45 119 48 112 48 105 49 82 112 39 121 34 120 105 14 0 112 -10 95 47 127 -33 110 96 96 104 118 28 112 -54 112 -64 112 41 108 32 108 85 96 35 117 -70 112 -94 120 -131 177 -25 118 21 119 -54 149 -61 149 -40 48 -137 114 -127 113 -136 113
96 105 157 97 49 103 188 89 86 113 137 86 35 104 -7 105 63 105 51 108 47 104 51 104 0 120 17 107 16 121 -56 105 21 120 3 103 -52 104 -60 104 -79 116 -63 41 -28 33 -76 36 -87 42 -70 36 -80 37 -88 40 -95 38 -104 40 -111 39 -119 38
111 113 121 17 75 95 101 92 22 96 24 97 80 96 -56 96 127 33 90 100 130 95 40 95 31 95 -8 96 -48 89 -54 96 -63 87 -33 31 -15 27 -27 95 -79 38 -37 47 -47 29 -36 24 -47 17 -95 31 -61 23 -87 28 -75 25 -104 32 -112 30 -120 32
81 88 119 21 114 20 73 23 104 95 22 86 72 86 10 88 97 87 -8 88 9 92 7 88 34 88 31 88 -7 23 -10 40 -8 80 -8 24 17 24 -57 103 -54 24 -20 16 -47 21 -56 24 -63 24 -71 21 -79 24 -88 24 -95 22 -104 24 -111 23 -120 24
97 96 120 13 111 16 135 16 96 80 81 87 80 81 11 76 160 65 48 112 1 80 29 79 -4 79 -16 82 -8 15 -15 16 -23 16 -32 11 -39 13 -41 80 -56 17 -39 12 -31 2 -55 12 -63 14 -72 13 -79 16 -88 16 -95 15 -103 13 -111 16 -120 16
112 68 113 75 110 6 135 9 97 70 94 82 148 7 184 73 99 69 10 8 8 72 72 -22 8 71 -18 13 -9 5 9 8 -23 8 -29 6 -40 8 -23 8 -81 16 -31 0 -96 72 -75 64 -93 9 -96 2 -112 8 -110 2 -64 8 -106 73 -118 73 -127 75
95 64 55 63 73 63 81 56 164 61 88 80 112 64 10 60 31 81 33 63 29 64 0 0 9 0 41 -15 -8 72 -11 80 1 -1 -6 67 -17 65 -55 0 0 0 -85 64 -95 66 -56 64 -64 64 -73 65 -102 -4 -88 0 -96 0 -101 64 -15 64 -22 67
96 70 136 56 83 -7 103 57 33 54 24 55 129 55 136 -7 55 56 14 -14 24 -10 71 -8 -40 63 -48 20 16 -8 8 -8 -5 60 -12 56 -16 56 -60 -8 -32 -9 -9 -34 -41 -15 -24 -6 -192 135 -104 33 -65 -22 -88 -9 -96 -9 -72 -6 -139 57 -149 22
125 64 71 -9 114 -17 64 46 164 -17 153 38 18 48 23 -16 42 47 25 -16 43 49 -39 57 -16 56 16 39 -8 -13 -20 -16 -23 47 24 -50 -17 -17 -24 -16 -31 -17 -39 -19 -48 -16 -56 -16 -63 -17 -72 -16 -80 -16 -88 -17 -96 -16 -103 -16 -112 -16 -120 -16
138 -8 88 -24 113 40 120 72 129 39 23 40 40 40 48 42 45 40 5 41 49 41 -24 40 127 32 89 -23 15 -25 8 -25 1 -24 -8 -24 -16 -24 -24 -24 -32 -24 -40 -23 -48 -24 -56 -24 -64 -24 -72 -24 -79 -25 -88 -24 -96 -24 -104 -24 -112 -24 -120 -24
128 -31 106 32 108 32 103 -33 71 -34 88 58 80 -32 26 -33 47 32 -9 13 57 39 53 32 0 -1 23 -34 16 -33 10 -32 -64 -32 -7 -34 -37 -36 -49 -36 -32 -32 -8 -64 -48 -32 -56 -32 -64 -33 -72 -32 -79 -33 -88 -33 -96 -32 -104 -32 -112 -32 -120 -32
79 24 91 36 113 32 103 40 35 22 37 -40 105 -44 48 24 57 27 45 23 16 28 59 28 -13 24 -9 -38 16 -38 8 -40 0 -40 -8 -40 -16 -40 -24 -40 -32 -41 -39 -40 -47 -39 -62 26 -70 27 -79 27 -87 27 -95 27 -103 27 -135 -39 -136 -36 -150 -39
177 13 120 32 190 16 191 13 88 48 47 -52 61 -53 68 17 41 16 54 17 46 32 42 -16 32 -49 1 13 16 -49 6 -51 2 -49 -73 -15 -35 25 -91 -15 -80 16 -58 22 -47 17 -136 16 -132 18 32 14 9 0 -16 17 0 2 -11 17 -40 13 -48 15
60 44 48 -56 224 8 32 15 76 8 57 -56 75 9 65 7 64 26 151 1 115 -55 48 39 -16 8 1 -1 -15 -54 -23 -55 59 -55 -38 -56 -47 -56 -56 -56 -34 11 -111 4 -38 10 -129 8 0 7 9 6 -10 6 18 8 2 8 -9 -7 -48 8 -64 8
195 -65 151 4 49 -2 72 14 44 -54 63 7 84 0 -1 0 1 -2 22 0 32 0 1 -1 -2 0 -2 0 -1 -1 -14 0 -2 -1 -3 -2 -10 -1 -91 0 56 0 -105 -4 -120 0 -125 0 26 -2 -141 -1 -1 -1 -156 1 0 0 -32 -4 -40 0 -32 -7
65 -8 216 -4 216 -7 79 -74 80 -4 96 -1 81 9 7 -7 43 -10 32 -8 32 -8 18 -72 9 -70 -7 -72 13 -7 11 -8 3 -8 -7 -11 -13 -8 -96 -8 -102 -1 -30 -2 -49 -10 -63 1 -56 -1 -64 -1 -68 -9 -80 -2 -176 9 -169 -3 -46 -8 -8 -16
186 -24 57 -16 47 -78 85 -9 88 -15 88 0 91 -12 40 -16 62 -84 88 -78 41 -16 36 -15 -13 -7 -25 -17 0 -1 0 -2 -2 -16 -32 -18 -98 0 -16 -9 -17 -15 -77 -1 -96 -7 -104 -8 -116 -15 -75 -16 -83 -17 -127 -19 -107 -17 -167 -18 -192 -16 -200 -6
196 -24 184 -88 95 -20 95 -23 81 -1 85 -23 49 -25 65 -22 34 -92 -8 8 93 -26 -87 -24 21 -24 24 -7 15 -24 0 -2 1 -28 -16 -22 -78 8 25 -41 -99 -23 -109 -23 -64 -8 -87 -25 -102 -25 -107 -24 -81 -24 -91 -23 -167 -26 -175 -24 -111 -25 -111 -25
71 -38 87 -96 112 -32 105 -32 128 -98 62 -32 60 -32 38 -32 63 -31 -9 -30 97 -34 38 -16 32 -28 101 -47 -7 -33 -31 -32 0 -2 3 -30 33 -28 -89 -32 29 -28 -68 -37 -48 -33 -130 -32 -103 -32 -67 -34 -87 -24 -94 -32 -97 -32 -104 -97 -114 -34 -183 -35
96 -26 71 -30 114 -39 103 -39 33 -8 152 -54 82 -21 104 -136 159 -45 -6 8 30 -26 23 -25 -32 -46 -54 -23 6 -39 -45 -93 -2 -40 65 -42 -80 -57 -104 -41 0 -137 -63 -40 -16 -135 -55 -105 -113 -96 -85 -38 -70 -36 -121 -40 -223 -100 -154 -40 -145 -40 -199 -42
113 -48 153 -143 119 -118 41 -49 79 7 22 -9 80 12 57 -47 -1 -54 21 -48 -1 -48 32 -48 33 -48 -7 -49 91 -108 5 -45 -16 -49 -76 -48 -18 -32 -60 -48 -31 -112 -85 -49 -71 -39 -41 -31 -33 -112 -61 -43 -111 -49 -119 -81 -142 -48 -135 -49 -114 -48 -120 -48
90 -57 68 -54 104 -63 99 -64 -14 -120 57 -88 15 -73 109 -150 13 -47 54 -56 17 -55 -23 -57 77 -59 70 -59 62 -60 85 -72 45 -71 57 -73 29 -60 16 -54 -31 -119 -41 -55 -49 -55 -107 -56 -99 -41 -122 -56 -131 -120 -162 -183 -127 -57 -8 -64 -119 -56 -131 -60
126 -60 55 -68 62 -120 122 -145 72 -60 65 -65 30 -64 64 -65 23 -66 42 -60 36 -64 87 -67 27 -1 19 -1 65 -68 2 -2 0 -2 -26 -128 -51 -5 -32 -68 -31 -128 -65 -64 -51 -65 -100 -58 -95 -128 -199 -128 -80 -129 -104 -128 -93 -61 -103 -64 -112 -65 -157 -65
63 -79 71 -128 111 -137 104 -136 96 -137 88 -137 81 -140 52 -137 97 -169 35 -73 27 -73 11 -77 -32 -90 -37 -91 -51 -66 -55 -72 113 -71 -44 -72 68 -73 8 -136 -87 -64 -89 -73 -90 -71 -21 -106 -65 -137 -100 -136 -98 -134 -73 -68 -45 -67 -95 -65 -112 -40 -158 -136
95 -112 97 -145 112 -145 105 -144 96 -145 89 -145 81 -145 72 -145 64 -144 56 -144 49 -145 48 -152 64 -144 8 -64 -3 -80 -14 -84 -5 -81 -4 -82 -6 -74 -63 -82 -73 -80 -72 -112 -101 -78 -105 -80 -67 -79 -76 -79 -129 -136 -89 -152 -111 -79 -126 -147 -81 -145 -152 -145
97 -151 119 -151 112 -152 104 -152 96 -152 88 -152 80 -152 72 -152 64 -152 56 -152 48 -152 40 -152 32 -152 24 -152 48 -184 -15 -88 7 -79 8 -86 -50 -87 8 -150 -33 -152 -43 -87 -70 -90 -87 -89 -71 -89 -89 -73 -89 -87 -91 -152 -126 -72 -110 -87 -118 -88 -167 -144
128 -160 120 -160 112 -160 104 -160 96 -160 88 -160 81 -161 72 -161 63 -161 56 -160 49 -160 40 -160 32 -160 24 -160 16 -160 8 -160 0 -160 -7 -161 -49 -160 -29 -94 -32 -96 -100 -102 28 -112 -1 -113 -33 -195 -72 -160 -121 -157 -111 -96 -84 -97 -96 -89 -104 -89 -247 -156
128 -168 120 -168 112 -168 104 -168 96 -168 88 -168 80 -168 72 -168 64 -168 56 -168 48 -168 40 -168 32 -168 24 -168 16 -168 8 -168 0 -169 -7 -169 -31 -105 -65 -104 -84 -157 -69 -137 -8 -97 48 -97 -72 -100 -74 -103 -112 -168 -137 -104 -116 -102 -71 -199 -96 -185 -120 -168
128 -176 120 -176 112 -176 104 -176 96 -176 88 -176 80 -176 72 -176 64 -176 56 -176 48 -176 40 -176 32 -176 24 -176 16 -176 8 -176 0 -176 -38 -176 -66 -112 -15 -184 -32 -176 -40 -177 -48 -177 -56 -176 -64 -176 -71 -177 -80 -176 -88 -176 -96 -177 -104 -176 -112 -176 -152 -176
128 -184 120 -184 112 -184 104 -184 96 -184 88 -184 80 -184 72 -184 64 -184 56 -184 48 -184 40 -184 32 -184 24 -184 16 -184 8 -184 -31 -184 -47 -121 -9 -190 -24 -185 -32 -184 -40 -184 -48 -184 -56 -184 -64 -184 -72 -184 -79 -184 -86 -188 -95 -184 -110 -196 -160 -112 -126 -118
