60 128 151 126 49 128 48 126 51 128 37 128 36 136 20 77 96 33 -8 130 -8 192 -9 129 32 126 22 140 13 128 8 128 2 128 -13 128 -16 128 -22 127 41 130 39 111 50 128 -11 128 32 128 7 128 -8 65 -86 97 -126 66 -134 64 -130 144 -124 128
62 124 75 184 111 55 81 55 151 17 36 120 32 116 23 65 32 128 29 129 40 120 43 119 144 120 102 120 120 118 45 112 54 120 107 117 17 112 9 111 0 117 -103 121 -73 113 -106 116 -63 123 29 118 -147 118 -69 136 -89 121 -95 124 -103 124 -111 124
90 121 97 50 112 48 74 48 127 46 38 48 48 112 24 54 67 111 -8 104 39 112 40 114 -35 113 -37 111 29 111 73 111 103 110 23 110 16 110 -84 110 -93 112 -9 9 -80 112 -100 176 -80 176 -85 175 -96 176 -161 113 -160 48 -146 112 -146 112 -153 112
86 104 176 104 144 101 151 104 105 104 118 96 17 105 91 106 75 108 54 104 52 105 108 99 -24 105 16 105 33 103 73 104 67 41 59 41 -53 104 -23 137 -70 40 -70 39 -52 24 -61 27 -46 30 -77 27 -89 28 24 24 -95 38 -24 8 -111 38 -119 38
112 112 120 31 145 33 73 95 169 92 178 97 33 99 -56 96 131 93 -8 96 -15 96 48 96 39 101 35 102 -49 88 -41 160 -67 100 -32 31 -1 2 -76 96 -14 16 -167 31 0 1 -39 21 -63 24 -95 31 -21 16 -67 26 -104 20 -24 16 -111 30 -121 30
77 96 122 56 104 12 97 12 104 91 154 25 49 88 8 120 167 88 88 88 -21 -40 49 92 40 90 31 88 -16 22 -29 95 -37 100 8 12 16 24 -152 57 -39 9 -23 16 16 0 -64 12 0 8 -51 16 16 0 -67 18 -20 8 -83 18 -92 16 -98 18
196 17 93 19 133 9 97 7 103 83 95 76 79 79 168 80 105 72 -72 80 5 75 -2 80 -13 79 0 80 -7 12 -15 16 -25 15 -37 12 -39 15 8 16 -56 13 -45 0 17 0 -61 3 -1 2 -52 10 0 0 -68 7 0 0 -84 7 -112 14 -120 15
77 80 136 88 108 71 104 8 89 71 155 9 156 50 8 72 0 72 17 80 -2 80 -7 80 -15 80 -17 2 -36 19 -24 8 -23 9 -24 -8 0 1 -28 -7 -80 16 -55 -7 -96 78 -75 62 -103 80 -111 10 -107 3 -111 7 -65 8 -112 72 -117 71 -125 72
158 -9 121 62 113 79 103 -1 31 66 25 64 121 62 183 66 64 31 8 72 -1 68 1 1 0 1 0 1 -15 64 -43 64 0 1 -72 63 -32 84 -18 -64 -1 1 -79 64 -97 64 -48 70 -55 68 -64 68 -102 2 -89 -1 -103 -10 -92 63 -64 64 -42 65
94 24 71 56 75 57 89 53 96 56 184 57 131 56 -56 56 14 64 91 -48 15 -8 10 -8 -16 119 -104 0 9 -24 8 -7 -1 57 0 60 -54 54 -9 -24 -32 -9 -22 -24 -48 -9 -29 7 -57 8 -73 24 -81 -9 -88 -9 -96 -9 -104 -9 -104 8 -86 -5
176 64 87 15 86 -14 100 50 176 31 25 48 19 47 18 -4 16 53 16 -18 47 47 105 -15 23 47 24 48 31 -80 -34 -20 31 -14 -9 -17 -16 -17 -24 -17 -32 -17 -40 -17 -48 -17 -56 -18 -64 -17 -72 -17 -80 -16 -88 -16 -96 -16 -104 -17 -112 -17 -120 -17
127 -24 121 -25 119 39 42 40 33 40 88 81 16 -24 21 -12 37 -28 53 40 51 40 112 41 88 42 0 1 15 -24 7 -23 47 -55 -8 -25 -16 -25 -24 -23 -31 -25 -69 -25 -48 -25 -56 -24 -64 -24 -72 -25 -80 -24 -88 -24 -96 -25 -104 -25 -112 -25 -120 -25
124 -48 152 -48 103 32 102 -32 65 -31 -40 32 79 -30 35 39 16 39 12 32 4 33 40 33 33 57 23 -33 16 -33 8 -33 0 1 -8 -33 16 -63 -9 -46 -16 -62 -38 -38 -48 -33 -56 -32 -64 -32 -72 -32 -80 -33 -88 -32 -96 -34 -104 -34 -112 -33 -120 -33
128 25 126 32 144 41 39 24 32 24 39 -40 51 -43 104 -41 129 -39 41 24 43 23 32 23 41 -24 22 23 -17 -41 8 -42 -1 -39 -7 -40 -16 -38 23 -72 15 -72 -40 -42 -57 25 -57 26 22 22 -72 26 -77 25 -88 25 -96 24 -104 24 -113 23 -121 23
0 2 57 16 216 14 141 13 63 -16 49 -48 110 -57 64 18 7 18 57 14 80 14 23 31 1 -48 12 -64 16 -48 7 -49 -1 1 -10 -49 16 -46 9 -80 -68 -32 -41 16 61 2 40 16 -32 10 -40 12 -50 12 -57 14 -64 13 -9 7 -7 16 -89 14
127 10 147 4 47 10 41 8 127 -58 48 -62 68 10 69 10 125 -58 -7 8 7 8 49 11 -6 6 -29 8 -31 8 17 12 8 12 -25 -1 -23 8 -26 8 60 9 55 7 -19 4 -24 8 33 0 -40 8 -49 4 -56 3 -64 3 -73 4 -80 3 -83 3
175 -16 149 -4 137 -1 39 -62 80 -70 79 1 81 1 151 -17 0 2 19 0 -1 1 13 0 64 -64 -28 -55 -1 1 0 0 -1 1 -1 1 -6 -1 68 0 0 0 24 1 17 0 -10 0 3 1 -14 0 -14 0 -7 -15 0 1 -72 -1 -16 -18 -88 -4
231 -10 154 -2 -16 -8 79 -76 91 -8 79 -8 91 -8 138 -70 79 -88 88 -71 -1 0 1 0 -13 0 -25 -8 -26 -9 9 -8 12 -6 -53 -6 55 -7 58 -6 -24 -7 -86 -10 -39 -8 -46 -8 -55 -4 -115 -7 -72 -4 -79 -4 -86 -3 -105 -6 -55 -8 -38 -8
64 -16 57 -18 73 -80 100 -16 96 -15 24 -78 77 -18 55 -3 43 -76 52 -29 79 -24 -23 -16 25 -16 23 -4 12 -16 32 -18 -1 1 -58 -11 -13 -18 -24 -15 -16 -16 -39 -17 -48 -16 -46 -12 -55 -13 -63 -15 -132 -10 -99 -16 -94 -15 -73 -13 -91 -16 -33 -18
166 -28 55 -88 85 -16 94 -24 -32 -57 78 -24 38 -24 30 -24 49 -22 149 -24 63 36 58 -22 33 -27 56 -26 1 -24 72 -23 -12 -4 -2 -24 -83 -22 80 -20 0 -26 16 -87 -112 -22 -1 -39 -107 -24 -58 -20 -20 -8 -133 40 -175 -11 -151 39 -184 -24 -16 -23
0 2 152 -97 120 -30 95 -33 96 -33 87 -33 81 -32 103 -96 63 -29 -10 -30 84 -94 77 -94 108 -52 84 -32 -24 -88 39 -128 0 0 24 -32 65 -48 -88 -40 -69 -31 -37 -33 -13 -94 -22 -94 -32 -129 -64 -30 -68 -32 -87 -1 -81 -110 -102 -48 -113 -33 -17 -31
63 -102 138 -122 77 -39 89 -41 29 -40 151 -39 77 20 89 -74 129 -40 128 -103 48 -40 36 -40 24 -32 35 -35 16 -25 9 -41 0 0 88 -56 -16 -56 -40 -40 17 -75 -48 -40 -41 -168 -73 -24 -80 -40 -56 -41 -91 -39 -80 -38 -97 -54 -97 -31 -81 -32 -176 24
133 -47 111 -50 103 -47 87 -176 81 16 117 -112 137 -46 22 16 7 -46 46 -47 60 -48 30 -33 -48 -7 -43 -48 48 -48 40 -56 38 -58 89 -49 16 -50 -32 -32 -31 -112 -45 -48 -63 -49 -67 -48 -113 -40 -81 -48 -119 -47 -126 -40 -95 -7 -165 -48 -102 -45 -103 -48
137 -52 168 -74 67 -50 121 -137 127 -121 44 -56 29 -57 80 -52 75 -54 88 -120 11 -48 144 -56 -4 0 -6 0 -11 0 -4 0 18 2 25 -118 0 0 -38 -56 -2 -120 -9 -122 -112 -8 26 -124 -31 -161 -199 -121 -44 -144 -89 -72 -164 -60 -81 -41 -148 -60 -112 -57
127 -62 80 -63 129 -144 103 -129 95 -129 88 -129 98 -143 52 -130 94 -130 26 -64 21 -64 1 1 -35 -59 107 -61 97 -62 86 -63 0 0 71 -60 -34 0 -55 -64 -52 -192 -48 -65 -37 16 -37 -98 -65 -128 -74 -129 -79 -81 -31 -61 -128 1 -64 -64 -151 -56 -171 -120
64 -70 97 -137 130 -142 104 -137 96 -137 88 -137 80 -137 72 -137 64 -137 56 -137 48 -137 71 -134 63 -135 -6 -72 -32 -68 20 -71 0 -60 4 -72 -8 -76 -8 -71 -25 -79 -104 -136 -66 -58 -64 -72 -70 -70 -65 -73 -103 -140 -75 -151 -145 -73 -103 -140 -163 -70 -142 -140
77 -74 97 -153 111 -145 104 -145 96 -144 88 -145 80 -145 72 -144 64 -145 56 -145 48 -145 40 -145 32 -145 24 -145 48 -144 -32 -80 14 -81 -88 -66 -37 -81 11 -141 -33 -144 -45 -79 -85 -83 -65 -80 -65 -67 -116 -80 -80 -96 -132 -136 -103 -81 -109 -81 -118 -80 -104 -159
128 -153 120 -153 112 -153 104 -153 96 -153 88 -153 80 -153 72 -152 63 -153 56 -153 48 -153 41 -154 32 -152 24 -153 16 -153 8 -152 0 -153 -8 -153 -50 -151 -29 -87 -23 -89 -8 -96 -16 -95 -121 -87 -65 -119 -45 -111 -48 -183 -135 -87 -16 -84 -44 -154 -39 -151 -120 -153
128 -160 120 -161 112 -161 104 -161 96 -161 88 -161 80 -161 72 -161 64 -161 56 -161 48 -161 40 -161 32 -161 24 -161 16 -161 8 -161 0 -161 -8 -161 -41 -87 -60 -100 -81 -153 -35 -144 -85 -31 0 -165 -65 -96 -73 -97 -87 -97 -117 -165 -72 -184 -73 -158 -113 -160 -120 -161
128 -169 120 -169 112 -169 104 -169 96 -169 88 -169 80 -169 72 -169 64 -169 56 -169 48 -169 40 -169 32 -169 24 -169 16 -169 8 -169 1 -169 -57 -105 -23 -104 -41 -184 -32 -169 -40 -169 -48 -169 -56 -169 -64 -168 -72 -169 -81 -169 -88 -169 -96 -169 -105 -168 -112 -168 -141 -179
128 -177 120 -177 112 -177 104 -177 96 -177 88 -177 80 -177 72 -177 64 -177 56 -177 48 -177 40 -177 32 -177 24 -177 16 -177 8 -177 -12 -122 -47 -113 -17 -177 -24 -177 -32 -177 -40 -177 -48 -177 -56 -176 -64 -177 -72 -176 -84 -191 -69 -184 -119 -176 -73 -176 -121 -120 -169 -112
128 -185 120 -185 112 -185 104 -185 96 -185 88 -185 80 -185 72 -185 64 -185 56 -185 48 -185 40 -185 32 -185 24 -185 16 -184 -29 -112 -51 -112 -8 -185 -16 -185 -24 -185 -32 -184 -40 -184 0 -214 -63 -197 -43 -192 -72 -186 -80 -185 -97 -191 -120 -192 -155 -176 -96 -198 -121 -186
