224 107 207 111 46 132 60 128 50 132 96 131 89 129 27 132 0 1 64 132 35 136 49 131 32 129 18 128 24 128 27 127 17 144 16 128 18 118 40 64 -96 159 -14 136 -8 127 -119 127 -17 128 -10 64 -139 101 -141 65 -103 128 -116 130 -104 129 -112 128
82 184 52 -7 135 76 128 90 127 31 41 119 70 118 66 118 60 121 57 119 57 119 55 119 53 120 25 120 47 111 66 122 32 119 -8 119 43 58 63 103 79 113 -95 185 -85 122 -67 120 1 59 -40 114 -83 183 -85 119 -91 118 -96 118 -105 124 -112 124
129 129 89 80 111 49 74 48 78 112 77 111 64 112 60 112 118 113 71 113 55 113 95 112 -31 111 -32 176 19 107 71 104 96 97 94 112 91 113 50 116 -89 176 -75 112 -112 -16 -85 112 -112 176 -111 177 -193 176 -133 176 -133 113 -136 112 -178 -14 -186 -15
87 104 165 105 186 104 149 105 111 100 198 104 18 105 94 106 63 104 121 -24 168 105 105 111 25 104 25 105 32 104 121 104 -56 104 -58 104 -41 104 -16 108 -64 113 -70 39 -32 55 -32 70 -39 68 -47 72 -55 74 -34 58 -46 72 -60 73 -66 74 -75 73
111 111 120 31 46 -32 72 96 160 96 153 95 78 96 137 29 128 30 -9 97 -15 96 45 96 42 93 21 97 -39 160 -56 -32 -47 159 15 64 -17 32 -31 88 -9 65 -109 -32 3 64 -32 62 -48 64 -48 62 -55 64 -41 64 -53 66 -51 48 -68 66 -72 48
115 107 122 56 144 55 128 57 104 88 8 88 50 88 8 88 95 88 -7 120 23 88 33 87 39 85 -39 31 20 64 77 -9 -37 88 20 55 -12 11 -152 56 -9 55 -34 57 -23 57 -32 57 -37 57 -17 56 -36 56 -38 56 -53 56 -55 36 -68 57 -74 57
138 80 96 18 159 48 100 2 110 80 91 81 80 80 188 64 178 80 -72 66 41 81 -4 80 41 84 -103 15 0 7 36 47 -16 0 13 47 9 48 -61 81 -1 2 -16 49 -25 47 -32 50 -17 49 -17 48 -53 48 -45 51 -47 31 -76 50 -53 31 -76 50
79 79 201 73 104 73 104 8 97 71 103 74 184 64 8 72 1 72 47 73 0 72 -11 76 -7 72 45 38 -28 8 0 1 24 39 -8 -8 8 40 8 40 -159 41 -39 8 -33 72 -47 71 -69 71 -80 69 -47 -18 -157 -54 -65 8 -105 72 -111 72 -119 71
86 66 130 65 71 65 87 -15 34 64 25 64 112 62 102 64 45 60 7 64 7 65 71 -32 19 65 55 -16 -21 65 -26 64 0 1 -69 62 52 72 -65 65 -1 1 -95 61 -101 130 -48 70 -48 65 -57 63 -65 -11 -56 16 -48 15 -154 64 -49 65 -51 66
69 4 88 72 89 56 95 57 97 56 205 40 160 40 -56 56 63 49 -12 -72 -23 -67 32 56 -29 55 -42 -70 64 24 7 -7 1 55 -1 60 -55 56 -20 8 14 24 -36 28 -65 24 -56 28 -69 24 -73 24 9 14 -17 15 6 14 -121 39 -105 8 -111 7
178 49 86 48 113 -14 103 48 207 31 25 48 17 48 23 53 12 52 3 47 49 48 60 47 33 47 86 -16 -18 48 37 -35 1 1 -19 16 89 8 80 8 43 8 -60 16 0 1 -9 16 0 1 0 1 2 -5 -41 16 1 8 -72 0 -40 8 -48 -2
207 -8 113 -36 64 32 42 40 29 44 175 41 12 -87 31 41 0 -87 58 40 113 -25 104 41 96 43 -103 -21 36 -7 9 -25 -1 -23 60 -8 68 0 -25 -24 -32 -26 -39 -21 33 -8 25 -12 32 -8 -1 1 17 1 -1 1 -27 -10 -3 1 -37 0 -48 -8
110 -38 149 -50 112 32 103 -33 83 34 33 26 79 -31 63 32 59 33 55 28 -1 32 104 33 0 1 51 -14 131 -17 35 -13 0 1 37 -16 0 1 0 1 0 1 -57 0 2 0 -57 -32 -65 -32 -73 -33 0 1 -37 -1 -47 0 -57 0 -64 0 -73 0
193 -40 118 25 222 40 39 24 31 24 43 -41 112 -72 61 23 1 23 47 21 41 23 39 36 27 -8 -24 28 -33 -33 51 -7 40 -1 -7 -41 -17 -39 -24 -39 -33 -39 -47 -55 -49 25 5 -40 -29 15 -35 14 9 24 -55 15 4 40 -40 -40 -112 25 -119 25
208 18 57 16 200 -4 185 1 42 11 70 -64 70 14 -8 30 53 16 57 17 145 16 24 31 32 -47 8 -63 120 -23 22 -80 0 1 -72 -48 15 -48 42 -80 -43 15 -20 16 43 15 34 14 23 8 24 6 -44 8 -14 15 -63 8 -15 16 -22 15 -86 8
130 8 145 7 192 7 41 8 56 8 36 12 85 5 71 9 147 8 -7 8 -1 9 48 11 -17 7 23 3 -32 8 16 11 1 1 -14 8 -21 8 -24 9 60 7 51 7 32 7 22 7 -34 8 -34 0 -49 7 -7 7 -7 7 -23 7 -76 0 -35 7
185 -65 151 0 137 0 68 0 32 -127 81 1 1 0 127 3 3 -2 1 0 0 0 2 0 -33 -128 -18 -69 1 0 2 0 1 0 1 -1 -1 1 37 -64 0 1 24 1 -3 1 1 1 0 1 -9 0 -15 1 -24 0 -29 1 -44 0 -28 -1 -96 4
160 -12 183 -136 -16 -24 32 -132 86 -6 96 -13 142 -75 93 -10 68 -56 21 -8 42 -11 33 -9 -20 -3 -24 -9 -25 -10 9 -7 0 0 -16 -9 48 -7 46 -73 -13 -8 -32 -4 -40 -11 -42 -7 -55 -5 -63 -6 -66 -9 -80 -5 -88 -5 -101 -10 -56 -7 -198 4
65 -16 55 -16 70 -84 110 -17 110 -18 88 25 85 -17 80 -18 63 -79 55 -15 154 -20 -23 -16 26 -16 31 -20 21 -16 16 -16 0 0 -58 -10 0 0 -23 -16 -15 -17 -40 -15 -41 -14 -47 -14 -55 -14 -65 -14 -75 -21 -89 -18 -94 -16 -50 -16 -114 -16 -49 -81
127 -23 97 -26 103 -24 104 -23 73 -25 96 -24 33 -25 27 -24 50 -22 152 -24 135 -41 40 -24 32 -26 96 -40 -40 -16 73 -24 16 -25 -24 -6 16 -22 25 -40 68 -36 17 -89 -112 -23 -118 5 -114 -24 -60 -26 -71 -28 -136 -32 -149 39 -151 40 -99 -24 -33 -24
64 -30 109 -35 121 -33 105 -33 95 -33 89 -32 1 -33 44 -32 160 -48 -8 -34 7 33 -6 -41 119 -32 90 -32 17 -109 -120 -64 0 0 32 -40 31 -17 39 -24 -67 -32 -31 -31 -78 -32 -85 -32 -132 -160 -73 -32 -68 -32 -87 7 -224 -73 -115 -31 -113 9 -25 -47
112 -40 105 -42 70 -38 103 -38 183 -57 157 -40 79 23 76 -116 0 -42 66 -38 48 -39 35 -39 31 -37 41 -40 -63 -36 8 -40 0 0 57 -104 -16 -57 -23 -30 17 -76 -51 -39 -49 -104 -64 -40 -83 -35 -67 -39 -81 -40 -127 -41 -97 -55 -168 -104 -100 -44 -163 -41
135 -48 120 -51 110 -49 105 -111 87 16 55 -48 128 -47 23 17 52 -48 56 -49 56 -47 39 -46 146 -48 138 -48 0 0 123 -49 93 -30 96 -65 49 -110 -23 -47 -49 -128 -25 -49 -34 -49 -59 -48 -105 -47 -106 -111 -112 -48 -70 -139 -161 -110 -168 -47 -103 -46 -112 -47
143 -56 154 -56 64 -56 135 -153 68 -56 36 -56 91 -64 85 -57 77 -57 42 -56 40 -56 136 -75 -4 0 -8 0 0 0 -3 0 18 2 26 -117 0 0 -53 -56 -64 -57 -122 3 -52 -24 -25 -153 -81 -120 -198 -118 -81 -87 -119 -120 -67 -39 -89 -40 -149 -56 -111 -54
128 -62 93 -65 133 -96 128 -95 123 -93 131 -112 101 -95 104 -159 26 -63 12 -65 -1 -72 0 0 96 -62 94 -62 85 -62 57 -62 0 0 57 -57 -79 -64 -60 -64 -7 -99 -56 -50 -112 -58 -106 -60 -81 -96 -40 -117 -79 -127 -47 -63 -156 -66 -64 -64 -120 -134 -117 -98
60 -68 144 -107 142 -126 151 -104 142 -103 135 -104 128 -104 137 -120 109 -103 33 -104 64 -102 -26 -199 -4 -72 -23 -72 -31 -71 16 -71 6 -77 9 -74 -4 -72 -8 -72 -37 -74 -77 -74 -79 -136 -66 -72 -60 -73 -79 -72 -152 -196 -65 -105 -105 -72 -105 -137 -87 -153 -121 -150
0 -108 119 -143 207 -128 152 -113 180 -120 135 -112 164 -131 147 -120 137 -121 137 -121 120 -128 111 -129 57 -127 49 -128 -22 -81 -41 -80 8 -80 -85 -58 -55 -80 -53 -80 -50 -111 -46 -80 -86 -84 -68 -80 -71 -77 -120 -88 -79 -81 -56 -176 -109 -79 -120 -68 -127 -79 -88 -134
205 -129 190 -140 228 -128 221 -128 167 -139 205 -128 107 -137 52 -120 46 -120 137 -132 121 -140 89 -120 104 -129 55 -131 135 -128 92 -129 24 -136 44 -137 -55 -149 -31 -88 -27 -88 24 -149 67 -88 -122 -88 -129 -215 -71 -156 -148 -216 -137 -87 -160 -97 -54 -84 -163 -97 -88 -138
199 -147 190 -148 183 -144 174 -148 169 -137 157 -148 149 -148 142 -148 135 -144 126 -148 119 -148 53 -141 104 -144 94 -148 86 -148 83 -136 32 -140 73 -144 -8 -94 -74 -104 -160 -160 -85 -32 13 -93 9 -94 -71 -96 -79 -95 -113 -159 -56 -128 -134 -96 -169 -224 -129 -128 -45 -144
198 -156 193 -145 182 -156 177 -145 166 -156 159 -156 150 -156 142 -156 134 -156 126 -156 118 -156 110 -156 102 -156 94 -156 86 -156 78 -156 73 -152 -7 -165 -25 -103 -150 -168 -2 -154 -10 -154 -16 -154 15 -156 44 -148 -25 -135 -96 -138 -60 -152 -64 -153 -55 -137 -131 -135 -144 -167
198 -164 190 -164 182 -164 174 -164 166 -164 158 -164 150 -164 142 -164 134 -164 126 -164 118 -164 110 -164 102 -164 94 -164 87 -164 78 -163 1 -174 -52 -112 -12 -160 52 -153 37 -164 79 -160 23 -164 -8 -144 32 -160 9 -160 -66 -206 -56 -143 -65 -145 -144 -176 -121 -111 -159 -112
198 -172 190 -172 182 -172 174 -172 166 -172 158 -172 150 -172 142 -172 134 -172 126 -172 118 -172 110 -172 102 -172 94 -172 89 -168 9 -182 -49 -112 -25 -151 60 -161 46 -172 39 -172 9 -158 2 -153 -8 -208 -12 -152 -50 -152 -98 -152 -73 -216 -113 -195 -169 -247 -86 -152 -89 -171
