193 209 232 216 224 200 201 195 175 201 152 194 192 192 184 225 158 197 114 82 109 62 97 63 90 141 86 61 80 127 70 162 64 158 59 159 49 158 41 157 33 157 25 157 18 158 10 157 2 157 -6 158 -14 158 -22 158 1 218 -7 218 -15 217 -23 218
225 210 231 215 178 215 170 149 208 217 151 186 176 176 152 85 128 214 105 55 -78 128 89 53 79 41 -103 128 72 76 64 56 64 118 56 142 48 154 40 151 33 149 25 149 17 149 9 149 2 150 -6 150 -14 150 -22 150 1 210 -7 210 -15 210 -23 210
195 143 207 206 199 207 201 200 190 54 156 184 177 169 152 77 128 205 -69 100 -62 72 -72 70 -92 115 -68 152 -108 115 -120 123 55 55 56 85 40 122 40 111 32 144 24 142 17 141 9 141 1 141 -7 141 -15 141 -22 142 -30 142 -7 202 -15 202 -54 142
193 133 174 138 179 191 172 201 192 196 190 47 161 202 137 78 160 200 -68 96 -34 152 -72 88 -75 65 -82 121 -70 150 -102 63 51 50 56 128 82 191 73 191 65 197 57 193 18 133 9 133 1 133 -7 133 -15 133 -22 134 -30 134 -38 134 -46 134 -54 134
194 126 159 209 212 158 204 158 161 160 -39 86 145 119 136 70 159 195 -38 129 -43 128 -40 136 -74 113 -73 82 -72 132 -105 71 64 120 89 186 97 178 89 178 25 175 36 196 48 184 41 184 34 184 -8 126 -15 125 -23 125 -30 126 -38 126 -46 126 -54 126
192 111 219 172 177 167 204 150 177 154 164 151 144 118 136 62 159 175 -41 84 -48 86 -51 123 -60 122 -72 84 -73 107 58 15 -124 74 48 23 90 41 41 121 34 120 25 119 17 119 9 118 33 176 -5 118 -15 117 -23 117 -31 117 -38 118 -46 118 -54 118
192 103 217 170 212 164 218 160 160 157 168 148 176 170 -8 108 161 169 -41 77 -48 77 -73 97 -64 56 -63 81 -97 59 -111 93 -21 79 21 115 15 113 -71 104 -112 49 -153 56 7 16 9 78 2 109 -5 111 18 170 -23 110 -31 109 -38 109 -47 109 -54 110
163 10 127 104 165 8 137 -13 112 -16 153 107 144 109 30 61 161 162 -24 74 -33 75 -56 49 -64 48 -65 72 71 27 -17 72 31 105 14 24 7 4 8 105 -78 66 -120 86 -160 45 4 80 0 70 25 162 -17 166 -26 104 -31 102 -39 101 -47 101 -55 101
147 30 142 8 115 4 107 3 106 9 91 3 83 3 88 12 161 154 -25 62 16 30 -56 62 -64 62 -17 11 -80 96 2 106 1 -1 -6 -1 2 -1 2 0 -88 55 -151 79 -161 21 2 8 0 40 -6 94 33 161 -31 98 -32 95 -39 93 -47 93 -55 93
223 155 217 129 212 128 201 145 193 145 185 144 177 146 169 146 161 146 24 29 15 49 -48 55 -61 60 -56 60 -16 70 -9 61 4 5 2 -1 3 -1 -6 5 0 88 -128 55 -158 14 0 6 1 -7 -5 86 -32 149 -23 59 -32 65 -40 87 -48 86 -55 86
192 82 184 82 176 82 169 82 161 82 153 82 145 81 138 81 127 85 24 53 16 48 0 -8 -58 46 -8 13 -32 32 -8 45 2 -1 -9 -14 2 0 4 -18 -88 17 -119 33 -160 25 1 1 1 1 -6 78 19 133 -32 58 -32 53 -40 57 -51 82 -56 79
189 -12 -6 47 1 -1 -10 9 32 86 55 3 40 -8 -15 40 36 6 24 72 0 27 -39 8 0 4 -7 44 48 73 4 -19 16 0 -3 -17 -4 -23 -11 -39 -88 33 -118 9 -127 91 1 -1 0 28 -9 65 17 130 -33 77 -33 -16 -39 43 -47 37 -60 74
185 -13 -5 50 32 81 24 75 33 78 0 30 40 -20 7 32 -1 5 10 49 0 0 0 2 1 -3 -55 -8 -79 0 -104 4 -51 29 10 -23 -64 32 -76 35 -80 32 -78 80 -173 57 1 -14 1 -1 -8 62 19 116 -33 71 -36 -15 -43 35 -52 38 -56 31
177 -36 13 -18 32 71 0 3 32 36 -4 27 49 -8 5 20 0 0 9 47 0 17 2 -26 0 -19 2 22 -39 5 -53 -5 -61 -5 9 -26 -128 64 36 -42 -160 34 -152 0 9 -22 -7 -54 1 -1 -13 59 -15 58 -31 -21 -40 -17 -47 -25 -53 -25 -56 -32
177 -44 12 -23 24 62 15 48 32 27 54 -25 48 8 7 16 0 -9 1 10 0 0 -47 1 0 1 -24 33 40 -22 22 -33 29 -42 -55 13 -79 39 -16 -32 -3 -47 -153 -8 -174 27 -6 -39 -1 -39 19 -17 -202 -9 -39 -64 -47 -61 -47 -27 -56 -29 -62 -33
0 27 20 26 7 -2 0 11 31 10 57 -29 40 -22 1 -13 29 -23 9 29 0 -1 -39 -16 -48 1 -25 -25 11 -52 25 -53 31 -49 -88 -33 -80 48 -3 -48 -12 -42 -97 -33 -104 0 1 -32 0 1 -15 -37 -205 9 -216 25 -45 -48 -48 -34 -56 -33 -64 -36
0 16 0 10 8 5 7 -24 0 2 1 -5 48 -18 -1 2 0 -1 10 29 0 0 -39 -24 0 -14 -24 -32 1 0 26 -55 1 -1 -88 -42 43 -41 -11 -63 -7 -57 -87 -3 -160 14 8 -16 1 -1 -22 -59 -208 -15 -212 2 -223 8 -55 -63 -63 -67 -69 -75
1 -1 27 21 23 25 0 -30 33 -1 9 8 1 -1 -15 20 0 -1 24 24 1 -5 -39 -16 0 -22 -25 -32 45 26 -22 5 31 25 -121 -27 41 -61 -39 -15 -7 -74 -95 -10 -161 21 8 -25 0 -12 -23 -75 -187 -47 -199 -37 -219 -9 -231 -1 -239 -1 -72 -87
1 -3 55 32 8 -12 -8 -7 33 32 -23 0 -16 -17 -16 4 0 -3 -9 -48 0 11 2 -69 -32 -52 -24 -19 47 17 1 -1 -80 -49 41 -94 -142 -4 -46 -18 -9 -61 -71 -30 4 -68 7 -72 1 -1 -23 -79 -192 2 -199 -51 -219 -17 -231 -9 -239 -7 -248 5
0 -12 24 -2 8 -28 -8 -24 1 -3 -16 -25 -32 -7 -15 5 0 3 -16 -55 16 -28 1 -55 1 -56 -23 -39 49 0 -48 -26 -48 -28 -40 -55 -123 -9 -88 -25 -8 -78 -120 -64 8 -82 7 -75 0 1 -167 9 -192 -6 -200 -54 -219 -22 -231 -17 -236 -28 -247 -17
185 -76 1 -59 0 -58 -21 -30 0 -4 -24 -39 -25 -33 -24 -8 0 -7 -31 -32 16 -35 1 -64 -33 -62 -23 -16 -8 -53 -40 -38 -78 -65 -136 0 -111 15 -120 -32 -5 -86 -128 24 16 -89 8 -23 0 -1 0 -2 -192 -16 -199 -57 -220 -32 -231 -17 -240 -21 -243 -30
185 -84 -8 -30 -12 -17 -23 -33 -24 -38 8 6 0 -2 -37 -71 0 -3 -23 -23 16 -65 -25 -37 0 -1 -24 -80 -21 -72 -40 -74 -47 -55 -79 -45 -80 -7 -70 -42 -112 -78 -164 -40 16 -31 1 -3 -8 -30 -8 20 -199 -33 -175 3 -209 -82 -230 -33 -236 -38 -243 -44
185 -92 169 -107 -13 -25 156 -105 -29 -32 0 -4 -8 0 -36 -88 0 -1 -56 -30 -48 -50 -48 -49 -54 -53 -20 -16 -73 -44 -54 -63 0 -101 -3 -112 5 -117 -103 -68 17 -119 10 -122 15 -13 7 -23 -1 -73 -8 15 1 -1 4 0 -210 -90 -229 -46 -236 -28 -240 -73
185 -101 169 -115 163 -125 154 -124 -29 -37 -24 -85 -32 -91 -37 -91 -31 -35 149 -8 93 -86 153 40 145 40 91 21 95 41 104 29 -16 -33 23 -23 -63 -57 40 -97 33 -47 21 -24 16 -46 -57 -55 16 22 -10 12 -15 12 0 -2 -25 42 -55 -117 -234 -78 -245 -49
190 -116 177 -108 163 -136 153 -141 -30 -56 -35 -64 125 -95 120 26 128 36 119 39 111 34 103 40 95 17 125 -2 62 42 88 31 0 -2 55 -105 43 -33 33 -29 33 -61 25 -59 -47 -67 -23 -137 7 -11 -4 2 2 -11 -9 0 -8 -9 -20 27 0 32 -28 -16
188 -133 177 -117 168 -113 160 -114 -31 -60 139 -107 129 17 167 28 168 23 151 25 159 8 94 16 133 -10 120 28 80 11 104 27 10 -131 -7 -31 39 -137 32 -136 26 -118 -41 -137 -41 -133 8 -16 -4 0 8 -16 -1 -3 12 -8 -1 27 -56 39 -16 7 -61 11
189 -140 178 -124 169 -123 160 -121 146 -139 136 7 142 17 184 -4 162 11 168 16 148 8 87 16 95 15 120 -1 79 21 80 -50 10 -139 8 -135 45 -74 -26 -77 -29 -143 -30 -139 16 -105 43 -15 0 -2 29 -18 0 -3 -5 12 9 3 4 8 -48 23 -56 20
192 -104 180 -148 171 -140 160 -132 161 -118 159 11 131 15 167 -1 160 -11 151 12 159 7 96 24 91 6 136 -6 112 10 7 -86 20 -128 57 -115 41 -52 41 -61 -31 -119 -33 -149 0 -2 8 16 31 7 4 -1 18 -27 8 -9 0 -1 -9 -9 -17 5 -57 14
191 -110 181 -148 173 -148 168 -149 144 -7 151 -2 192 1 168 2 161 -5 160 -18 155 1 81 15 96 -2 140 -2 112 0 9 -95 10 -156 -8 -11 49 -68 39 -55 -30 -159 -28 -125 57 0 49 -18 0 -2 0 -1 -13 -13 24 -17 0 -1 -1 -24 0 -17 -61 -13
188 -100 184 -120 172 -154 168 -133 161 -21 176 -27 176 -22 166 -10 177 -5 152 -22 161 -26 137 -4 128 0 88 -2 114 -8 10 -167 7 -165 54 -108 49 -79 -24 -103 -22 -165 74 -8 65 -10 64 -17 -4 -20 29 -40 12 -4 8 -24 -1 -3 -39 -9 -65 -7 -57 -22
185 -104 184 -128 176 -127 169 -29 195 -51 200 -22 137 -16 166 -18 157 -18 150 -14 111 -11 144 -21 93 -17 119 -11 89 -81 18 -171 -80 -153 56 -105 49 -84 -23 -109 -16 -165 8 -19 0 -1 9 -15 32 -16 -8 -30 -8 -16 24 -34 -32 -30 -42 -33 -50 -15 -56 -32
193 -114 177 -115 176 -97 158 -29 193 -55 200 -40 125 -16 120 -8 121 -24 104 -9 150 -40 136 -32 120 -25 136 -24 17 -119 14 -181 65 -125 56 -119 48 -91 -88 -80 32 -68 64 -48 57 -25 7 -21 -14 -8 -7 -39 5 -39 -33 -37 -32 -41 -44 -37 -52 -36 -61 -37
