196 227 190 49 176 63 176 66 159 204 152 199 146 37 137 189 136 54 163 111 144 99 140 98 123 90 124 97 123 96 71 96 -1 0 55 87 0 0 -20 0 -7 0 -8 1 13 0 12 13 0 5 -32 0 -4 0 -2 0 0 0 0 0 0 0 -24 12
239 -8 185 44 183 47 151 -8 191 215 153 190 139 26 136 44 137 47 152 154 145 168 148 119 144 120 115 125 114 105 103 87 88 65 0 1 -25 -8 -24 -6 -28 -7 -11 -3 -6 1 -17 1 7 7 -2 8 -10 -5 -8 -1 8 15 1 7 7 8 -26 1
191 61 191 68 178 48 159 -15 47 -16 152 193 175 177 135 55 137 39 168 175 165 168 149 165 144 160 104 120 96 116 109 119 96 95 -20 -14 84 81 38 81 -32 -13 -38 -15 -44 -15 -27 -8 -30 -9 -32 -7 -11 -6 -37 -14 -15 -8 16 0 -19 -2 -26 -1
224 -24 121 -23 176 168 199 222 153 5 151 39 192 -24 133 48 137 31 136 115 129 139 156 165 120 131 -68 134 97 145 100 119 45 142 44 6 28 4 31 7 11 3 23 7 -45 -22 -54 -22 -61 -23 -49 -21 -35 -14 -24 -21 -44 -24 -9 -7 -29 -20 -36 -13
175 -31 215 190 191 175 183 176 177 192 25 159 192 -17 136 74 100 -4 -38 128 -22 131 120 108 112 134 -46 105 96 105 72 17 67 23 60 21 56 190 48 197 40 50 25 27 17 16 13 17 -48 -27 -70 -31 -51 -27 -54 -25 -49 -25 -16 -15 -43 -26 -68 -31
136 -30 188 22 189 168 180 180 177 159 183 153 81 -40 136 66 100 -12 -40 86 -44 80 -42 120 -66 73 -58 105 64 92 115 -40 62 23 54 23 47 23 88 -40 -2 -40 -43 -40 -17 -40 47 -23 0 26 -81 -40 -76 -39 -64 -38 -52 -31 -32 -32 -54 -38 -79 -39
217 -38 184 11 183 34 169 179 174 160 169 177 141 -15 -8 121 68 -10 -39 76 -44 74 -41 110 -65 67 -81 85 89 95 72 80 64 80 56 79 49 65 36 80 68 65 48 46 16 47 7 -47 1 1 -58 -39 -88 -48 -87 -47 -72 -47 -31 -33 -57 -41 -61 -42
194 54 116 -56 143 -56 166 7 160 6 159 9 9 28 -7 84 68 -18 -36 73 -31 78 -36 83 -64 61 -56 92 -15 75 -4 133 -4 4 -2 132 -64 55 -69 25 -112 111 72 129 46 55 5 -48 1 -1 10 176 -17 41 -89 -55 -93 -55 -70 -48 -83 -51 -85 -49
122 127 122 17 109 9 101 10 93 9 85 9 77 9 81 25 176 -64 -26 62 -39 33 -57 51 -61 56 -39 27 2 1 1 1 1 1 -4 125 -64 50 -72 40 -112 90 71 124 71 106 -50 -63 0 -3 7 165 25 31 -26 39 -93 -61 -101 -63 -109 -63 -89 -56
219 119 213 119 207 120 199 119 191 119 187 121 35 120 123 -42 176 -72 8 20 0 5 -50 48 -56 64 -6 62 8 -4 1 1 1 0 -5 -5 -65 57 -72 9 -111 63 39 63 48 68 -57 -71 0 -8 -8 151 34 32 11 15 -35 31 -103 -70 -109 -70 -117 -71
192 -17 183 -17 175 -17 167 -17 159 -17 151 -17 144 -17 137 -17 176 -80 0 17 1 15 -40 12 -31 35 23 49 1 6 2 1 1 1 -8 110 -10 108 -72 49 -112 61 39 55 47 75 -57 -79 1 -9 -7 147 -19 86 16 18 0 2 -113 -79 -119 -79 -118 -78
219 8 215 39 224 71 184 43 159 42 -6 32 143 42 136 41 0 1 0 23 0 8 -40 34 0 8 12 -22 4 -5 1 0 1 -23 -9 -29 -5 92 -17 95 -110 57 44 52 49 69 31 -9 16 -88 -8 -36 -17 71 -1 3 4 7 -12 -10 -50 9 -127 -87
234 24 224 88 224 88 184 37 32 83 23 32 0 24 -16 25 0 3 8 0 -1 32 -40 32 1 0 8 -14 10 95 5 -15 -3 95 -3 94 -20 -36 -17 89 -113 16 44 67 45 12 42 1 -66 -95 -8 -39 -11 -55 13 16 1 3 1 3 -7 0 -5 0
232 24 232 76 224 81 191 71 32 56 23 24 0 7 1 24 2 -4 8 -8 0 7 -40 35 104 40 -39 87 3 85 13 88 -1 73 -6 89 -13 90 -73 25 -112 44 45 37 46 6 44 -8 -65 -103 -8 -47 23 29 32 33 0 -1 -13 -11 -17 -10 -17 -8
232 18 240 82 192 23 30 47 0 2 23 16 0 15 1 14 0 -18 1 -13 0 2 -50 25 -32 -11 -55 41 15 8 22 -41 65 15 56 17 -111 8 88 16 -128 51 -133 9 39 9 57 -15 2 1 38 52 24 46 16 17 24 24 0 7 -14 1 -26 -16
233 12 240 72 198 51 29 37 0 1 23 8 34 -43 1 7 0 -21 0 -19 0 -23 -30 5 0 8 13 69 15 73 -72 9 -5 -55 -3 -55 -126 0 67 58 -81 -9 -120 45 52 21 47 -9 30 32 24 22 24 53 0 6 16 9 0 2 -19 -10 -10 -7
232 5 199 9 192 39 24 35 1 -1 22 -2 -1 -17 -13 14 0 -16 9 -28 0 -15 -24 1 1 -3 26 -65 21 -69 -57 56 2 2 -9 -38 -19 -65 -38 -63 -15 51 53 47 47 -31 1 1 1 1 25 -1 27 57 15 9 1 33 0 2 -16 0 -32 -28
218 -7 201 27 193 32 15 29 5 -15 22 -9 0 -36 -25 -19 0 -1 -3 -42 0 -40 -48 -14 1 -7 17 56 21 -72 120 37 -31 3 -5 -60 -21 55 -21 57 -112 -21 56 22 52 -24 38 -44 32 40 -8 -7 -161 40 20 37 0 41 10 21 -22 -7 -9 -10
232 -11 201 23 37 13 24 18 0 -18 1 2 0 2 -16 14 -33 -16 -8 -43 0 -40 -26 -16 1 -3 36 31 21 48 102 0 87 -34 -17 47 -12 46 -14 36 -112 -26 63 -14 40 -40 36 -54 35 1 -169 -21 -161 24 32 53 10 35 -1 11 -7 4 -7 4
217 -20 25 8 34 10 190 21 12 5 0 -2 0 -8 152 -14 0 -7 -10 -26 0 -49 -27 -25 -32 -58 -28 -40 -65 12 113 -39 -64 1 -18 -86 -12 38 -72 -40 68 -7 64 -22 40 -49 -16 15 0 -22 -164 -29 -161 16 0 3 2 1 1 17 1 0 -12 -4
232 -30 200 5 198 -7 198 -7 177 3 2 8 0 -4 152 -23 1 -1 -31 -20 0 -64 -40 -60 -32 -39 -23 -33 -32 -47 -72 -16 -64 -65 -17 36 -8 -96 -71 -57 62 -49 65 -30 50 -68 -58 -158 -72 -159 -163 -39 -161 0 0 -15 0 8 0 23 0 15 -22 19
224 -48 225 -14 211 -16 216 -15 177 0 0 -8 1 -5 153 -1 0 -8 -40 -53 0 -81 -26 -39 -31 -75 -7 -71 -64 -72 108 -24 76 -40 55 -38 -11 22 -105 1 62 -58 53 -71 50 -83 -65 -168 -1 -73 -7 -11 -164 -5 -8 -33 4 12 0 -16 0 6 -22 8
233 -55 224 -47 200 -50 192 -49 177 -9 169 -9 1 -7 160 -2 0 -16 -23 -30 -17 -65 -47 -36 -33 -64 -56 -65 -32 -45 -24 -65 -65 -63 1 3 1 3 60 -30 62 -79 72 -79 48 -93 40 -105 -143 -39 19 16 -132 8 -7 -9 0 3 0 7 1 10 -1 4
220 -85 224 -55 200 -57 200 -52 216 13 168 -47 164 -14 151 -51 0 -24 -24 -26 -38 -41 -49 -73 -44 -56 -38 8 -14 -88 -7 -122 -10 -122 1 1 -95 -32 56 -57 65 -95 65 -87 13 -82 -56 -65 0 2 -8 16 -3 16 15 -31 20 -9 -8 -2 -32 -51 -1 11
232 -80 224 -63 216 -64 196 -65 210 -13 168 -57 161 -57 162 -49 6 0 102 -29 143 -1 131 -1 152 47 91 48 -16 -100 1 1 1 1 -71 -1 93 -96 85 -95 86 -93 52 -103 9 -62 -55 -96 4 -9 -5 7 -10 8 -1 1 -1 0 -7 -49 -25 -47 -40 -60
217 -103 235 -77 225 -77 223 -70 200 -23 176 -60 86 -177 128 25 128 17 118 16 105 25 96 28 98 20 95 26 77 -165 -51 -7 95 -56 88 -120 96 -104 81 -103 60 -109 16 -73 -57 -119 7 -15 8 -8 -5 3 0 2 -17 9 1 1 -32 -122 -55 -169 -18 -46
220 -112 225 -89 208 -101 219 -82 199 -39 174 -99 135 17 168 0 120 23 116 18 110 17 104 12 115 1 92 -156 81 14 72 -52 2 -158 95 -112 89 -109 67 -114 32 -80 -45 -136 -52 -17 16 -1 3 1 -1 2 0 3 -18 8 -28 -156 -36 -156 -44 -156 -24 14
220 -121 225 -103 215 -101 200 -107 194 -86 152 -24 138 11 184 24 165 -9 152 28 116 -164 104 9 115 17 92 -164 108 -6 8 -96 -3 -143 92 -72 24 -40 -23 -93 -36 -145 -43 -144 18 -116 6 9 0 0 0 1 1 1 15 25 -28 -163 -36 -164 -44 -164 -61 7
223 -131 210 -127 223 -113 215 -112 162 -124 159 -4 186 -16 140 -172 132 -172 167 -8 144 1 104 2 100 -172 92 -172 92 -145 10 -95 0 1 -15 -223 45 -123 39 -65 -38 -33 -41 -127 16 -33 49 -19 0 2 1 1 0 1 8 20 -28 -172 -36 -171 -44 -172 -9 17
234 -130 211 -136 204 -135 198 -135 162 6 193 -24 195 5 140 -180 159 -9 168 -18 136 -3 96 -7 149 -23 128 -25 82 -195 5 -160 -3 -159 89 -146 46 -215 -25 -114 -35 -160 -37 -9 20 -180 0 1 4 -180 0 2 0 1 -20 -180 -28 -180 -36 -180 -44 -180 -29 -7
234 -141 213 -143 208 -146 92 -239 160 -20 156 -188 168 -16 140 -188 179 -5 124 -188 157 3 108 -188 152 -1 118 -32 80 -83 5 -167 0 2 105 -143 -15 -240 -28 -168 -35 -166 24 -52 20 -188 12 -188 0 1 -10 -13 -12 -188 -20 -188 -28 -187 -36 -188 -1 1 -63 -16
233 -151 217 -152 206 -156 168 -58 175 -15 208 -17 176 -32 140 -195 169 -40 124 -196 153 -41 108 -196 88 -22 127 -4 15 -128 5 -175 97 -156 52 -146 -15 -247 -27 -175 -33 -24 28 -196 20 -196 12 -196 4 -196 -8 -12 31 -7 -20 -196 -32 -27 -12 -34 -8 -40 -64 -24
