193 209 180 33 176 71 175 226 166 179 159 181 178 192 136 63 159 234 148 98 144 97 141 95 133 95 125 95 107 76 1 0 0 0 80 0 0 0 1 0 0 0 2 0 1 0 -7 0 -15 0 10 0 0 0 14 16 1 0 0 0 0 0 0 0
240 -8 184 44 208 225 137 -8 160 44 159 175 177 184 135 56 160 225 156 123 138 120 155 119 141 115 132 116 121 105 105 88 96 72 0 -1 -20 -7 -22 -7 4 0 2 -2 1 -3 -8 0 0 -5 -3 -2 2 -4 16 10 8 5 1 2 -5 3 -16 1
188 50 186 42 176 44 169 -16 93 -16 152 190 176 176 135 59 129 23 156 161 160 142 158 137 133 144 120 161 112 159 122 121 100 97 0 -2 84 79 72 61 -33 -15 -36 -15 -11 -7 -26 -12 -19 -8 -24 -9 -14 -16 -8 -12 1 -1 1 -6 -1 -9 -8 -9
225 -24 137 -23 175 29 198 208 157 8 150 47 177 169 138 74 129 15 173 160 129 109 151 137 145 162 105 141 136 168 103 129 50 4 57 21 46 21 43 25 31 11 21 7 -28 -20 -53 -22 -36 -19 -39 -17 -32 -18 -23 -21 -16 -23 0 -1 -15 -7 -20 -8
176 -31 184 208 192 172 167 175 175 152 175 127 164 -28 137 65 129 7 -38 135 -31 133 148 141 144 157 -56 124 97 100 73 15 56 181 56 208 49 208 36 176 34 25 24 26 17 16 11 17 -47 -31 -68 -31 -44 -24 -40 -26 -30 -32 -23 -29 -34 -30 -39 -30
175 -34 185 19 183 177 171 173 176 154 185 153 81 -40 80 -21 129 -1 -38 50 -30 106 120 123 -55 120 -81 87 77 53 104 -40 99 -40 91 -40 47 32 6 -40 -29 -40 -44 -40 -17 -40 47 -39 0 36 -75 -39 -54 -36 -53 -36 -48 -36 -38 -39 -42 -38 -40 -29
232 -33 185 23 177 11 172 17 162 161 176 144 77 -17 135 49 128 -11 -25 95 -32 93 -41 115 -66 62 -56 113 -81 88 -89 88 -81 77 57 67 47 65 89 79 68 65 64 65 15 47 31 -48 1 1 -58 -39 -78 -46 -53 -38 -64 -45 -62 -47 -58 -44 -54 -44
193 54 189 53 182 52 175 52 93 -56 147 7 185 12 104 89 128 -19 -31 85 -32 88 -58 54 -65 64 -40 94 13 138 1 1 -15 8 -12 136 -64 72 -72 17 47 77 64 118 49 34 33 -48 1 1 23 136 -21 45 -88 -55 -72 -54 -48 -47 -82 -55 -55 -47
128 17 120 16 117 72 109 71 101 71 93 70 85 69 103 65 128 -27 -35 71 -44 73 -57 51 -65 52 -8 82 0 1 0 1 1 1 -11 129 -64 64 -105 40 -112 106 63 111 48 40 7 -53 1 1 8 162 33 32 -27 37 -93 -62 -70 -55 -83 -59 -83 -55
196 -18 186 -23 178 -24 170 -24 161 -29 155 -25 137 -41 135 -26 128 -35 -26 52 -18 24 -39 73 -32 60 9 -9 0 1 6 6 1 2 -4 -5 -17 121 -104 36 -113 100 40 59 48 32 7 -49 -1 -8 -8 147 26 24 9 8 -36 29 -102 -71 -111 -71 -91 -66
158 -80 232 -80 210 -80 212 -80 204 -80 197 -80 188 -80 134 -8 76 -67 9 -7 -9 13 -50 55 -31 33 9 -17 16 43 1 2 1 2 -5 15 -18 113 -72 46 -113 85 71 96 48 24 7 -62 0 -8 -7 161 0 1 22 16 -1 -1 -43 21 -116 -79 -118 -79
232 25 224 66 224 79 216 86 32 89 -8 48 -10 50 -25 22 0 40 1 1 -8 12 -41 5 1 37 19 -24 3 -5 5 -22 1 -22 0 84 -17 104 -17 98 -137 42 72 103 72 56 39 -8 0 -88 -9 -33 0 2 8 8 13 10 -11 -10 -12 -8 -59 13
240 15 224 67 225 77 224 96 32 76 17 23 0 40 -23 13 -1 1 0 3 0 24 -37 37 28 99 24 25 1 2 4 -15 0 -32 -17 -35 -12 -35 -26 98 -110 41 70 64 71 21 51 5 -65 -96 -7 -48 0 2 0 -1 0 0 0 1 1 0 -21 -13
231 21 225 70 224 80 185 59 31 63 -7 25 0 24 -17 18 0 -5 0 -11 -9 -16 -39 39 96 24 -55 88 2 -40 11 56 -65 87 -2 56 -78 -8 -70 73 -108 51 40 29 49 -3 40 -8 -63 -104 -9 -32 24 25 22 9 20 8 -12 -13 -19 -12 -11 -8
231 16 234 72 232 77 15 59 31 55 0 7 0 4 -22 19 0 -9 10 -33 -15 -14 -48 16 -34 -8 -72 15 14 7 -72 11 60 16 -73 59 -94 4 84 13 -96 72 -120 58 17 15 48 -16 39 64 26 2 16 48 0 -8 1 3 -15 -15 -6 -2 -24 -17
232 36 199 13 197 35 12 40 1 -12 0 -1 -1 -18 -24 10 0 4 0 -29 0 -19 -40 -26 0 3 12 -57 17 71 -56 36 4 -48 -6 -55 -65 -15 -89 12 -25 66 72 71 46 -1 48 -8 32 0 43 12 28 63 25 8 20 9 0 -4 0 -1 -32 -24
232 27 199 7 0 8 16 32 0 -17 0 0 -11 1 -23 17 0 7 0 -24 1 -26 -49 0 33 53 25 -66 12 64 -56 34 0 1 -17 -49 -19 -63 -24 -66 -113 -31 56 30 48 -37 48 28 0 3 41 -1 37 57 4 0 11 -1 7 0 3 -1 -21 -17
232 32 200 27 225 54 15 24 -1 -8 -8 -22 1 3 -24 16 0 19 -9 -36 0 -54 -40 -30 31 57 15 -71 23 -67 103 43 -32 2 -16 -51 -13 -75 -23 56 50 23 59 15 48 -33 35 -36 48 21 -9 -7 1 27 15 24 0 -1 0 -8 -8 -9 -32 -32
232 21 24 24 23 16 13 21 33 27 -9 -29 -17 -30 -17 15 0 24 -10 -19 1 -69 -49 -22 -31 -33 23 49 -65 27 103 -24 -128 -17 -7 -88 -12 41 -27 50 51 15 64 -14 49 -43 48 -30 48 24 -167 -32 -159 21 9 34 3 16 -16 -18 -12 18 -8 -12
232 15 24 7 0 -23 188 8 12 11 0 5 0 4 152 11 0 14 -32 -33 0 -69 -55 -25 -32 -32 -24 -55 99 -17 111 -20 -12 39 -8 -90 -18 40 -72 -72 66 -43 39 -29 49 -61 4 -52 40 4 -167 -38 -160 17 8 28 2 2 0 -20 -11 -16 -23 -23
231 -32 232 16 224 2 224 1 175 1 0 6 1 3 152 3 0 13 -40 -40 -15 -63 -56 -25 -33 -61 21 34 -41 -65 -71 -28 -112 -3 -41 -17 -8 16 -106 13 65 -55 51 -40 48 -79 -56 -159 0 2 -153 -17 0 3 2 1 0 -6 0 -9 -12 0 -31 -33
233 -49 223 -18 232 -23 200 -39 176 -33 0 1 163 -13 183 9 0 8 -41 -48 -21 -64 -54 -42 -32 -43 -39 -57 -31 -55 73 -56 -63 -79 -26 -103 -8 19 65 0 54 -79 47 -94 47 -89 -63 -167 1 -39 27 24 -178 -57 8 12 3 -11 0 -16 1 -7 -24 -34
240 -66 223 -46 214 -49 196 -50 210 7 -24 -46 163 -16 176 4 0 6 -23 -16 -47 -31 -57 -62 -33 -49 -56 -66 -31 -54 -81 -17 1 4 -9 17 -96 -14 60 -13 66 -85 64 -81 48 -96 9 -63 -57 -156 3 7 23 -25 -3 -21 15 -19 0 -17 -9 7 -24 -33
240 -73 216 -66 207 -65 217 -51 202 -5 196 -9 192 7 186 1 -35 -39 -24 -18 -56 -71 -27 8 -29 8 81 -155 2 8 -1 -120 2 -128 -56 -104 87 -66 89 8 65 -103 67 -87 63 -96 -65 -105 0 3 0 -1 10 8 10 8 1 -33 -8 -23 0 -1 -24 -7
219 -97 224 -68 221 -73 199 -72 191 -31 200 -25 189 -15 127 -163 123 -161 122 -145 159 48 97 21 98 47 96 31 -112 -60 7 1 1 -32 90 -83 96 -96 91 -96 72 -96 69 -97 -50 -71 -47 -3 9 -9 0 -9 -4 -4 -13 8 -24 34 -45 -161 0 -49 -15 -12
219 -105 232 -89 224 -85 195 -95 201 -41 183 -48 143 -146 144 28 124 14 116 14 160 40 100 13 106 17 118 36 125 41 71 -167 97 -115 87 -128 74 -125 80 -104 59 -103 -43 -83 -57 -127 8 -14 5 1 1 2 0 3 -20 18 16 7 -3 40 3 29 -63 -169
220 -117 232 -96 223 -99 215 -90 200 -78 151 -163 139 4 168 32 124 5 114 8 114 -151 103 3 112 19 90 -157 75 3 -120 -79 -4 -137 88 -108 75 -112 39 -92 -20 -79 -35 -75 -49 35 4 7 5 9 0 6 0 3 -17 17 -30 -157 -5 32 1 31 -59 11
240 -113 232 -106 200 -121 213 -105 192 -107 147 -4 175 23 177 25 160 20 123 -162 114 -165 101 -3 135 26 90 -160 82 -161 9 -83 -7 -143 105 -135 42 -116 -23 -81 -27 -83 -35 -83 16 -171 56 23 1 23 -2 4 0 2 6 22 11 -8 -38 -161 -46 -160 -57 7
233 -123 210 -129 200 -129 192 -129 159 -170 160 3 175 15 138 -173 160 -16 161 7 153 -8 102 13 145 -14 116 16 88 -161 9 -95 -10 -154 48 -135 -11 -221 83 -158 -31 -95 -54 -133 18 -172 40 -17 2 -169 0 3 0 2 -22 -173 -30 -173 -8 -18 -46 -173 -64 -12
232 -138 211 -137 203 -141 167 -134 161 7 192 9 181 7 166 7 157 -10 150 7 144 6 103 -9 146 -25 124 10 83 -193 12 -100 6 -98 87 -150 41 -225 -24 -104 -27 -99 25 -133 18 -181 7 -9 48 16 -1 3 -21 -19 -32 1 -30 -181 0 3 -14 8 -57 -9
241 -144 213 -149 211 -142 170 -141 176 -34 183 -1 146 -188 166 0 119 -25 122 -189 149 -24 135 1 140 3 116 -20 -112 -111 13 -107 0 3 91 -159 -15 -240 -20 -108 -40 -166 24 -186 18 -189 10 -189 -2 -16 23 -16 -14 -189 -22 -189 17 -8 0 2 -54 -26 -59 -27
241 -152 227 -147 200 -167 168 -57 167 -25 185 -8 144 -24 187 -8 162 -9 159 -9 151 -3 95 -24 89 -24 90 -192 16 -117 -1 -174 100 -156 90 -167 -14 -247 -19 -115 -90 -57 63 -40 18 -197 10 -197 2 -197 -9 -10 33 -43 -22 -197 -30 -28 -41 -34 -51 -33 -60 -34
