216 202 215 223 209 205 199 195 176 197 160 174 181 189 170 205 164 192 113 114 144 98 151 97 145 95 133 95 79 110 97 65 98 63 58 49 0 0 40 61 0 0 -1 0 1 0 -8 0 0 0 2 0 -4 0 7 11 0 0 -1 0 0 0 0 0
240 -8 218 197 174 215 144 -7 194 197 160 167 183 183 69 137 151 200 156 124 52 126 44 139 135 119 28 126 116 104 108 90 64 91 56 72 77 55 73 53 33 59 14 2 -7 -6 0 1 -2 -2 0 0 -1 -8 11 8 24 -1 1 -2 -15 -3 -15 4
216 -3 230 208 223 209 168 -16 182 48 166 182 183 175 72 114 126 208 171 159 51 119 42 113 35 118 26 119 19 119 11 119 115 101 55 67 91 78 41 83 64 47 24 50 16 50 8 48 -18 -7 -22 -8 -15 -8 -3 -7 4 1 0 -9 -14 -10 0 -4
225 -24 170 0 207 216 177 203 159 5 157 59 181 167 72 106 160 204 58 99 -34 136 41 101 35 111 -72 120 -72 127 11 111 53 66 93 -15 47 7 28 4 63 184 25 7 65 40 52 44 0 43 -8 39 -34 -17 -25 -19 -15 -24 -1 -1 -15 -11 -25 -8
193 46 174 188 204 162 201 160 164 152 153 97 144 -30 72 100 159 184 -36 118 -57 87 42 90 -55 121 -73 74 -68 126 10 99 96 175 40 192 97 180 73 160 65 161 73 169 46 175 40 176 2 0 31 33 -16 32 -47 -30 -23 -23 -19 -26 -35 -32 -36 -25
192 39 224 176 210 152 202 152 176 157 191 151 145 23 71 92 174 185 -24 112 -48 67 -39 112 -32 137 -70 55 17 87 106 44 51 0 104 -40 92 -40 72 167 80 -40 -10 -40 15 19 45 -40 38 -40 -16 -39 -16 27 -24 23 -62 -39 -21 -32 -38 -31 -42 -40
126 98 215 159 223 166 168 166 195 145 173 139 176 173 70 78 159 159 -39 48 -45 89 -65 76 -65 58 -66 88 15 94 -27 82 -31 73 -30 63 -15 86 -23 85 63 51 62 48 61 47 7 15 20 -44 24 160 12 11 -24 16 -53 -40 -40 -43 -57 -46 -53 -40
128 78 126 88 118 88 171 28 118 -13 153 105 79 -56 72 137 159 151 -25 40 -34 79 -64 70 -64 51 24 75 -47 93 -40 68 25 39 11 38 14 39 -80 73 -113 35 -38 77 41 55 11 45 39 -39 -7 159 -66 -48 10 7 -32 9 -57 -48 -72 -49 -75 -51
133 28 120 13 116 5 104 13 95 13 92 5 81 7 105 32 159 143 -25 53 -32 62 -56 56 -63 57 -56 71 -34 59 31 31 1 -1 -7 32 2 -1 -69 60 -108 30 -39 64 40 41 42 24 -22 -64 25 144 -10 -29 0 -3 -2 -4 -40 2 -48 4 -55 0
248 128 220 140 207 137 200 136 191 136 183 135 140 -42 132 -42 159 135 -9 25 -17 28 -40 18 -56 58 -7 55 39 23 1 -2 3 -2 -9 10 -2 15 -71 52 -112 16 -40 57 -44 60 41 17 0 -10 25 135 -20 146 -27 25 -5 -7 -10 -12 -1 -4 -56 -5
159 -80 151 -80 220 -80 212 -80 204 -80 196 -80 189 -80 181 -80 77 -70 -1 24 0 -5 -40 15 -56 39 -25 45 38 15 9 -17 1 -1 -9 14 3 -2 -71 44 -64 32 -39 45 -45 51 41 13 1 -20 24 127 14 151 15 15 -36 17 -14 -16 -17 -15 -26 -21
220 9 124 44 114 40 105 39 32 83 0 44 0 40 -24 17 0 -1 24 34 0 8 -40 24 -55 33 -24 36 15 -24 3 -2 1 -1 3 -23 12 6 -73 19 -79 36 -39 41 -44 47 43 18 3 13 31 -80 17 136 4 -2 12 7 -43 9 -46 9 -29 -23
232 24 124 35 114 29 106 28 32 80 0 28 1 -3 -23 25 -1 6 -9 5 0 18 -40 13 -48 40 -21 16 5 0 11 0 -8 -25 -9 -8 3 -2 2 -2 -89 11 -119 51 -43 40 48 1 2 -2 -6 -47 15 111 -40 51 0 -1 7 -1 1 -1 -59 1
216 7 122 20 114 31 23 56 0 -9 0 20 0 -8 -16 27 -1 -3 24 17 0 13 -40 -10 -47 23 -24 16 17 28 -6 -27 10 82 -3 88 -78 32 -106 32 -32 55 -38 24 -44 31 2 -1 2 -13 16 -93 -67 -89 7 8 -1 -4 -13 -18 -19 -18 -9 -9
216 -3 123 19 114 13 24 39 -1 -7 0 12 0 13 -15 20 -8 8 9 38 0 11 -40 -12 -48 -9 -12 17 2 -2 11 -16 -79 9 -56 8 -16 80 -105 22 -29 34 75 64 -46 17 41 -20 48 -17 -68 21 33 1 7 2 1 0 -13 -18 -16 -11 -24 -19
210 -1 122 4 32 40 23 32 0 -16 -1 5 -1 -25 -16 11 -1 -19 24 2 0 0 -40 -25 -48 -17 48 -25 39 -25 35 13 -65 61 -9 -57 -16 -23 -72 0 -31 15 -87 0 -42 17 40 -30 0 21 30 28 9 -11 -85 28 1 -5 -14 -18 0 -3 -20 -13
210 -8 49 29 114 -5 0 -16 -1 7 0 -3 1 -2 -24 -22 -1 -3 9 30 0 4 -39 -24 -1 23 47 -32 16 -32 24 -34 -121 1 -11 -66 -11 -66 -23 -32 -15 -40 -40 -11 49 -20 5 -31 36 4 -71 8 35 46 -85 7 -93 20 -15 -17 0 -2 -25 -24
209 -13 33 14 113 -13 24 16 1 -1 -4 -39 0 -2 8 42 -33 -9 10 7 0 -19 -35 -33 0 15 35 -82 27 -40 21 -49 3 -2 -72 15 -16 -42 -8 -73 -79 -12 -40 -6 64 -22 52 -39 15 -7 30 -8 -158 16 -85 -1 -92 -2 -100 -1 -5 -13 -26 -25
241 31 55 37 113 -21 26 6 0 -33 -15 -13 -16 -38 -8 15 -31 -28 -24 -43 15 -8 -41 -47 -33 -55 -24 -16 -34 -18 8 -29 104 -40 -135 -21 -20 -43 6 -49 -80 -19 -39 -9 46 -49 2 -47 31 -19 -191 -15 -185 -21 -85 -9 -93 -9 5 -16 -108 -11 -117 4
209 -29 55 29 113 -25 105 -27 30 28 8 1 -24 -39 74 -28 0 -2 -32 -28 1 -1 -39 -48 -33 -49 -24 -28 -28 -39 -22 -51 3 -20 -59 -31 -4 -56 12 -26 -89 -37 60 -51 47 -52 7 -56 -2 -26 -164 -58 -194 -5 -86 -25 -92 -17 0 -3 -109 -21 -116 -17
232 -9 122 -36 114 -32 107 -26 -22 -51 90 -36 3 -9 74 -35 0 -6 -32 -28 15 -46 -48 -43 -32 -60 -22 -33 -40 -49 -72 -37 -80 -25 -7 -22 -79 4 13 -34 -32 -24 53 -65 49 -69 13 -66 0 -100 -135 17 -184 -51 -86 -32 -92 -27 0 -19 -109 -29 -117 -29
215 -59 123 -39 115 -37 107 -37 98 -44 90 -45 81 -43 74 -45 0 -17 -16 -78 -17 -73 -48 -46 -32 -61 -8 -53 -33 -44 -40 -48 -48 -41 -60 -77 15 -33 -81 -61 -31 -38 58 -78 16 -73 41 -101 0 -44 33 23 -161 -16 -87 -41 -93 -33 0 0 -109 -37 -117 -37
231 -56 224 -29 115 -28 108 -40 99 -49 90 -49 81 -49 75 -43 1 -1 -48 -51 -43 -54 -37 -82 -32 -51 -33 -84 -46 -67 -16 -66 -95 -56 -58 -55 -63 -51 -24 -56 -30 -45 24 -80 16 -67 56 -97 -63 17 1 -1 -17 -47 -86 -52 -93 -42 -100 -44 -109 -45 -117 -45
220 -89 224 -38 115 -52 107 -36 98 -59 90 -59 82 -59 75 -51 0 -6 -48 -60 -9 0 45 7 37 8 84 -155 78 -55 30 -87 8 -88 28 -57 -16 -65 23 -56 66 -94 72 -96 15 -88 -71 -101 -67 -40 -1 -8 2 -1 -16 44 -32 -55 8 -12 -109 -53 -117 -51
220 -95 208 -81 215 -76 218 -69 100 -57 90 -64 83 -54 130 -162 130 34 122 35 95 33 98 32 92 16 121 0 76 32 74 -63 -83 -67 -1 -2 49 -99 39 -83 32 -83 25 -85 -112 -30 -56 -82 -1 1 1 -8 -8 0 0 -1 0 -2 -9 33 -47 -63 -118 -67
175 -55 226 -89 216 -85 199 -91 100 -66 91 -62 128 18 143 8 122 25 112 16 107 22 99 7 125 -11 79 24 63 41 103 28 13 -89 82 -134 90 -119 39 -90 74 -99 -103 -39 -48 -124 -59 -56 8 -23 -3 -1 0 -1 7 -7 -40 24 -57 27 -62 41 -25 25
174 -61 212 -113 212 -100 199 -101 201 -60 159 -134 137 1 135 17 120 8 119 14 146 8 88 33 123 -8 124 8 64 32 73 -93 1 -137 5 -96 87 -103 52 -76 -35 -143 -40 -137 -47 -15 6 -2 25 -9 23 -12 0 0 -25 -1 -37 32 -35 17 -60 14 -61 4
238 -116 213 -120 204 -125 203 -111 192 -111 168 9 137 7 120 11 128 31 122 7 96 9 96 0 92 -1 72 9 79 9 -8 -133 0 -139 57 -122 46 -119 39 -87 -29 -147 -39 -145 -51 -72 -7 8 0 -4 25 -25 11 -19 -23 7 -44 12 -40 5 -60 13 -64 0
235 -128 168 -83 203 -136 195 -129 192 -16 184 -28 133 7 136 0 111 3 122 -1 112 -2 89 23 96 2 71 17 112 -1 8 -156 1 -157 -11 -91 80 -159 87 -165 -31 -158 -41 -114 -3 5 -9 2 33 1 -9 -13 11 -24 -28 12 -32 -4 -36 1 -66 7 -65 -7
232 -139 168 -91 203 -145 161 -129 161 -18 151 -8 128 -4 137 -9 112 16 160 -16 96 -2 104 -15 87 -20 86 -4 111 -12 8 -161 4 -162 -12 -90 47 -175 -24 -167 -31 -161 -43 -91 17 -9 -6 -6 -8 -12 25 -41 -20 -16 -41 -5 -34 -10 -42 -8 -66 8 -50 -8
193 -135 213 -153 205 -153 169 -163 175 -15 149 -15 145 -16 127 -17 126 -25 159 -25 96 0 143 -23 89 -24 87 -17 81 -125 9 -169 15 -57 53 -144 48 -173 -24 -169 -31 -163 56 -25 4 -8 47 -23 -14 -12 -10 -15 -23 0 -40 -16 -49 1 -42 -15 -51 -31 -57 -32
193 -142 226 -151 172 -153 182 -21 192 -56 137 -25 136 -33 135 -21 120 -24 150 -33 109 -27 88 -13 94 -23 72 -23 15 -182 11 -178 111 -151 53 -151 48 -175 -24 -178 -32 -134 16 -32 17 -25 11 -8 29 -34 -15 -40 -18 -26 -24 -26 2 -53 -40 -41 -51 -41 -63 -39
