190 209 183 220 224 227 161 208 176 204 159 192 175 185 185 227 127 223 119 111 112 111 104 111 96 111 85 129 80 127 70 163 64 158 59 161 48 159 41 159 33 158 25 159 18 159 9 158 2 159 -6 159 -14 159 -22 159 3 202 -5 202 -12 202 -21 202
194 150 232 219 176 236 169 151 209 219 162 170 181 181 146 40 128 215 104 56 -80 136 90 52 82 50 -104 131 63 41 111 94 63 121 56 145 48 154 39 152 33 151 25 151 17 151 9 150 1 150 -7 151 -15 150 -22 151 3 194 -5 194 -13 194 -21 194
195 145 229 208 223 208 202 187 212 72 148 190 157 157 136 39 128 228 -69 129 -57 71 -88 130 -96 126 -95 100 -110 128 -120 102 54 65 57 45 40 121 39 112 31 145 24 143 17 142 9 142 1 143 -7 142 -15 143 -22 143 -30 143 -5 186 -13 186 -54 143
193 133 185 125 208 217 180 213 192 197 151 27 135 185 137 33 160 208 -68 129 -64 80 -73 68 -92 120 -58 150 -105 91 -120 122 50 35 56 130 83 179 76 180 68 180 59 179 18 133 8 135 1 135 -7 134 -15 134 -22 135 -30 135 -38 135 -46 135 -54 135
193 125 234 195 206 156 204 161 167 160 -40 127 145 120 136 26 160 172 -40 124 -61 114 -72 79 -80 81 -58 129 -72 130 -106 57 64 121 94 184 87 183 88 194 28 176 19 185 51 170 43 175 33 174 -8 128 -15 126 -23 126 -31 126 -38 127 -47 127 -54 127
193 63 222 176 176 168 176 175 176 158 193 151 143 121 137 25 160 167 -39 58 -57 86 -40 120 -49 120 -80 88 -66 124 60 33 46 8 55 88 49 123 41 121 34 121 25 121 16 121 9 119 35 162 27 162 -16 119 -23 118 -31 118 -38 119 -47 118 -55 119
129 -17 219 154 214 168 216 176 161 160 171 145 176 174 -41 77 163 154 -40 76 -45 80 -74 101 -68 72 -67 82 -96 111 -88 110 -49 59 -55 58 -63 58 -55 63 -72 72 -153 47 11 33 8 83 0 111 27 154 18 168 -23 110 -31 110 -38 111 -47 110 -55 111
155 9 133 105 125 104 115 105 108 104 100 104 92 104 77 137 163 146 -40 32 -48 64 -64 68 -83 89 -67 73 121 53 -20 103 37 65 12 25 5 24 7 17 -73 30 -129 83 1 0 7 57 0 96 27 146 -16 169 -25 103 -32 103 -39 102 -47 103 -55 102
145 31 140 30 121 3 106 4 104 3 90 3 88 9 86 14 164 139 -26 63 -32 64 -64 60 -69 60 -8 25 -47 79 -10 63 1 0 -5 0 -17 17 2 0 -80 73 -119 99 -172 81 38 26 0 40 -6 95 16 158 -24 62 -33 96 -40 95 -48 95 -55 94
192 144 214 136 207 136 203 136 195 135 187 130 180 141 171 130 163 130 23 41 15 55 -39 67 -65 52 -56 64 -11 90 48 54 2 0 3 -8 -17 0 -4 5 -79 34 -154 74 -171 55 1 0 1 -7 -6 87 15 169 -24 57 -32 53 -41 89 -48 88 -56 87
193 83 185 83 177 83 169 83 161 84 153 83 145 83 137 82 129 61 15 40 15 33 8 13 -57 47 -8 49 -35 40 2 -1 3 0 2 0 2 0 -71 26 -79 32 -117 48 -176 63 1 -2 0 -7 -6 80 32 146 -32 58 -32 50 -40 46 -52 82 -57 80
220 8 -8 26 -15 58 0 0 0 58 1 41 -10 46 -24 23 32 72 16 35 -1 41 7 7 0 14 -37 17 57 36 10 -13 13 -13 9 -18 3 -21 2 0 -80 2 -120 23 -162 1 0 5 -9 46 -9 65 19 114 -32 44 -31 24 -40 38 -48 38 -56 38
184 -12 -7 48 -2 -7 -9 2 33 83 -1 33 48 -2 -26 28 1 -3 12 32 0 41 2 2 0 5 -64 48 -77 33 -88 48 2 0 16 -22 2 0 -73 0 -78 14 -145 33 -176 24 0 -24 0 25 -8 61 20 107 -32 40 -36 -15 -44 41 -51 43 -56 32
184 -19 -7 41 -1 -12 24 78 -1 4 0 27 47 22 -16 25 0 6 0 25 -1 45 -48 31 0 1 -26 4 -48 -4 -39 16 -17 23 -54 -11 -142 32 17 -57 -128 13 8 -54 0 -38 -6 -44 1 1 -9 35 -16 24 -32 -20 -39 -16 -10 -14 -17 -12 -17 -7
175 -46 -4 30 0 -15 13 56 32 66 0 18 48 -18 -24 8 0 0 9 24 0 16 -39 8 0 -1 -26 -16 35 -31 23 -31 28 -41 -121 18 -32 12 -3 -30 -27 50 -164 -13 -144 47 -6 -60 0 -37 32 55 -183 69 -40 -63 -43 -35 -48 -45 -55 -23 -63 -35
0 -7 0 -3 35 41 24 45 0 -13 0 10 48 -17 -22 8 -1 7 25 -8 0 12 0 -32 0 -8 -26 -27 11 -49 29 -51 32 -5 -120 43 -14 -19 -6 -39 -12 -39 -65 44 -90 -13 0 -44 0 21 -27 -72 -31 -59 -39 -60 -46 -60 -48 -35 -57 -35 -64 -48
0 -1 0 1 23 39 22 32 1 -23 -1 -1 47 -29 -40 22 0 1 11 6 17 -1 0 -31 0 24 -26 -35 0 1 40 33 11 -65 -112 56 -144 3 -7 -62 -6 -40 -87 -36 -161 3 8 -15 1 -1 -200 23 -207 -14 -216 13 -224 14 -56 -61 -64 -64 -69 -68
0 0 0 -22 33 27 24 27 33 23 -15 -13 -32 11 -22 15 -31 -23 16 -5 0 24 8 -43 0 19 -26 -25 49 21 -16 0 35 -41 42 -77 41 -59 9 -11 0 -66 -92 -19 -158 27 8 -23 0 8 -176 47 -175 22 -211 -7 -224 11 -232 16 -240 18 -71 -76
1 -24 34 14 32 17 16 31 -1 4 -16 -25 -24 -18 -20 25 0 -5 19 -47 15 -13 -49 -14 -1 6 -30 -24 -31 -51 -39 -35 -72 -56 83 -46 -111 12 -39 -17 -9 -64 -83 -42 5 -73 7 -32 1 1 -199 -29 -194 -1 -210 -14 -224 3 -232 -6 -240 -24 -248 5
176 -82 -1 -29 33 18 -18 8 -1 1 -2 11 0 11 -8 32 0 8 -32 -16 -1 -4 2 -67 -31 -39 -32 -39 48 -15 -23 -8 -46 -43 -41 -42 -129 -49 -89 8 -10 -72 -153 -25 8 -76 8 -64 1 2 -167 -55 -192 -4 -201 -43 -224 -16 -232 -13 -240 -4 -248 -4
184 -76 -8 -13 -15 -13 -24 -12 -24 -30 1 8 0 7 -40 -48 0 10 -32 -21 15 -61 -49 -27 -32 -56 -24 -44 -47 -63 -39 -71 -80 -40 -102 16 -95 -8 -50 0 -78 -52 -168 -12 51 -69 8 -25 0 2 -1 -1 -194 -17 -211 -26 -224 -12 -232 -8 -240 -12 -248 -13
184 -69 -8 -49 -16 -20 -24 -50 -29 -27 -24 -70 0 16 -52 -21 0 7 -57 -22 -43 -44 -56 -35 0 -72 -24 -36 -56 -51 -39 -62 -47 -56 -75 -7 -77 -66 -74 -73 -56 -74 9 -115 18 -75 3 -5 -8 -31 -8 23 -207 -41 -177 7 -224 -22 -232 -22 -240 -21 -248 -21
184 -93 168 -109 -16 -26 154 -117 -30 -32 -23 -81 -31 -71 -55 -31 -33 -29 -56 -26 -49 -63 -36 -49 -32 -44 -8 -79 -41 -6 -43 -83 -3 -109 4 -111 10 -104 -65 -73 17 -119 20 -90 16 -50 7 -11 1 -111 -1 2 21 13 -19 -48 -223 -28 -232 -34 -240 -33 -248 -33
186 -117 176 -99 162 -125 153 -124 -30 -32 -34 -28 -32 -84 -56 -36 -36 -80 101 -86 113 -35 140 22 132 23 93 43 89 32 104 19 -48 -90 -55 -90 -56 -83 41 -105 32 -59 21 -23 16 -44 -55 -57 0 1 0 -6 -2 1 -4 8 -16 59 -35 -56 -240 -36 -247 -40
221 -99 177 -93 168 -107 160 -103 -31 -66 -40 -44 145 -124 129 31 127 41 119 40 111 31 130 51 98 21 96 22 112 16 81 49 0 0 58 -101 38 -27 40 -67 32 -67 25 -60 -48 -64 -96 -60 7 -9 0 -17 0 4 -2 0 1 1 -41 32 -14 15 -51 -64
191 -87 176 -116 169 -109 160 -115 -31 -69 152 -133 136 16 168 30 168 19 168 17 144 28 151 9 107 15 119 17 112 40 72 25 8 -131 -5 -5 44 -120 38 -89 -160 -37 -39 -136 -37 -133 8 -13 16 -16 10 -16 12 -11 3 0 0 1 -1 23 -9 23 -66 15
195 -91 176 -127 168 -138 161 -119 153 -122 136 10 140 9 177 16 169 15 169 15 145 0 96 14 95 15 128 -1 112 15 81 -47 8 -139 4 -111 49 -63 -87 -48 -24 -140 -32 -138 17 -151 3 0 0 1 10 11 13 -17 -25 17 0 14 -9 15 -8 0 -58 24
192 -102 215 -123 168 -140 164 -146 160 -116 167 28 176 4 136 9 166 4 158 -7 160 1 148 -11 128 9 116 4 113 7 6 -85 19 -127 56 -154 48 -90 41 -59 -30 -115 -31 -148 55 7 56 -19 48 -5 -7 -9 18 -25 9 -5 0 8 -1 8 -24 8 -16 -9
184 -91 183 -112 206 -133 160 -148 186 23 150 -5 177 -15 169 0 160 -2 159 -1 145 0 95 -8 96 -2 118 16 113 -3 8 -94 8 -155 11 -136 49 -67 -151 -108 -24 -153 -80 -92 64 -8 -9 9 1 0 -22 -1 0 1 24 -8 1 1 0 0 -1 3 -16 0
184 -99 183 -117 205 -143 168 -174 193 7 148 -16 192 -16 168 -8 168 -7 172 -16 150 -8 136 -17 138 -28 89 -8 112 -27 17 -162 11 -165 54 -108 48 -77 -25 -101 -23 -163 62 -15 42 -11 48 -22 0 2 -7 -8 31 -7 12 -20 13 -5 -17 -13 -22 13 -56 -2
184 -106 176 -110 173 -106 201 -1 176 -20 152 -22 185 -15 176 -12 111 -11 160 -16 91 1 152 -20 94 -24 126 -28 96 -108 16 -171 19 -143 56 -108 48 -83 -24 -107 1 -79 15 -8 57 -10 57 -17 33 -16 15 8 16 -13 19 -28 -32 -32 -38 -15 -48 -14 -45 -16
192 -111 176 -114 176 -96 161 -33 197 -55 193 -23 184 -41 135 -19 169 -24 152 -18 121 -24 142 -32 138 -36 136 -21 16 -118 19 -180 64 -117 56 -117 46 -89 -87 -86 70 -31 64 -45 43 -27 8 -32 32 -40 -3 -22 -17 -25 23 -40 -25 -38 -41 -23 -60 -25 -57 -23
