192 133 54 64 47 65 85 64 94 64 81 63 74 62 6 16 132 94 82 128 78 136 75 128 97 0 106 128 50 135 47 132 25 128 55 0 0 0 7 136 0 0 37 80 24 65 0 0 -130 64 -8 0 -14 0 -25 0 -28 0 -30 0 -47 0 -55 0
152 120 186 120 191 120 144 -8 140 55 127 59 80 88 38 56 64 56 56 90 -16 23 69 119 122 120 16 60 80 -8 89 120 77 120 23 -8 74 65 56 122 22 120 8 105 0 0 -39 -8 -12 120 17 150 -7 121 -60 123 -63 -8 -168 64 -114 56 -248 88
136 80 147 120 192 -15 136 120 123 113 131 45 -47 47 71 52 61 51 47 48 88 44 39 80 33 81 33 80 17 81 73 49 94 142 60 122 10 115 58 112 24 120 31 112 45 143 -8 145 -36 145 23 160 -16 139 -50 142 -39 114 -40 112 -43 112 -74 143
202 -24 215 40 184 -24 169 -24 160 -24 -37 37 -29 23 -56 36 -64 28 -42 40 112 -24 115 -24 95 -24 89 -24 -84 8 49 104 7 -24 8 -24 32 112 70 136 16 106 -12 136 44 136 -10 112 10 -24 -4 -24 -74 -23 -24 110 -14 103 -52 107 -63 108 -43 108
127 33 118 31 50 32 41 32 97 32 -13 64 67 31 -44 23 54 32 69 32 42 32 -21 31 49 64 9 64 84 -32 84 -31 -65 33 61 65 -2 -32 67 48 64 -31 43 97 -26 126 21 -32 -127 33 -4 -32 -8 -32 -76 -31 -55 128 -36 105 -55 97 -55 96
127 25 160 24 110 24 109 24 96 16 102 139 49 154 83 25 100 57 56 20 43 31 48 40 32 36 -104 8 -47 24 0 25 32 -40 -105 24 49 -40 -38 -40 20 96 73 119 -1 88 54 88 0 88 -7 25 -16 24 -16 -40 -159 24 -29 -40 -84 118 -96 121
126 24 119 16 112 20 104 15 85 35 97 30 85 129 84 135 81 21 75 23 -51 15 8 16 23 24 58 48 48 8 -47 -17 1 -1 22 18 -15 16 -31 16 42 -48 32 -48 -20 112 -25 87 -64 0 -74 21 -48 15 -87 15 -97 13 -94 16 -44 -48 -74 87
130 3 122 0 129 16 106 32 60 119 104 40 145 118 81 122 82 14 68 15 16 134 55 38 -16 16 54 1 -48 39 0 72 16 40 10 14 -17 25 -15 7 -32 8 -43 7 -143 41 -183 5 -177 1 -69 43 -78 17 -55 8 -88 16 -98 15 -73 120 -182 8
123 16 116 9 114 8 104 3 93 4 105 1 91 116 84 22 97 3 63 21 51 -8 19 4 1 -1 21 9 -4 25 8 7 -1 8 0 0 -47 130 4 116 -28 4 -41 8 -16 -6 -121 0 -66 0 -76 0 -74 32 -87 -8 -95 -1 -98 -1 -98 7 -107 14
128 12 105 -8 113 -14 113 7 108 4 88 3 97 -8 89 0 65 3 56 1 79 29 51 3 30 4 15 12 24 -8 23 -8 17 -8 8 109 0 106 -4 106 -5 106 -30 -7 -50 -1 -60 -9 -68 -5 -78 -8 -191 -8 -89 24 -97 24 -98 -8 -84 108 -115 105
122 -16 112 -8 125 -15 112 4 113 -8 87 -6 78 -16 76 -16 64 100 73 -8 57 0 37 -7 47 15 37 -2 31 1 21 -5 15 96 -43 97 12 99 -11 -21 -37 6 -16 16 -41 -17 -47 -16 -33 16 -72 -8 -79 17 -25 12 -211 -33 -98 -8 -110 6 -109 -18
131 -24 126 -25 126 -6 101 -25 102 -32 100 -29 72 2 35 18 81 7 55 -8 51 -25 68 9 47 -17 39 -14 25 94 24 -14 14 -14 -20 32 -4 -15 -17 -25 -34 -22 -40 -21 -24 -15 -47 -8 -32 8 -73 -22 -86 -24 -177 7 -195 11 -97 8 -117 6 -138 0
128 0 121 -37 112 -33 105 -37 98 -30 95 -33 96 79 89 86 73 -30 68 86 44 -16 41 2 76 -36 31 0 30 -16 11 -39 5 -17 57 75 -53 80 -16 -19 -21 -19 -37 -41 -39 -33 -56 -24 -60 -32 -68 -32 -63 -24 -77 -32 -110 -24 -74 -29 -176 -96 -183 -31
127 -40 120 -24 96 -40 104 -36 113 -28 105 -40 73 -45 85 -40 63 -33 69 -39 13 71 3 71 31 -32 -101 -40 84 -104 -8 -44 24 -24 35 -40 -16 -48 -7 -8 -64 87 -24 -40 -31 -39 -47 -27 -55 -25 -44 -8 -77 22 -81 22 -91 22 -97 22 -28 -24 -49 -104
165 -15 155 -47 154 -48 36 -48 128 -48 97 -49 83 -16 57 -49 19 79 55 15 52 13 31 9 -4 -4 43 -49 13 -39 -54 -49 63 -112 -105 -48 -78 -49 -55 -48 -62 -48 -21 -49 -46 -16 -50 -56 -65 -31 -134 -49 -147 -16 -78 -46 -81 -46 -103 -15 -104 -55 -87 -49
64 -56 202 -56 136 7 105 -56 73 -25 160 9 95 -56 85 -25 70 5 -11 8 51 -54 38 -41 41 -55 37 -55 55 48 -21 10 -14 74 -49 -13 -9 3 -64 -9 -67 56 -27 65 -83 54 -89 56 -48 56 -108 57 -83 -1 -151 25 -71 73 -169 -56 -113 -32 -105 -44
160 34 84 -128 162 8 172 0 146 0 129 11 160 1 72 -31 80 -64 25 65 17 65 57 -63 1 -1 32 -6 16 0 -28 48 5 -4 -10 0 -10 -64 37 -63 -37 -34 52 0 46 0 39 0 -125 1 -136 17 -4 -47 -84 -31 -93 -32 -94 -30 -107 -32 -79 -128
65 -105 153 -79 112 -56 -20 -72 105 -71 55 55 112 -77 104 -72 128 -73 94 -134 12 41 49 -65 38 -16 24 56 24 -56 -119 -69 63 -43 -7 -40 49 -136 40 -136 32 -136 30 -136 28 -136 -22 0 -33 1 -32 4 -48 0 -18 -136 -48 -136 -46 -8 -73 -3 -26 24
161 48 132 -63 112 49 103 -77 92 48 -23 -97 93 -81 99 -47 128 28 -6 -81 17 -11 -8 -15 32 -19 40 -48 3 -83 -80 -48 64 -144 -102 -48 -80 -72 -13 -80 -97 -78 7 -144 -174 -80 -121 -31 -128 -49 -138 -49 -143 -79 -89 -48 -13 -9 -10 16 -16 14 -24 17
127 -87 184 -89 55 -88 112 -96 111 -88 72 -86 99 -88 87 -81 79 -88 54 -88 -16 24 47 -29 32 -96 60 -92 -3 -88 98 -24 9 -85 8 -54 75 -24 88 -26 -54 -56 39 -24 17 -26 -52 -25 -59 -27 -47 40 -57 26 -24 -88 -16 -17 -66 8 -30 -24 -23 -55
192 -97 184 -31 145 -97 103 -62 103 -34 89 -65 121 -96 65 -97 3 -32 98 -56 90 17 41 -95 18 -72 -14 -53 24 -63 104 -33 56 -27 40 -24 37 -31 56 -30 64 4 54 0 -1 -29 40 1 31 -1 -9 -19 10 -1 -47 -25 -40 -24 -38 -65 -117 -160 -48 -34
192 -12 218 4 174 -13 200 0 170 -39 89 -113 96 -92 0 5 81 -104 23 3 65 -73 40 -120 48 -96 25 -41 14 -135 -13 -164 63 -39 57 -168 49 -168 -88 -55 -19 -103 -26 -104 -114 -54 -121 -55 -127 -104 -137 -167 -15 -4 -44 -40 -16 -33 -105 -105 -72 -38 -43 -31
190 -20 168 -14 224 -16 216 -16 189 -44 104 -100 42 -69 79 -54 49 15 63 -54 47 -111 9 18 -13 -47 23 -1 8 -96 1 -127 -34 -104 -37 -113 -31 15 -62 -69 -70 -69 -78 -69 -86 -69 -47 -54 -102 -68 -113 -69 -69 -54 -11 -95 -44 -44 -28 -40 -60 -48 -24 -16
182 -56 132 -88 210 -42 202 -14 160 -49 99 -111 41 -77 67 -63 72 -62 73 -88 16 10 2 -76 16 -96 18 -96 12 -120 24 -88 -4 -63 -41 -9 -19 -57 -28 -62 -37 -62 -45 -62 -62 10 -46 -62 -104 -77 -64 -62 -97 -119 8 -24 -48 -52 -63 -56 -54 -55 -96 -23
129 -32 78 -184 166 -60 160 -60 33 -159 106 -96 78 -73 56 -2 77 -69 24 3 46 -16 39 -16 1 -1 33 -70 -16 1 -8 0 8 -128 -22 0 -16 -68 7 -23 -68 -16 -73 -17 -42 -68 -91 -16 -51 -73 -109 -16 -117 -85 -90 -130 -22 -192 -43 -192 -59 -64 -74 -56
233 -21 59 -72 217 -72 168 -71 104 -143 92 -80 96 -16 70 -78 63 -123 120 -24 55 -78 9 -57 47 -79 40 -127 12 -78 21 -135 -31 -7 -7 -72 -16 -6 -74 -142 -25 -123 -39 -72 -31 -136 -61 -80 -55 -77 -136 -55 -73 -76 -90 -144 -98 -128 -42 -72 -32 -70 -30 -40
188 -48 159 -47 127 -143 112 -87 79 -17 73 -88 88 -86 89 -33 28 -32 57 -135 48 -124 9 -144 47 -135 76 -28 0 0 0 0 5 -83 -4 -84 -15 -111 -22 -80 -33 -112 -40 -148 -47 -9 0 -27 -80 -18 -40 -49 -64 -144 -73 -34 -135 -101 -20 -73 -16 -39 -56 -76
137 -119 205 -153 114 -120 138 -24 93 -95 57 -24 80 -88 89 -149 68 -88 94 -87 129 -89 127 -88 142 -89 107 -151 20 -119 28 -36 63 -39 55 -39 8 -120 -14 -152 -99 -121 -27 -136 -46 -89 -18 -155 -59 -119 -67 -160 -111 -24 -94 -87 8 -88 -9 -59 -50 -59 -72 -80
161 -64 216 -58 204 -64 97 -97 111 -40 115 -54 143 -47 56 -31 153 -66 152 -60 145 -59 150 -56 129 -40 64 -65 111 -62 118 -96 111 -97 -41 -159 -48 -33 -59 -49 -16 -122 -42 -161 -62 -32 8 -162 10 -96 -9 -95 -49 -89 -1 -64 -36 -68 -69 -64 -64 -96 -34 -96
225 -63 177 -78 129 -169 103 -56 87 -112 9 -41 97 -164 74 -102 127 -76 118 -76 110 -76 103 -76 99 -76 84 -76 82 -76 68 -76 39 -70 -8 -157 88 -104 86 -104 -98 -112 0 -232 43 -104 -119 -201 -2 -95 39 -53 21 -56 -24 -73 -7 -72 -42 -232 -48 -232 -24 -72
225 -68 60 -178 125 -159 72 -46 101 -115 95 -169 113 -144 151 -79 129 -84 121 -84 113 -83 105 -84 99 -84 104 -78 100 -77 47 -79 1 -143 80 -65 16 -80 20 -111 -24 -240 20 -240 -49 -176 25 -176 47 -112 23 -64 17 -64 -51 -80 -63 -81 -135 -49 -110 -169 -107 -175
158 -248 105 -187 116 -172 152 -76 80 -153 105 -153 76 -122 138 -92 127 -93 120 -91 113 -91 105 -91 98 -90 89 -91 55 -87 119 -86 82 -86 71 -111 47 -248 7 -248 8 -114 24 -248 31 -167 42 -75 32 -78 23 -93 -17 -89 23 -71 -48 -135 -102 -122 -112 -184 -117 -192
