147 96 133 98 127 98 118 98 116 96 107 98 97 95 79 97 68 128 65 98 57 98 57 97 41 100 34 100 25 99 17 99 19 98 -4 127 2 98 -17 98 -9 97 -36 96 -39 96 -55 97 -41 96 -63 97 -66 98 -70 96 -80 97 -87 97 -111 128 -123 96
137 90 129 90 121 89 115 89 115 89 98 89 87 89 81 87 79 88 74 89 66 90 57 89 41 90 26 88 17 120 11 119 18 88 1 88 -5 88 -7 89 -24 90 -23 88 -41 88 -48 90 -46 89 -63 90 -71 90 -79 90 -87 90 -136 185 -148 184 -112 90
146 80 137 80 121 82 113 82 105 82 97 81 97 81 91 79 87 81 72 82 47 80 59 81 28 176 19 176 13 176 4 175 16 78 7 83 -8 82 -7 81 -18 82 -32 82 -40 82 -45 82 -45 81 -56 81 -62 81 -118 180 -78 80 -95 82 -104 82 -100 81
136 74 140 73 120 74 113 74 105 74 97 74 98 73 90 73 83 73 74 73 57 74 57 73 53 74 20 72 31 72 26 73 20 73 5 71 -2 72 -14 75 -12 73 -23 73 -29 73 -47 74 -44 74 -56 74 -64 73 -72 73 -87 74 -95 74 -103 74 -148 172
2 40 137 65 128 64 99 63 87 64 105 64 90 66 87 66 72 66 54 64 67 65 59 66 33 59 24 94 26 65 24 66 5 95 -11 94 -15 95 -6 64 -24 66 -25 62 -39 66 -55 161 -69 160 -73 93 -64 64 -69 65 -100 62 -96 66 -95 65 -100 65
144 56 136 56 130 58 120 58 103 87 90 88 79 88 71 90 66 88 61 57 63 56 59 56 32 85 43 58 19 88 -87 48 1 87 -72 24 -15 88 -23 88 -28 88 -23 57 -30 57 -36 57 -60 88 -71 87 -77 55 -81 87 -93 86 -104 89 -117 54 -111 59
130 82 121 80 117 79 107 79 99 79 95 79 91 79 74 80 63 81 63 80 48 80 58 48 37 80 48 47 22 80 34 80 2 24 -8 0 -16 32 4 16 -31 80 -37 80 -43 79 -40 48 -42 47 -74 144 -82 81 -91 47 -92 76 -113 81 -113 32 -116 81
132 71 125 71 123 71 112 71 97 71 85 74 89 71 76 72 71 71 63 71 49 72 -29 -7 32 72 -39 71 18 72 -60 -16 -64 -6 5 -5 4 8 -21 -9 -16 20 -39 16 -48 69 -48 71 -65 72 -66 71 -73 71 -87 69 -92 72 -97 71 -120 73 -117 137
136 63 118 65 118 64 104 64 97 64 86 32 74 65 72 60 65 64 75 32 50 62 47 63 34 65 19 65 10 64 0 65 14 -8 -8 -16 31 2 -22 -16 -29 1 -24 5 -43 -1 -48 63 -64 60 -68 64 -64 34 -88 32 -95 32 -96 63 -81 1 -178 -16
152 26 121 24 117 55 105 56 97 56 85 56 81 52 75 51 74 54 59 55 50 56 42 56 30 56 -42 -8 -63 -7 44 -8 16 -8 3 -4 -13 -24 18 -12 -111 -24 -45 87 -34 -8 -59 -9 -61 -1 -8 6 -76 52 -72 26 -79 25 -167 56 -110 56 -120 57
144 18 145 17 118 47 104 44 92 49 91 46 87 47 88 16 65 48 60 48 54 47 41 8 32 46 16 49 -49 1 17 -16 49 -14 -4 -16 6 -17 -30 48 -39 48 -46 48 17 1 -23 -15 -131 -41 -79 49 -78 48 -85 47 -101 14 -108 111 -105 12 -125 112
144 8 136 10 115 39 108 40 96 7 104 8 96 10 77 39 58 41 60 39 52 35 44 39 37 39 24 104 31 -39 45 -25 30 -25 31 -24 -8 -24 -7 -12 -22 -20 -33 -23 -11 -25 -52 -32 -60 -17 -70 40 -80 -32 -91 -25 -27 39 -36 39 -71 40 -102 6
126 -3 120 30 136 1 109 31 113 2 103 -1 82 31 128 -32 66 30 48 33 48 32 -25 -16 29 -33 24 32 19 32 27 0 0 96 -16 33 9 0 13 -32 18 -32 -35 -32 -43 -31 -54 -30 -39 -33 -80 64 -84 94 -92 96 -96 47 -104 48 -108 32 -98 2
130 23 122 23 113 -8 107 23 97 -8 97 -9 81 40 69 -9 66 -8 65 24 83 -54 78 -40 71 -40 24 -56 23 -42 -57 -40 2 24 -4 24 -14 24 -89 -23 37 23 -37 -40 -50 20 -87 51 -131 -40 -78 -40 -145 -23 -89 -31 -77 -39 -104 23 -113 -16 -117 24
123 17 125 15 120 -14 120 -16 111 -15 104 -14 87 -15 72 18 -1 -112 101 -46 64 95 40 -23 31 16 17 -49 19 -49 7 -64 -1 -63 -9 -64 20 40 -8 -40 -31 -64 1 -47 -45 -63 -17 -47 -41 -48 -71 -64 -76 -44 -89 15 -58 16 -170 -31 -111 -34 -87 -18
138 -25 129 -21 122 -22 112 -22 64 73 104 -22 98 -23 81 -21 78 -22 57 -28 51 -56 40 -56 31 -55 39 -55 22 -72 24 -55 1 -71 19 -56 -80 -56 -24 5 -25 7 -39 7 -29 -23 -38 -23 -47 -23 -55 -23 -71 -22 -79 -22 -80 -20 -98 -22 -103 -22 -112 -22
128 -36 124 -1 111 -38 116 -32 99 -1 95 0 94 -1 78 2 86 -30 61 1 57 -30 -23 -51 68 -64 24 -80 34 -64 57 -63 1 -4 -7 1 -21 1 -21 -1 -16 -36 -24 -33 -32 -29 -58 -32 -50 -28 -63 -28 -85 -33 -93 -33 -82 -36 -95 -30 -103 -30 -112 -30
137 -39 120 8 110 56 103 -10 96 -6 83 55 76 -7 80 -41 65 -8 65 -10 48 -8 7 -55 30 -88 39 -57 32 -83 -3 -7 1 -13 -71 -57 -75 -73 -15 -72 6 -73 -34 -71 -40 -39 -46 56 -28 -72 -33 -71 -72 -64 -91 7 -88 -38 -95 -38 -103 -38 -118 -6
91 48 63 -24 127 -19 104 0 96 -48 104 -48 78 -48 39 -81 68 -18 57 -13 49 -17 39 -71 60 -81 87 -79 12 -80 7 -96 1 -12 -15 46 -9 -47 0 -46 -13 -47 -32 -46 -39 -46 -47 -46 -55 -46 -63 -46 -82 -48 -67 -48 -79 -47 -90 -48 -93 -47 -134 48
140 -54 129 -55 69 43 72 40 64 40 81 40 81 -7 74 -24 66 -22 57 -25 -49 -104 58 -24 29 -25 -41 -72 48 -89 7 -31 9 -52 -8 -7 -15 -55 -21 -56 26 -25 21 -25 13 -25 14 -25 7 -26 -7 -26 -41 -7 -85 -24 -88 -54 -109 40 -104 -54 -111 -54
137 -62 129 -62 121 -62 113 -62 117 -63 97 -61 100 -63 73 -33 65 -97 62 -112 50 -96 56 -86 32 -31 26 -88 19 -94 -56 -96 37 -32 -7 -88 -21 -112 -22 -112 20 -8 -42 -112 -48 -112 -56 -112 -64 -112 -74 -112 -65 -88 -90 -16 -87 -62 -95 -62 -103 -62 -111 -62
137 -70 129 -70 121 -70 41 -40 105 -70 97 -70 48 25 55 -111 65 -120 78 -106 48 -120 38 -40 31 -95 41 -96 12 -39 -68 -120 0 -103 41 -103 -15 -120 -8 -96 16 -102 4 -104 -34 -96 -55 -120 -63 -120 1 -6 -64 -104 -85 -40 -78 -70 -84 -71 -103 -70 -150 24
137 -78 138 -79 121 -78 113 -77 105 -78 97 -78 100 -84 141 -98 103 -112 59 -103 47 -55 -41 -111 40 -121 -33 -127 15 -128 5 -128 46 -112 -11 -128 -17 -128 12 -113 4 -113 -1 -112 2 -111 -63 -17 -64 -128 -107 -23 -12 -10 -140 -129 -96 -47 -93 -78 -95 -79 -111 -78
137 -86 129 -86 129 -87 72 10 112 -87 98 -84 81 -88 38 -136 -4 -103 -8 -135 51 -57 41 7 69 -121 24 -128 31 -117 5 -136 70 -22 -7 -136 56 -23 -90 -51 -31 -121 6 -118 -16 -121 -43 -114 -49 -112 -8 -56 -80 24 -90 -120 -98 -120 -105 -59 -103 -86 -150 13
137 -94 129 -94 121 -94 114 -92 91 -95 92 -128 93 -127 63 -73 65 -121 -4 -144 -33 -127 31 0 28 -1 23 -1 -45 -128 43 -129 39 -129 54 -31 0 -120 -100 -128 -34 -68 -39 -64 -2 -126 -20 -129 -68 -64 -57 1 -83 -32 -89 -144 -31 -9 -95 -94 -104 -94 -111 -94
137 -102 140 -103 117 -104 98 -8 88 -8 89 -56 81 -123 67 -136 49 -120 -8 -122 48 -56 49 -102 41 -102 32 -101 25 -102 -6 -8 -2 -8 -5 -8 -81 -71 -24 -152 40 -39 -113 -24 -50 -135 -51 -135 -65 -56 -64 -102 -71 -102 -80 -103 -87 -102 -85 -103 -117 -107 -102 -104
137 -113 104 -17 120 -110 113 -110 115 -111 56 -161 73 -145 72 -128 56 -79 50 -80 57 -110 49 -110 41 -110 33 -110 25 -110 17 -110 9 -110 1 -110 16 -160 -28 -17 -40 -16 -44 -17 -47 -66 -56 -81 -60 -79 -64 -109 -71 -110 -68 -111 -87 -110 -176 -88 -108 -80 -47 -145
136 -118 129 -118 121 -118 113 -118 31 -208 89 -93 81 -145 71 -93 63 -91 63 -118 57 -118 49 -118 41 -118 33 -118 25 -118 17 -118 11 -116 -3 -186 -9 -118 -4 -118 -36 -119 -23 -120 -41 -89 -62 -87 -58 -119 -65 -119 -71 -118 -79 -118 -87 -117 -101 -23 -111 -161 -129 -87
191 -31 138 -129 -15 -153 -24 -160 96 -102 55 -159 64 -96 72 -31 64 -95 65 -126 57 -126 49 -126 41 -126 33 -126 25 -126 17 -126 -1 -128 1 -127 -44 -27 -25 -33 -32 -98 -17 -128 -26 -129 -47 -125 -55 -126 -64 -126 -71 -126 -77 -124 -80 -127 -105 -131 -115 -97 -119 -96
137 -134 116 -138 112 -88 105 -137 91 -169 23 -182 80 -87 77 -104 69 -140 73 -136 64 -136 57 -136 49 -137 41 -137 25 -132 8 -136 13 -136 -74 -151 44 -104 -10 -103 -25 -135 -32 -134 -76 -40 -46 -132 -63 -133 -64 -134 -60 -134 -87 -104 -103 -103 -111 -103 -120 -72 -127 -42
145 -143 138 -144 24 -152 40 -112 97 -168 98 -115 92 -144 74 -113 64 -113 74 -144 51 -116 79 -176 95 -111 29 -113 15 -119 -55 -145 -1 -193 -9 -192 33 -79 -28 -49 -23 -142 -31 -142 -39 -142 -47 -142 -56 -143 -54 -143 -70 -142 -78 -142 -100 -48 -89 -149 -103 -142 -112 -142
136 -150 117 -153 117 -121 112 -185 90 -121 96 -150 90 -150 73 -123 72 -150 65 -150 57 -151 49 -152 23 -159 35 -151 25 -150 0 -55 -9 -56 -13 -56 -6 -150 -15 -150 -23 -150 -31 -150 -28 -151 -48 -149 -55 -150 -63 -150 -71 -150 -79 -150 -88 -150 -96 -151 -104 -150 -105 -150
