81 131 171 119 143 128 182 124 147 129 31 63 112 145 121 128 98 144 87 144 1 128 -76 96 -31 120 -39 120 50 146 -56 120 62 120 -54 80 -62 80 -88 120 -94 119 -103 120 -105 64 -102 130 -17 128 -119 128 -143 125 -35 145 -159 120 -150 131 -177 120 -185 123
64 111 160 136 -6 24 -24 54 56 72 115 118 114 120 104 119 -2 88 -3 55 -8 56 -22 112 -31 97 75 111 51 136 -56 113 45 136 -71 111 -73 56 -71 122 -79 121 -86 122 -17 137 -102 122 -111 122 -119 122 -126 121 -134 122 -142 120 -175 8 -177 119 -167 122
65 113 186 112 153 129 41 110 31 112 23 112 16 112 6 110 73 115 -4 71 -17 -15 -55 47 72 104 33 115 16 127 41 104 -47 114 -54 114 -79 104 -71 114 -79 115 -87 111 -96 113 -102 114 -111 114 -119 114 -127 114 -134 114 -142 114 -151 113 -158 114 -167 114
54 8 56 104 66 107 172 96 32 101 23 103 15 104 9 97 1 96 -9 103 3 39 -24 104 -32 104 64 124 -31 105 44 120 53 120 -72 101 -63 106 -70 107 -78 105 -86 106 -95 105 -103 105 -110 106 -119 106 -126 106 -135 105 -143 104 -150 106 -159 106 -167 104
208 91 172 96 148 115 39 92 -2 -32 128 96 22 32 17 31 13 32 96 96 118 97 90 91 134 26 53 96 -104 64 -65 -1 62 96 -81 96 -73 31 -87 88 -78 97 24 112 -94 98 21 92 -129 92 -32 116 -38 112 -135 97 -142 98 -151 98 -160 97 -167 98
1 47 25 23 147 85 137 81 96 56 163 24 162 39 154 90 96 80 55 89 62 91 100 24 95 27 101 22 -47 24 62 88 -65 64 33 85 -73 25 -88 -40 -79 90 -86 90 -94 90 -103 88 -112 88 -135 79 -143 87 -134 91 -160 24 -30 80 -159 89 -167 89
156 80 144 80 140 79 103 81 114 84 147 20 65 24 56 13 68 80 126 17 81 75 -25 49 71 77 25 95 17 48 62 80 56 15 -25 33 -17 81 -23 87 -80 20 -108 76 -95 82 -102 82 -12 72 -129 16 -24 80 -152 -32 -49 72 -96 48 -37 81 -167 81
143 74 129 75 131 73 101 77 78 16 71 5 148 13 75 72 37 21 39 16 45 76 39 9 81 25 66 -9 67 73 -3 23 35 8 -8 32 -32 15 41 14 -11 73 2 64 -114 8 -171 -25 -128 7 16 67 -195 40 -47 72 -161 75 -199 35 -113 73 -83 65
137 64 142 64 139 65 104 68 97 64 165 32 130 -2 58 7 77 67 82 65 108 1 55 64 73 59 20 68 15 65 25 64 1 -4 -8 -4 -15 2 15 0 -47 1 23 4 -114 0 -10 56 -128 67 -136 63 -144 64 -154 64 -162 0 -232 -24 -105 68 -52 1
136 59 121 56 146 49 112 56 160 -9 150 -4 143 -5 140 -4 125 -5 72 56 45 61 24 -4 98 0 23 56 0 -4 9 -13 37 -8 -8 9 -8 8 -31 11 38 24 -36 -13 16 15 -25 55 -109 9 -177 16 -26 56 -48 72 -142 56 -20 -8 -77 53 -119 56
20 -32 218 -21 139 49 172 -11 81 -9 146 -11 90 50 89 49 62 52 42 -9 85 -1 84 0 16 -7 11 -8 81 -13 11 -33 41 -19 -17 8 -15 0 -27 51 1 41 -12 48 -46 52 -48 51 -53 49 -119 -12 -144 40 -135 48 -142 50 -86 50 -76 40 -83 40
81 -8 61 -25 140 40 168 -31 116 40 105 44 85 43 100 41 112 7 66 42 46 44 39 11 34 4 18 -28 14 0 0 -4 4 -24 24 8 -14 -28 -1 43 -10 41 -12 41 -28 40 -50 43 -27 37 -137 39 -146 -24 -33 32 -61 56 -168 40 -159 42 -184 33
171 33 126 36 125 -1 108 36 99 35 88 32 108 32 73 -9 64 -34 120 -23 31 -35 8 62 58 32 -95 1 64 -96 13 -4 61 -26 -9 -7 -18 -6 0 -18 -49 -32 -42 35 -41 36 -28 33 -43 32 -39 23 -33 -33 -60 -31 -69 -31 -78 -32 -171 8 -171 31
151 22 161 23 111 -8 132 23 129 16 152 -33 124 -36 69 -13 124 -39 31 -31 96 -40 76 -41 67 -40 24 -56 37 25 63 24 -128 -17 -119 -10 -81 -41 -15 -6 0 24 -41 -15 -34 -10 -57 27 -36 24 -167 -41 -144 23 -50 44 -19 25 -168 27 -60 18 -184 16
130 20 120 -13 112 16 140 12 -3 -23 48 -49 97 17 105 16 -33 -48 61 -47 79 -59 42 -24 30 -32 43 -48 16 -64 10 -47 1 -65 -40 -16 34 -50 25 -48 -4 -48 -2 -48 17 81 -88 48 -64 31 -12 -49 -17 -44 -78 -17 -64 16 -171 -79 -39 -48 -47 -34
194 -60 197 -120 152 4 56 7 155 -65 111 7 141 25 15 0 63 -32 137 -25 1 8 40 -28 93 -51 72 -56 53 -55 33 -55 19 -57 16 -56 -1 -56 -24 17 -29 8 -51 11 -30 -28 -117 -16 -126 -15 -36 2 -48 8 -57 24 -217 -87 -71 0 -94 9 -86 24
177 -8 19 -128 48 -5 153 18 50 4 23 2 19 -64 4 -4 0 0 56 1 126 -34 49 -64 63 -62 34 -64 47 -63 40 -33 36 -60 15 0 -16 -32 -87 -1 -97 0 26 -3 -94 2 -102 3 -11 15 -120 1 -126 2 -135 2 -19 -7 -153 0 -159 2 -167 2
192 -73 56 -72 96 -56 103 -40 128 -8 83 -88 121 -8 81 -8 75 -7 42 -72 88 10 69 -72 41 -73 39 -63 0 -64 71 -56 40 -14 -8 -8 -144 -73 -87 -73 22 -8 14 -8 -120 -120 31 -7 10 -6 15 -7 -144 -13 -1 -6 -184 -17 -150 -6 -159 -6 -168 -7
182 -2 171 -17 108 -80 168 57 80 -80 104 -14 128 -80 73 -13 66 -96 89 -21 76 -16 71 -50 44 -72 5 -70 31 -16 10 -9 17 -14 37 -48 15 -16 -7 -49 -23 -51 -25 -15 -95 -15 -55 -48 -50 -52 -73 -20 -84 -54 -150 -40 -143 -15 -151 -15 -159 -15 -183 -24
12 -56 184 -91 48 -48 90 -57 122 -23 83 -85 -32 -93 100 -87 65 -60 120 -152 16 -72 69 -89 58 -79 21 -88 51 -87 57 -87 -66 -56 -55 -25 -63 -21 -40 -152 -79 -22 -87 -22 -95 -22 -103 -22 -110 -22 -119 -23 -161 -40 -134 -22 -143 -22 -167 -33 -160 -24 -167 -23
81 -32 72 -33 64 -31 58 -31 48 -34 41 -33 15 -97 136 -91 112 -95 23 -65 40 -96 92 -97 31 -32 24 -100 15 -79 -89 -95 -76 -160 79 -41 67 -31 63 -32 16 -96 9 -96 1 -96 -7 -96 -97 -64 -42 -109 5 -29 -23 -40 -143 -30 -151 -33 -159 -30 -167 -30
81 -38 72 -39 65 -39 58 -38 19 -153 41 -38 168 -105 69 -101 76 -96 75 -104 63 -95 57 -41 22 -99 59 -104 20 -90 70 -99 -31 -7 -7 -120 -13 -121 -11 -97 -11 -105 -19 -105 -28 -105 -43 -96 -40 -105 -68 -86 -42 -106 -143 -156 -144 -39 -151 -39 -159 -38 -167 -38
81 -46 73 -47 67 -46 169 33 48 -47 41 -46 1 -80 72 -113 79 -112 85 -113 116 -80 6 -109 60 -112 56 -48 13 -111 64 -112 2 -112 -9 -92 -15 -97 16 -113 8 -114 1 -113 -47 -112 -17 -113 -29 -112 -49 -118 -78 -129 -12 -48 -143 -47 -151 -47 -159 -47 -166 -46
81 -55 74 -55 66 -55 144 -40 49 -54 41 -54 152 -120 73 -121 65 -121 80 -124 112 -88 39 -96 36 -120 23 -118 31 9 42 -120 65 -89 23 -121 4 -120 -23 -96 5 -115 -32 -112 -60 -112 -95 -104 -67 8 -64 -60 -89 4 -101 -119 -161 -120 -64 -40 -163 -57 -166 -54
81 -62 74 -62 65 -63 104 -96 47 -65 169 -63 71 -131 112 -130 95 -95 87 -137 56 -60 70 -104 54 -129 85 -97 59 -129 49 -127 15 -112 27 -128 34 -127 -24 -160 -31 -134 -60 -129 -24 -64 -14 -104 -81 -131 -21 -128 -125 -63 -34 -128 -104 -127 -41 7 -159 -63 -167 -63
81 -71 73 -71 180 -55 71 -200 133 -143 105 -128 104 -143 80 -142 88 -136 57 -120 48 -112 -21 -96 -31 -56 26 -104 75 -119 1 -8 -4 -8 17 -137 16 -143 -22 -40 13 -72 31 -71 -51 -111 -51 -104 -128 -72 -135 -112 -208 -139 -85 -135 -11 -107 -150 -70 -159 -71 -166 -70
82 -78 164 -61 149 -85 43 -103 29 -101 86 -142 104 -136 111 -148 104 -152 40 -147 -16 -88 -7 -78 -14 -78 -23 -77 -31 -79 -38 -81 17 -113 -13 -118 -38 -144 -36 -140 -26 -143 -26 -78 20 -152 -6 -144 33 -64 -118 -77 -126 -80 -134 -79 -143 -78 -151 -79 -61 -63 -168 -79
81 -89 74 -86 65 -87 57 -86 185 -89 129 -155 111 -120 85 -141 128 -144 -24 -88 1 -86 -7 -87 -15 -86 -22 -86 -31 -86 -39 -86 -47 -87 -54 -86 48 -154 -113 -113 -92 -112 -99 -112 -17 -71 -121 -96 -111 -87 -121 -88 -127 -86 -135 -87 -143 -86 -150 -86 -64 -96 -33 -87
81 -95 73 -95 65 -95 58 -94 163 -128 89 -166 112 -160 65 -161 74 -130 8 -94 1 -95 -7 -95 -15 -94 -23 -95 -31 -95 -39 -95 -46 -94 -9 -128 -64 -96 -71 -95 -79 -94 -108 -100 -111 -192 41 -160 -110 -97 -120 -94 -127 -95 -135 -95 -142 -94 -40 -160 -240 -160 -105 -95
174 -84 25 -104 60 -228 105 -138 64 -151 126 -166 80 -143 77 -101 143 -167 9 -103 1 -103 -7 -102 -15 -102 -23 -102 -31 -103 -38 -102 -64 -40 -55 -103 -62 -103 -147 -136 -99 -105 -86 -103 -96 -104 -104 -103 -111 -103 -119 -103 -127 -102 -135 -102 -144 -104 -151 -103 -110 -136 -121 -104
82 -110 73 -113 9 -48 164 -175 134 -180 75 -111 32 -157 137 -171 -2 -175 6 -110 125 -111 -29 -119 99 -94 -26 -112 -31 -110 -40 -109 -64 -117 79 -111 70 -110 17 -96 -79 -111 -86 -110 -95 -110 -102 -110 -133 -119 -121 -111 -127 -111 -135 -111 -137 -239 -74 -116 -112 -104 -105 -111
0 -120 74 -118 -9 -184 104 -184 128 -183 85 -117 131 -125 71 -119 16 -119 15 -248 113 -184 65 -191 80 -168 -74 -183 -31 -73 86 -124 -1 -152 -4 -184 43 -169 -86 -160 -79 -118 -87 -119 -95 -118 -102 -118 -111 -117 -119 -119 -126 -118 -135 -122 -224 -184 -209 -147 -215 -152 -200 -132
