159 136 159 126 152 128 164 111 123 128 130 128 133 191 25 62 3 0 -7 0 16 32 105 0 90 112 61 127 55 128 -2 57 -120 73 44 196 16 127 15 128 0 135 -8 130 10 108 -27 136 -33 135 -40 130 -26 129 -121 197 -63 129 -37 131 -72 128 -87 124
204 108 24 119 -7 53 175 103 140 124 127 120 154 100 13 15 118 188 -40 24 -80 20 -71 15 -16 1 -68 22 24 72 7 71 0 71 -73 -8 43 121 47 125 6 120 -8 121 18 120 -17 120 -5 122 -16 122 -27 124 -121 189 -128 190 -49 123 -51 122 -58 122
162 110 -8 40 152 112 193 94 144 116 112 120 121 113 101 120 159 93 98 112 95 184 81 113 72 112 65 113 48 120 -109 57 -81 16 -71 -16 38 184 16 112 18 116 16 97 21 92 -2 115 -9 116 -31 113 -34 116 -18 94 -40 92 -138 178 -144 184 -61 113
0 72 60 -4 176 -24 -24 72 -24 48 -7 7 -48 8 5 -17 -64 13 -72 32 -46 40 8 24 -28 6 -72 41 17 39 -59 -24 -109 7 -111 52 -73 8 -87 -2 5 104 -8 105 -9 105 -4 108 32 87 -56 111 -208 37 -56 111 -37 106 -45 105 -50 105 -152 169
68 -31 4 0 4 0 44 -32 36 -32 -40 0 44 33 74 88 132 35 70 64 -14 40 -56 32 0 18 25 33 -41 -32 -93 -2 -63 -1 -7 32 -137 41 -82 -12 -154 33 9 79 17 77 5 95 -7 96 2 76 -62 86 -63 84 -12 80 -169 -15 -38 80 -57 97
93 11 -8 -12 83 24 22 16 64 9 56 16 -1 24 61 25 -7 27 120 24 123 24 40 24 -58 -16 -103 55 15 32 -91 7 -63 -40 -6 87 -17 89 -86 -7 -65 10 -90 16 -169 33 -25 96 1 71 -34 88 -141 -40 -102 8 -15 71 -40 -40 -144 41 -185 24
0 -20 56 16 31 -16 58 16 40 16 88 16 143 14 67 16 56 20 52 52 51 15 97 32 103 32 25 16 -14 0 -55 17 1 24 -26 48 -1 16 -24 16 -29 48 -103 -15 25 31 -114 -48 -12 152 -200 -16 -63 71 -24 -48 -160 -48 -60 151 -207 16 -181 -47
79 -32 57 -55 96 9 31 22 63 8 25 8 75 73 65 18 93 9 -6 15 119 39 41 8 -51 -25 -55 -23 15 -7 70 8 -59 22 54 5 47 5 -29 8 -17 7 -26 4 -30 4 11 9 -160 -17 -180 -24 -132 -47 -47 75 -81 72 -53 144 -47 -56 -152 0
178 135 23 -33 6 -32 44 -64 -32 -30 165 -1 160 17 137 1 33 16 60 0 32 0 88 16 3 0 25 0 3 0 2 0 2 0 -27 33 -88 -3 -9 -4 -1 -1 -71 4 -151 33 -51 15 2 -1 -107 0 -175 -33 -145 -63 -56 65 -28 49 -209 -33 -220 -34
183 121 18 -8 16 -7 54 -64 56 -24 21 -5 16 0 72 -8 4 -1 39 -8 65 -13 -20 -7 -47 -40 -45 9 -17 -25 1 60 2 0 8 -10 -13 21 -10 -4 -79 -9 -99 -71 -140 -39 -120 7 -95 9 -72 -8 -141 -72 -199 -40 -55 60 -72 59 -174 -72 -78 54
14 -48 24 -19 16 -15 22 -48 96 -16 56 -16 25 -24 72 -16 4 -1 59 20 53 15 28 -16 97 -18 -35 -15 -84 -34 40 -24 32 -16 23 -15 -47 1 9 -16 -93 -12 -40 -15 -48 -16 -55 -16 -137 -16 -137 -48 -112 -32 -89 47 -96 47 -105 48 -112 47 -197 80
67 -88 175 105 50 -88 5 -60 16 -56 41 -23 -16 -52 136 -24 81 -29 -9 -16 61 -23 35 41 33 41 26 42 22 11 -44 -56 -95 -56 56 -87 32 110 8 48 -160 -52 -72 -24 17 -22 -57 -24 -65 -24 -54 -24 -112 -8 -183 7 -47 39 -75 41 -14 39 -64 29
125 33 53 33 79 -45 65 -40 -31 -64 28 -96 20 -96 -17 -59 127 -16 56 -16 -79 -47 42 32 47 -31 39 -34 47 -40 12 8 3 -1 -7 30 -111 32 -120 32 -33 33 -41 33 -47 33 -120 -64 -96 -46 -80 33 -15 -32 -76 0 -83 -29 -103 -33 -67 35 -184 31
67 -104 79 -40 81 -23 136 23 136 23 121 24 59 -70 1 -103 128 23 55 -23 32 -9 -56 -8 -71 -40 14 -40 18 -7 0 0 -17 -13 -21 8 -28 -13 -57 -7 -97 -41 -3 -39 -18 -40 -23 -40 -66 -24 -74 -24 -81 -25 -57 -24 -8 9 -41 -104 -104 -72 -159 -31
163 14 95 -80 -9 -48 166 -112 184 2 176 2 128 79 152 -2 -63 -51 -72 -35 -16 -112 56 -49 63 -56 9 15 19 -11 -25 -16 -5 -9 22 -48 2 -48 -56 -67 -94 -111 -5 15 -12 15 -22 17 -23 17 -33 16 -49 23 -53 17 -61 16 -89 16 -80 17 -87 17
209 -7 119 -103 21 -119 48 -120 96 -47 75 -63 161 -55 72 -48 17 -65 119 -40 39 -56 41 -24 -45 -23 28 -19 -1 5 8 -9 16 -57 -57 -56 -75 -120 -85 -120 -128 -80 -107 8 -125 -9 -15 12 -64 7 -168 8 -145 9 -119 -96 -159 -9 -72 8 -145 77 -84 71
15 -104 121 -76 200 0 183 -20 65 -80 187 15 82 -78 22 -64 120 -64 56 0 57 -56 114 -64 93 -65 8 -8 47 -72 24 -66 0 0 -106 -63 -40 -64 8 -64 3 -2 -5 -2 -21 0 -24 2 -19 -2 -22 -2 -30 -1 -75 -80 -65 -1 -30 -20 -50 3 -60 0
119 47 153 -7 83 88 133 -8 195 7 152 -11 -42 -80 73 -55 -1 -132 -8 -64 48 -8 -55 -72 33 -73 37 -74 73 -64 8 0 -17 -45 -72 -133 33 60 25 55 64 -26 16 -20 8 -20 36 -21 11 -28 -2 -27 -5 -28 -123 51 -39 -7 -71 -7 -240 -72 -57 -7
128 49 88 48 81 47 71 47 63 53 149 -16 140 -13 141 -12 1 16 59 -48 50 -12 39 -49 23 -31 -40 -79 15 -15 11 -13 3 -48 -39 -15 -15 -17 72 -80 -29 -14 -57 -19 -86 -46 -54 -11 -102 -46 -70 -11 -82 -40 -97 -39 -160 -143 -47 -15 -47 -15 -60 -15
92 48 84 48 82 48 165 -23 156 -24 88 -24 75 32 133 -24 164 -39 56 -17 79 5 40 -21 45 -81 24 -25 -7 -61 12 -72 62 -91 57 -88 -22 -49 -47 -42 -40 -58 -57 -25 -53 -55 -61 -55 -81 -27 -92 -27 -110 -59 -73 -89 -39 -41 -44 -24 -43 -21 -59 -23
130 32 89 40 80 40 163 -30 159 -31 152 -27 140 -28 124 -30 -1 -48 57 -63 48 -49 29 -41 95 -79 86 -96 29 -98 7 -29 5 -87 -39 -65 -19 -64 -32 -47 -47 -49 -5 -104 -52 -58 -73 -66 -55 -97 -88 3 -49 -95 -122 -64 -159 -100 -72 -24 -66 -30 -59 -31
112 24 95 25 174 -39 72 29 157 -39 151 -43 109 -40 -26 -40 60 -41 86 -102 24 -78 -25 -135 -16 -104 55 -112 -49 -104 37 -111 0 -65 -17 -55 -29 -47 -58 -73 -89 -127 -40 -65 -120 -104 -119 -132 -49 -107 -77 -69 -145 -106 -32 -96 -96 -40 -104 -37 -80 -38 -151 29
119 17 104 16 89 13 73 17 150 -44 -9 -48 80 -112 71 -111 67 -42 55 -44 48 -64 111 -107 -32 -175 61 -49 102 0 6 -96 -1 -111 -17 -80 -16 -16 -44 -84 -68 -112 -99 -144 -113 -48 -57 -112 -127 -105 -169 -83 -46 -111 -87 -112 -72 -120 -52 -50 -139 24 -153 21
119 16 96 8 127 56 176 -76 134 -56 146 -56 138 -56 71 -55 64 -72 71 -125 48 -72 57 -117 65 -55 85 -55 71 -55 72 -54 62 -55 59 -56 80 -56 -23 -102 -31 -137 -74 -88 -42 -89 -65 -119 -36 -119 -39 -57 -22 -55 -55 -55 -102 -1 -136 14 -41 -76 -89 -48
53 -95 179 -63 168 -63 163 -63 154 -63 148 -63 16 -33 7 -127 55 -47 89 -130 120 -123 72 25 6 0 0 0 16 -2 10 0 -34 0 -38 7 44 -62 -14 -112 1 -64 -7 -63 -13 -62 -15 -60 -159 -66 -128 -192 -16 -60 -120 5 -36 -64 -41 -64 -177 -128 -89 -127
127 -70 122 -71 120 -71 175 -92 164 -92 177 -89 16 -137 72 -73 77 -138 39 -130 12 -137 17 -8 -1 -9 0 -8 0 -4 -13 -6 -32 -8 55 -80 12 -72 -57 -3 -119 -176 -97 -200 0 -89 8 -200 -24 -73 -39 -71 -49 -70 -28 -71 -43 -67 -46 -70 -111 -136 -55 -120
156 -152 149 -143 142 -78 138 -15 135 -75 88 -159 111 -112 8 -175 -32 -181 65 -153 -15 -159 96 -76 89 -76 85 -76 90 -76 -20 -12 15 -15 90 -95 62 -92 39 -113 62 -96 -8 -80 -15 -80 -25 -79 -30 -78 -7 -79 -117 -8 -11 -97 -96 -191 -134 -148 -109 -129 -117 -144
70 -184 133 -120 80 -216 169 -87 160 -8 87 -91 80 -120 104 -151 18 -192 47 -151 79 -84 118 -105 31 -152 -8 -120 -49 -168 7 -183 27 -85 -10 -86 -9 -116 17 -159 -1 -151 -75 -24 -76 -26 -88 -16 -27 -88 -39 -87 -16 -86 -19 -87 -29 -89 -65 -90 -74 -87 -146 -31
160 -160 54 -152 144 -89 40 -63 73 -161 91 -90 116 -158 104 -89 145 -111 -16 -160 80 -94 107 -95 72 -96 74 -112 96 -48 -23 -39 67 -97 41 -97 33 -98 6 -96 -49 -31 -58 -32 -80 -33 18 -116 -4 -95 -9 -95 -21 -95 -26 -95 -128 -33 -64 -96 -80 -95 -61 -95
93 -180 88 -172 170 -99 40 -232 94 -152 25 -167 116 -103 132 -119 -37 -168 0 -167 109 -103 101 -103 95 -105 -72 -104 -81 -104 80 -124 -36 -33 -40 -32 46 -103 -24 -41 -28 -38 -55 -40 -81 -39 3 -105 -1 -136 -108 -36 -112 -32 -88 -104 -193 -104 -135 -36 -144 -33 -130 -36
136 -120 73 -192 49 -239 158 -48 159 -109 185 -113 143 -112 100 -112 94 -112 24 -48 111 -145 -56 -112 65 -114 76 -112 12 -56 20 -52 -32 -47 -15 -48 -12 -48 -34 -48 9 -105 28 -106 -144 -113 -56 -168 -63 -160 -71 -175 -80 -176 -89 -175 -96 -160 -72 -106 -58 -108 -88 -47
99 -199 54 -184 46 -136 105 -176 96 -194 135 -117 141 -120 148 -134 159 -132 48 -199 50 -116 43 -147 48 -152 -33 -218 88 -136 68 -120 -15 -56 -40 -57 49 -119 -17 -59 34 -120 -8 -120 -33 -200 -7 -120 28 -140 -21 -48 -143 -248 -68 -130 -43 -52 -71 -119 -163 -241 -248 -215
