194 156 202 128 156 129 97 0 160 0 90 0 71 0 131 0 159 64 152 175 107 136 80 128 110 132 108 136 96 131 61 131 48 128 60 136 37 133 22 130 56 127 31 1 -14 0 -16 129 -10 0 -24 136 -32 128 -42 128 -3 157 -40 136 -17 159 -56 136
240 166 216 154 207 170 167 152 212 120 145 -8 113 128 132 -8 96 -8 -56 32 80 120 95 129 110 121 -37 55 94 -8 105 151 81 120 73 120 -29 -7 71 152 63 161 55 156 -4 124 40 151 32 167 24 168 22 159 6 148 -18 121 -53 128 -128 -8 -45 128
224 146 215 143 207 141 201 141 152 112 81 -15 120 120 134 -16 3 48 120 -16 95 49 71 -15 -65 48 -75 47 -73 64 72 49 56 140 47 141 65 112 88 140 32 144 80 144 50 154 8 144 31 168 -9 140 2 144 9 161 16 152 -37 141 -16 128 -57 139
192 135 216 136 207 139 168 113 192 134 130 112 121 104 114 112 104 104 93 104 87 104 83 107 76 106 72 112 58 104 88 110 56 104 85 131 79 155 72 140 72 157 60 146 8 132 8 136 -6 104 -17 107 15 133 10 120 17 152 8 144 1 144 -66 132
188 -32 110 -32 165 97 104 -32 156 40 129 96 152 -31 113 102 123 -31 55 32 116 64 97 -32 14 33 88 -32 55 97 64 104 0 -32 44 -31 24 104 87 144 36 97 60 136 64 128 40 127 -64 -32 -27 97 3 105 9 124 -36 124 -40 122 -45 123 -24 144
184 -40 176 -40 174 -40 165 -40 -19 20 93 24 79 25 70 24 0 24 116 -38 44 24 40 24 95 23 24 -40 111 24 12 -40 72 -39 -3 -36 24 96 72 120 63 119 70 136 62 136 20 88 24 92 -24 92 0 1 7 119 -44 120 -42 118 -1 128 -60 117
191 15 169 -40 166 -47 167 -48 95 16 73 17 80 17 79 17 64 47 23 24 145 0 87 -48 66 -48 -72 16 80 -48 11 -48 55 25 -8 16 -129 1 40 17 6 83 16 80 48 112 8 87 -65 -48 25 19 -52 86 -28 -48 -89 -44 -38 48 -16 112 -12 126
187 -56 180 -56 48 8 8 7 97 8 70 10 -17 2 73 39 63 41 56 7 49 7 20 8 95 -56 -96 -8 16 -8 25 40 -13 7 -9 9 -16 8 -23 8 32 -54 33 16 -56 -56 -51 -56 11 -56 -42 78 -149 -24 -56 79 -35 -56 -164 7 -109 5 -76 104
192 -64 172 -64 176 -62 163 -63 150 -64 89 2 64 1 9 -1 111 -64 39 1 -15 -1 -79 -26 32 0 24 0 -51 0 3 1 1 2 1 1 2 31 -16 0 0 -4 28 20 9 -64 -52 -64 0 1 -12 -64 -10 -63 -13 -64 -105 -64 -47 -63 -210 24 -56 -60
187 -72 156 64 175 -71 -2 -24 31 3 89 -8 81 -7 52 8 65 -8 54 -7 57 -8 41 25 32 -7 27 -8 13 -8 9 -7 35 23 -1 -7 -19 9 -30 16 -23 -9 -37 -8 -47 -7 6 -70 0 -71 -42 -71 -40 60 -104 -72 -67 64 -40 -72 -177 -9 -198 -38
128 -78 181 -80 1 3 87 -32 37 -17 86 -16 144 -79 137 13 102 -16 -5 -8 33 -16 41 17 44 -18 -44 -16 17 -16 8 -12 0 16 -9 -6 -15 15 -90 -2 32 -80 -101 -17 -46 -16 -55 -16 -66 -16 0 -80 -6 -80 -44 48 1 80 -228 -16 -50 -78 -13 -15
168 46 177 -88 174 -87 169 -24 1 3 151 -88 143 -86 71 2 -53 8 57 -25 108 -15 -72 -26 33 -25 25 9 1 -8 15 -25 5 -24 -7 -11 -15 -24 -26 -24 32 -86 -152 -24 -147 0 -168 7 -127 -25 -10 -88 -90 -88 -47 40 -40 42 -33 -88 -27 39 -29 40
188 -96 179 -96 177 -96 166 -96 160 -95 152 -95 62 -32 75 -33 65 -31 55 -32 114 0 -85 0 96 -96 -73 -32 -48 -32 -57 -31 -15 -32 35 0 -12 -31 -25 -4 -32 0 -105 -32 -9 -33 -27 -41 3 0 -26 -96 -81 -32 -117 -66 -104 -44 -154 -63 -64 64 -62 64
224 -38 182 -104 167 -104 166 -104 87 -36 113 -9 16 -40 63 -38 64 -39 70 -39 64 -39 63 -41 31 -32 91 -9 54 24 50 30 75 -104 56 -41 56 -104 -25 -9 -28 -36 -39 -37 -41 -42 -154 -46 -129 -42 -169 -39 -147 -39 -152 -40 -25 23 -53 -39 -16 56 -27 55
189 -112 199 17 149 23 147 17 97 -110 -8 -20 142 -112 131 -111 80 -48 76 -48 52 -14 28 -50 49 -33 25 -46 19 -50 73 -16 70 -64 61 -65 -13 -65 -10 -47 -21 -45 -35 -57 -22 19 -68 -64 1 0 -74 -64 -65 -64 -70 -65 -29 -34 -26 17 -73 17 -88 20
228 57 179 13 209 55 133 14 189 8 168 39 144 40 8 7 71 7 132 8 -62 -80 39 -56 32 -56 27 -55 34 -56 25 -23 -31 7 -38 -10 -54 -8 -23 -33 -75 8 -21 -56 -16 -54 -19 -56 -32 -56 -64 -55 -149 -54 23 7 13 8 -97 -120 -209 -55 -188 -88
224 32 173 32 208 40 163 31 148 32 142 32 130 32 120 6 -44 -80 37 -79 63 -47 80 -24 44 -64 33 -41 16 -32 40 -24 13 -55 -70 -64 21 -128 56 1 -26 -126 16 0 48 33 8 32 6 0 36 0 0 2 -14 0 0 0 10 31 -31 -1 -24 48
223 23 184 -70 184 -136 100 -136 99 -87 183 32 145 -73 116 -136 106 -69 153 24 32 -48 40 -41 -1 -7 17 -73 17 -41 72 -136 91 -64 55 -136 22 -7 20 -1 14 -4 55 23 46 21 40 18 30 22 24 23 17 35 8 24 15 25 8 8 -16 40 -38 24
192 -9 40 -48 184 -15 168 -79 31 -79 151 -48 166 -19 73 -81 30 -80 119 -48 43 -64 56 -49 36 -48 -40 -70 -40 -118 70 -84 53 -144 1 -139 47 -144 -23 -79 -33 -80 54 -143 -119 -10 -30 -84 -51 -79 -44 -86 -78 -94 -13 -64 1 -1 -23 17 -50 12 -58 10
175 -152 191 -24 152 -152 164 -152 160 -74 163 -152 80 -80 136 -89 64 -88 -7 -128 62 -87 16 -20 -88 -88 26 -102 15 -72 48 -24 -97 -89 72 -144 48 -22 58 -24 80 -24 56 12 19 3 51 -24 44 -24 35 -25 -147 -86 25 19 0 25 -44 4 -52 4 -56 -86
238 18 202 0 176 -27 193 -33 207 -34 120 -32 144 -96 88 -96 88 -32 52 -64 -16 -32 -21 -96 31 -63 33 -88 -53 -95 119 1 96 2 55 0 48 0 72 0 64 11 20 -4 49 -1 40 10 0 -6 0 0 1 -1 24 19 0 15 -40 -100 -17 15 -56 -32
211 -7 202 -8 193 -7 164 -11 160 -12 149 -168 94 -104 89 -103 80 -72 63 -80 11 -107 103 -166 33 -88 44 -104 92 -40 119 23 64 -108 41 -40 82 -72 -5 -103 -61 -57 -68 -57 -38 -100 -31 -108 -64 -94 -72 -96 -75 -120 -28 -8 2 0 16 -8 -56 -12 -59 -14
228 -33 168 -16 177 -16 212 -6 162 -21 124 -112 93 0 70 -51 96 -72 70 -95 -15 -143 41 -86 65 -78 10 -110 -47 -112 4 -78 33 -80 0 -97 -53 -66 -53 -64 -60 -64 -70 -64 -78 -64 -120 16 -47 -82 -58 -82 -44 -78 8 2 1 -2 -7 -33 -52 -22 -54 -20
188 -28 207 -57 190 -23 165 -29 160 -28 85 -119 84 -92 87 -103 77 -5 -6 -120 47 -86 81 -87 104 -89 42 -120 52 -124 7 -88 0 -116 -8 -104 -15 -112 -31 -95 -31 -96 -31 -120 -33 -90 -48 -100 -89 -55 -70 -108 -11 -87 9 -27 15 -9 -8 -25 -51 -30 -52 -30
226 -17 208 -56 180 -143 218 -16 143 -64 87 -128 80 -112 95 -131 108 -94 59 -127 63 -128 40 -104 45 -97 31 -96 49 -96 -8 -127 32 -88 7 -95 -84 -128 -122 -128 -64 -120 -9 -119 49 -65 -56 -16 -64 -65 -136 -64 -81 -72 -44 -127 0 -32 -9 -31 -49 -36 -8 -16
210 -40 202 -40 210 -24 203 -121 96 -128 121 -105 112 -128 83 -123 66 -136 55 -136 4 -136 -56 -137 18 -136 27 -133 -9 -71 -15 -73 4 -24 -33 -72 -81 -68 9 -104 -97 -136 -104 -136 -47 -136 -46 -138 -48 -137 24 -24 -143 -135 -53 -120 -80 -137 -8 -25 -30 -39 -54 -46
186 -49 217 -143 118 -144 140 -112 96 -120 85 -113 83 -32 70 -134 63 -119 138 -128 136 -79 153 -80 -34 -144 -75 -144 27 -83 5 -87 -2 -154 -24 -80 -17 -161 -87 -145 40 -72 -8 -208 -59 -147 6 -208 -128 -79 -38 -208 -199 -147 -75 -143 -91 -79 -9 -39 -30 -48 -60 -53
243 -57 217 -41 225 -40 162 -88 109 -134 104 -121 92 -137 74 -151 129 -152 153 -41 145 -41 136 -41 129 -47 136 -46 90 -87 -91 -152 -91 -155 -74 -151 -23 -152 -11 -152 -43 -119 25 -121 -33 -151 9 -154 50 -58 16 -87 -145 -88 18 -88 -14 -56 -18 -56 -51 -62 -59 -62
240 -56 188 -68 171 -69 107 -129 138 -152 93 -148 80 -160 74 -129 144 -64 138 -64 130 -64 122 -64 114 -64 106 -64 98 -64 90 -64 65 -70 -5 -127 -83 -159 -78 -105 16 -112 21 -220 16 -219 40 -61 51 -51 10 -64 32 -23 -6 -64 -33 -70 -40 -64 -46 -69 -10 -83
210 -72 201 -71 111 -133 103 -135 130 -136 26 -160 92 -170 137 -174 146 -72 138 -72 130 -72 122 -72 114 -72 106 -72 98 -72 89 -71 40 -232 106 -72 67 -72 38 -76 27 -74 57 -72 4 -104 -39 -232 33 -64 -10 -78 1 -71 21 -89 -28 -77 -100 -186 -64 -92 -72 -103
221 -240 156 -240 103 -175 136 -144 87 -144 -39 -167 48 -175 151 -79 146 -80 138 -80 130 -80 122 -80 114 -80 106 -80 97 -79 80 -236 82 -82 60 -86 35 -112 -24 -240 61 -85 16 -109 26 -234 39 -71 1 -85 -9 -85 2 -80 0 -79 -24 -79 -199 -176 -110 -191 -48 -240
209 -89 188 -248 112 -184 100 -152 160 -184 149 -247 -18 -184 120 -88 127 -92 137 -87 130 -88 121 -87 115 -87 106 -87 89 -88 89 -89 81 -87 75 -88 92 -56 72 -84 78 -70 56 -72 48 -104 27 -87 -2 -92 10 -88 2 -88 -23 -88 0 -71 -16 -119 -177 -183 -25 -184
