0 0 0 0 0 0 0 0 0 0 -4 0 0 0 0 0 0 1 0 0 0 0 -3 0 -14 0 0 0 -2 0 -1 0 -1 0 0 0 0 0 -4 0 -7 0 -8 1 13 0 35 34 53 46 -27 0 -4 0 -2 0 0 0 0 0 0 0 -28 0
0 0 0 0 0 0 0 0 0 0 4 5 0 -2 0 0 0 9 0 3 7 4 0 3 1 1 0 2 -23 -2 0 1 0 1 0 1 0 1 8 7 -9 -5 16 6 27 14 0 3 25 24 22 32 0 6 1 5 20 8 -5 2 -2 14 0 8
0 1 0 1 0 0 0 0 0 0 0 1 0 -2 0 0 0 8 0 3 35 8 1 8 144 160 -25 16 -37 1 -46 -8 0 1 0 1 0 1 0 1 78 63 19 8 36 26 54 50 24 22 47 44 15 21 3 9 -7 0 -6 -5 -5 11 -35 -12
0 1 0 0 0 1 0 0 0 0 1 1 0 -2 0 -1 0 4 0 4 -34 156 124 115 -91 118 -69 138 -19 13 -71 172 2 0 0 0 1 0 1 0 0 0 1 0 -2 0 47 50 -43 -20 -49 -21 10 17 -2 0 -25 -21 -2 3 6 7 -26 0
0 1 76 184 1 0 0 1 0 0 0 0 0 0 1 16 0 15 0 4 128 110 -7 2 -72 118 -12 28 0 2 1 0 2 0 78 204 1 1 1 1 2 1 1 0 1 1 2 1 2 1 24 29 14 17 0 6 -5 4 -16 -15 0 4 -2 6
0 0 13 10 0 2 0 -1 0 0 -1 -1 0 0 1 16 0 9 0 8 4 25 -65 91 7 -3 -58 105 1 0 2 1 1 1 2 1 1 1 2 1 1 1 1 1 2 1 0 1 1 1 1 1 -37 -23 4 10 -12 -7 -15 -14 0 7 -55 -38
0 1 -1 1 0 1 -2 0 0 1 1 2 0 0 0 0 0 14 0 15 5 130 -36 96 106 108 1 -1 1 1 2 1 2 1 2 1 2 1 2 1 0 1 1 2 1 1 1 1 1 1 0 -2 39 38 0 2 18 13 -27 -30 -1 6 -82 -44
0 1 2 1 7 1 2 1 8 1 1 1 0 1 0 1 0 9 0 9 8 58 117 88 -36 82 -1 5 1 1 1 1 -26 68 1 1 1 1 1 1 1 2 -70 -40 1 1 1 1 1 1 1 0 37 37 0 3 18 11 -70 -48 -4 7 -74 -44
2 1 4 1 0 1 2 1 5 1 2 1 0 1 0 1 0 11 0 13 6 104 0 9 -50 85 2 0 2 1 1 1 1 1 1 1 1 1 0 2 45 100 -161 45 1 2 1 1 1 1 1 1 2 5 1 4 -14 -13 -23 -23 2 4 -95 -61
3 1 4 1 5 1 5 1 6 1 7 1 -17 0 0 1 0 3 7 11 -33 56 -2 -1 0 3 1 2 2 1 1 1 2 1 1 1 2 1 1 1 1 1 -161 66 1 0 1 1 1 1 1 1 1 1 12 17 0 2 7 4 -19 -9 -1 2
1 1 9 1 11 1 15 1 10 1 6 1 3 1 -16 0 0 1 9 12 -10 17 -1 3 1 1 2 0 2 1 2 1 1 1 2 0 1 0 -4 -8 1 0 47 76 1 1 1 1 1 1 1 1 1 2 30 25 0 2 7 4 1 3 -13 -6
2 1 2 1 0 1 2 1 0 1 4 1 2 1 -19 0 0 1 -1 9 -10 36 -40 12 1 1 2 0 2 0 1 0 2 1 1 0 1 0 1 1 1 1 -88 -62 -3 10 2 2 1 1 1 1 1 0 22 18 4 7 5 4 -2 1 -10 -5
0 6 24 96 75 -68 0 5 33 91 21 26 23 52 1 5 12 41 -4 -2 -1 32 -2 -5 1 0 1 0 2 1 5 -15 2 1 1 1 1 2 -11 -36 1 1 -154 66 0 1 1 0 1 1 1 1 1 1 8 14 3 7 1 3 5 5 -11 -3
0 7 85 -79 0 -1 24 71 1 9 1 18 34 -28 1 0 2 -4 -3 -7 -1 27 1 0 1 1 2 1 2 1 1 1 1 1 2 1 2 1 1 1 -108 31 1 2 1 1 1 1 1 0 1 1 1 0 1 2 24 18 0 4 -1 0 0 1
29 93 1 1 39 62 28 42 0 2 51 20 33 57 -16 9 1 -13 1 1 -1 17 -38 10 1 1 1 1 2 1 2 1 2 1 2 1 1 1 1 1 2 1 1 1 1 1 2 1 2 1 1 1 1 0 0 3 16 14 10 8 -14 1 -3 -1
0 28 91 -96 94 -90 0 29 0 1 53 23 24 17 -17 -23 31 26 0 5 0 -10 2 26 1 1 1 1 2 0 2 0 2 1 2 1 2 1 2 1 1 2 1 1 1 1 1 1 1 1 1 1 1 1 20 12 -4 0 0 2 -2 -1 -19 -7
0 3 2 4 0 -2 72 -82 27 -33 51 5 37 6 29 43 -1 -18 9 7 -1 1 -27 -29 1 0 1 1 1 3 2 -2 2 2 1 1 1 1 2 1 2 0 1 2 0 0 1 1 1 1 1 1 -158 56 16 19 -1 6 -213 46 1 6 0 3
0 8 11 2 0 -3 31 8 26 -34 -1 -13 37 35 4 2 12 35 -3 -42 0 -18 -4 32 1 -7 2 0 1 2 1 0 2 2 1 1 1 1 1 1 1 2 63 19 0 15 2 1 1 1 1 1 -184 -10 32 49 0 41 -10 -2 -220 38 -28 -16
0 -19 11 -11 33 22 24 18 2 -10 20 -8 0 2 0 0 1 7 0 -4 1 -47 2 -11 2 2 2 1 2 1 2 1 2 2 2 2 1 0 1 2 1 2 -140 59 0 2 1 1 1 1 -98 -97 2 30 -132 -121 0 37 10 21 4 16 -18 7
0 1 21 -47 34 10 0 0 28 -9 15 -13 56 -112 -22 18 1 -2 -10 -23 1 -31 -50 -44 0 -6 1 2 1 1 2 2 3 1 2 2 1 3 2 1 2 0 2 4 1 2 1 1 1 2 -122 -104 -157 -5 2 27 15 12 -223 19 -148 -134 0 20
28 31 11 -23 0 0 198 -15 0 3 21 -1 157 5 -1 4 1 -13 0 0 -9 -47 -17 -8 2 4 1 1 2 1 1 1 2 1 1 1 1 -10 1 2 43 -43 2 -1 1 1 1 1 0 1 1 3 -156 -10 -167 33 -2 -22 -227 -46 -16 21 -25 -13
0 1 224 16 204 -8 0 0 -22 -31 0 -8 1 -10 -37 -31 1 -20 17 -91 0 2 -13 -97 -31 -75 1 1 1 1 2 1 2 1 2 1 2 0 1 2 2 -5 1 0 0 1 0 2 0 3 -1 -1 -113 -109 -1 3 -210 -77 0 16 -188 18 0 7
0 -1 19 14 0 3 223 -30 25 9 36 -144 162 -19 1 3 -34 -51 0 -4 13 -25 1 -33 -22 -34 0 -1 1 1 2 1 2 1 2 0 2 -1 2 0 2 0 5 -3 0 6 0 2 0 2 1 2 -4 -5 -141 -146 4 10 -199 22 -142 -155 -157 -154
0 4 20 17 8 -1 203 -25 -1 -10 0 1 0 3 0 0 35 -131 133 -35 -22 -53 -37 -58 1 1 1 1 1 1 1 1 1 2 1 2 1 1 2 1 2 -1 1 2 1 0 -1 4 -1 4 0 1 -1 0 0 1 2 2 3 4 -221 -68 -232 -76
0 -5 21 26 1 1 199 -70 2 1 14 -20 2 -16 2 1 1 1 6 0 -4 2 14 -1 1 1 1 1 1 1 1 1 1 1 0 2 1 2 1 1 1 2 4 -6 0 2 -1 4 -2 6 -1 4 -6 7 0 1 0 1 -6 -3 -187 -13 -240 -69
9 25 -2 -4 232 -69 0 -1 -22 -104 201 -26 -1 2 -2 3 6 0 -5 3 0 1 1 29 -5 8 -2 4 1 1 1 1 1 1 1 1 2 1 1 1 75 -96 0 2 0 2 -3 7 7 -18 -5 3 0 2 3 0 1 1 2 2 0 1 0 1
0 3 10 1 1 4 1 -7 0 -8 1 0 -3 5 181 6 18 33 7 3 0 1 2 -2 -1 2 118 3 75 7 0 2 2 2 1 1 1 1 1 1 -6 5 2 0 0 1 0 1 0 1 21 -8 0 3 3 -4 -163 12 11 25 -57 30 -2 0
9 27 0 -6 0 1 -9 -12 0 2 1 0 44 8 182 -3 125 26 28 13 23 0 2 21 1 1 105 29 0 2 1 -2 -1 2 0 1 0 1 1 1 0 2 -1 3 -2 6 -104 -17 -130 -14 0 1 1 -1 -120 19 -125 10 4 14 -159 7 -201 6
0 1 -7 -24 4 3 -7 -6 1 0 0 2 188 -9 166 17 1 0 -6 -8 -3 20 151 -16 14 -1 141 10 0 2 1 -2 0 1 0 1 1 1 0 1 0 1 1 -1 1 -1 -117 -12 3 6 -177 -181 0 1 -37 2 -161 -2 -52 10 -161 -5 -172 9
5 14 0 -1 0 1 0 2 0 2 -2 14 31 11 14 10 45 -17 -16 -19 0 -31 1 0 -49 -10 -24 0 0 2 0 2 1 1 0 0 0 2 -1 3 1 1 1 -1 -103 -13 -126 -24 21 1 -111 -34 0 1 29 0 -46 16 2 -3 -68 16 -161 -30
2 7 1 -1 -11 -5 0 2 0 2 173 -12 191 -23 1 3 124 -9 -2 8 104 -5 1 2 85 -16 118 -32 0 2 0 1 0 2 0 2 0 1 0 2 0 1 7 -15 62 -11 -120 -19 0 1 0 1 0 1 -38 -1 -124 -9 -133 -11 -173 -14 -2 -25
2 0 -7 -28 -11 -9 1 0 0 0 16 -36 138 -26 20 -7 169 -40 165 -31 105 -22 -33 -30 -21 -39 -6 -10 1 -2 4 -6 1 0 1 0 0 0 1 0 13 -29 17 0 -75 -28 -117 -11 -112 -32 0 0 37 -12 -158 -5 -125 -6 -186 -27 4 -6 -3 -6
