0 0 0 0 0 0 0 0 0 0 -3 0 0 0 0 0 0 1 0 0 0 0 21 1 0 0 0 0 1 0 1 0 1 0 0 0 0 0 2 1 2 0 35 9 21 7 -12 1 4 6 48 32 14 20 14 23 -1 0 1 0 0 0 0 0
0 0 0 0 0 0 0 0 0 0 0 -6 0 -1 0 -2 0 1 0 1 0 -2 -8 -4 -1 -1 -1 -1 9 3 -10 -5 0 -1 0 -1 0 1 -2 -2 70 48 -5 0 69 44 -21 -2 38 38 4 1 39 25 -1 -1 4 -1 0 1 0 -4 -15 5
0 0 0 0 0 0 0 0 0 0 0 0 0 -2 0 -2 0 -3 -69 119 -1 1 135 146 -61 183 -92 88 10 3 -46 -9 0 0 0 0 0 0 1 0 18 7 65 54 52 39 0 -1 40 38 10 5 0 0 0 -3 -1 -1 14 -15 0 -3 0 0
0 0 0 0 0 0 0 0 0 0 0 0 0 -2 0 -2 0 4 0 -1 -34 149 130 121 -21 -8 -83 73 -29 -7 -83 177 1 0 1 0 2 0 2 0 11 3 1 0 1 0 3 1 15 11 28 32 -2 -3 -1 -2 5 6 -14 -20 0 3 -20 -3
0 0 209 200 1 0 0 -1 0 0 0 0 0 0 0 -2 0 -5 0 -2 -68 103 -9 -14 -35 153 -18 11 -99 88 1 1 2 0 2 0 2 0 2 0 2 0 2 0 1 0 2 0 1 0 0 -1 21 22 -10 -15 8 15 -6 -10 1 1 -27 -12
0 0 0 0 182 179 0 -2 3 3 -1 -1 0 0 0 -3 0 -2 0 4 1 0 1 -3 -72 75 -25 -1 2 0 2 0 2 0 2 0 2 0 -18 -2 2 0 2 0 1 0 1 1 1 0 1 0 -2 -5 31 22 -33 -32 -2 -9 -1 3 -5 -5
0 -1 0 0 0 0 0 0 1 0 0 0 0 0 0 -2 0 23 0 2 24 -5 -38 104 -8 0 2 -2 1 0 2 0 3 0 2 0 2 0 2 0 2 0 2 0 1 0 2 0 2 0 2 1 1 0 0 0 5 6 13 -2 4 -1 -52 -39
0 0 0 0 0 0 0 0 0 0 -1 0 0 0 0 0 0 0 0 -1 0 2 2 -4 -6 2 1 0 1 0 1 0 1 0 2 0 2 0 -69 56 2 0 2 0 -53 -39 2 0 2 0 2 1 1 -1 0 -1 -37 -37 -14 -19 -52 -46 -24 -19
2 0 1 0 0 0 3 0 7 0 1 0 1 0 0 0 0 0 0 0 -41 35 -18 117 7 -21 1 1 2 -2 2 -1 -3 1 2 0 3 0 2 0 2 0 -154 100 56 104 2 0 2 0 2 1 1 -1 -1 -3 -1 -1 -40 -40 -45 -39 -62 -54
3 0 4 0 5 0 -15 -1 -19 -1 -21 -1 3 0 0 0 0 -7 0 0 14 45 1 -3 0 -7 1 0 1 0 2 -1 2 -1 2 -1 2 -1 2 -1 -85 -16 2 -1 -139 125 2 0 2 0 2 0 1 -1 12 12 0 -1 9 1 -7 -2 -20 -13
2 -1 20 0 31 0 -10 -1 -19 -1 12 0 -9 -1 -43 -2 0 -1 1 -4 -10 53 -18 85 -37 33 2 -2 1 -1 1 -1 3 -1 2 -1 2 -1 2 -1 2 -1 1 -1 2 -1 2 -1 2 0 2 -1 1 0 13 12 1 -1 8 3 5 3 -1 -5
173 59 -3 11 231 94 64 -72 0 -1 19 0 -1 -1 -5 -1 0 -1 23 40 0 -10 0 -10 2 -8 2 -2 2 -2 2 -1 2 -2 2 -2 2 -1 2 -1 2 -1 2 -1 2 -2 2 -1 2 -1 2 -1 1 -2 0 -2 3 2 -1 -2 -5 -3 -36 -33
0 0 20 65 37 89 -10 6 45 -60 51 56 21 62 22 -47 33 82 3 -23 -10 23 1 3 1 -2 1 -2 2 -1 2 -1 2 0 3 -1 2 -1 2 -1 2 -2 1 -1 0 2 2 -1 2 -1 2 -1 1 -1 28 14 2 0 -70 98 7 3 -18 -12
1 -9 20 54 10 -14 -9 34 -3 24 2 17 38 -26 0 10 1 5 1 1 -10 16 -34 12 2 -2 3 -1 1 -2 2 -1 2 -1 3 -1 2 -1 2 -1 2 -1 2 -2 1 0 2 -1 2 -1 2 -1 1 -1 5 0 23 12 0 0 -8 -4 -20 -13
0 -7 1 -6 37 49 15 44 0 2 48 63 38 -34 21 -55 12 49 11 -34 -9 12 -13 -63 -56 -4 2 -2 2 -2 2 -2 2 -1 2 -1 3 -1 2 -1 2 -1 -124 61 2 -1 2 -1 2 -1 1 -1 1 -1 7 4 21 11 0 -2 -19 -17 -21 -15
1 -12 68 -99 9 -25 84 -92 0 -2 58 -45 -1 -23 22 -69 11 39 2 -33 -9 1 -48 0 1 -29 1 -2 2 -2 2 -1 2 -2 2 -1 3 -1 2 -1 2 -1 2 -1 1 -1 2 -1 2 -1 1 -1 1 -1 0 -12 -201 82 -14 -18 3 -4 0 -3
1 -18 11 -25 1 15 50 -101 13 15 36 -73 0 -5 150 31 1 8 10 16 3 -25 1 16 1 -2 1 -1 3 -4 2 -1 2 -2 2 -2 3 -1 2 -1 1 -1 2 -2 2 -1 1 0 1 -1 1 -1 1 -1 1 -2 15 -2 0 -4 -16 -14 -232 78
1 -30 0 -3 67 -116 30 3 0 -14 36 -80 3 -6 36 -93 -1 -1 3 -65 -8 -52 2 -42 1 -6 1 -1 2 -2 2 -2 2 -2 2 -2 2 -2 2 -2 2 -2 2 -3 1 -2 46 -43 1 -1 1 -1 2 2 26 22 2 11 6 1 -16 -12 -19 -15
1 10 20 -46 9 4 30 -2 26 -14 1 -2 156 5 20 -116 -2 -9 14 -10 -9 -12 -50 -24 -1 16 1 0 2 -2 2 -2 2 -2 2 -2 3 -2 2 -1 2 -2 2 -2 1 -9 1 0 1 -2 1 -2 -194 -2 1 -3 23 3 4 -8 -12 16 -32 -31
1 8 34 3 192 10 15 19 -25 -1 -22 -27 23 30 -14 17 0 20 1 11 0 -72 -12 -93 -33 -52 1 -3 2 -2 2 -2 2 -2 2 -2 2 -3 2 -2 2 -2 2 -3 1 -2 1 -2 1 -2 -107 -98 1 2 1 -13 1 10 9 -9 1 -10 -11 -12
0 -52 0 1 0 -1 199 -20 -27 -8 70 -134 0 -5 -14 12 0 13 25 -99 -11 -26 -37 -44 -33 -53 2 -1 1 -2 2 -2 2 -2 2 -2 2 -2 2 -2 1 -1 2 -2 1 -3 0 1 1 -1 0 -3 -160 5 0 -1 24 -6 -1 6 -4 -14 -23 -30
1 10 17 -4 212 1 -7 0 1 8 14 -11 2 -11 -44 -74 0 -4 18 -99 -34 -51 -49 -38 -33 -55 1 -2 1 -3 34 -118 0 -3 2 -3 2 -3 2 -2 2 -3 1 -2 1 -2 1 -3 1 -2 0 -3 -103 -139 0 -26 -1 -11 -1 -1 -5 1 -1 -22
0 2 223 -23 209 -47 204 -20 0 1 -15 -79 2 -11 0 5 -1 -2 -24 -25 -13 1 -48 -43 -1 -3 2 -1 1 -3 1 -4 3 -4 1 -3 1 -3 2 -3 1 -3 1 -2 1 -1 0 -1 0 -1 0 -3 -5 -10 1 -10 3 0 -198 28 -222 -13 0 -28
1 5 -7 -18 8 4 217 -56 -1 -6 0 -14 165 -41 -47 -78 -56 -36 -19 -41 -1 -2 -2 -2 -2 -2 -2 -2 1 -3 1 -4 1 -3 1 -4 2 -3 1 -2 2 -4 1 -2 0 -1 0 -1 -1 1 2 -1 1 -2 1 -2 1 -2 4 -20 -234 -80 0 -4
0 -5 -1 2 11 14 0 4 1 1 206 -8 0 -2 0 -2 13 -5 -1 -2 -11 0 4 -3 1 -2 98 19 1 -3 2 -3 0 -3 1 -3 1 -3 1 -3 2 -3 -1 0 2 -4 0 -2 2 -6 -2 -8 -12 -5 -6 -1 1 -2 1 -2 1 -2 -13 -7
2 5 10 4 232 -67 2 5 0 1 0 -2 0 -2 0 -2 -1 -3 0 -1 105 10 151 40 108 7 -1 -1 0 -2 1 -3 1 -3 1 -3 1 -3 1 -3 73 -102 0 -2 1 -3 -1 0 7 -17 0 -2 -1 -3 1 -1 1 -3 -148 8 1 -2 -1 -3
0 -8 0 -4 8 6 0 0 -1 -4 0 -2 0 -2 0 -3 -16 39 113 9 3 -15 2 -3 -78 -171 1 -4 2 -5 0 -1 1 -3 1 -3 1 -3 1 -3 1 -3 1 -3 0 -2 0 -2 0 -2 0 -3 0 -3 0 -3 -118 30 -171 3 -58 8 -1 36
0 -8 0 -5 152 -56 -21 -19 1 -4 0 -2 28 -22 3 -2 164 -15 6 14 -4 25 1 -3 1 -3 75 7 -1 -1 0 -1 2 -4 1 -3 -1 -3 0 -3 3 -3 0 -2 -1 0 -120 23 0 -3 -1 -3 1 -7 -132 -22 6 -6 -155 9 -153 -24 -2 -3
0 -7 -6 -20 -11 -12 -18 -10 0 -2 1 -4 183 -25 125 -6 171 16 166 5 -21 12 154 -18 -35 -10 125 6 1 -5 0 -1 0 -3 1 -2 0 -3 0 -3 1 -3 1 -5 -3 4 -125 -14 51 -8 1 -4 0 -4 -152 21 -39 20 7 7 -134 -5 -198 23
2 0 0 7 -11 -5 0 -2 0 -2 -3 13 182 1 121 15 166 -2 0 -30 -27 15 134 16 0 -3 125 -19 1 -5 0 -2 0 -2 1 -4 1 -4 1 -4 1 -4 0 -3 53 -13 -128 10 -139 -15 0 -3 0 -3 12 -2 -154 -20 -172 -20 4 -5 -148 2
0 0 0 5 -13 -2 0 -2 1 -4 192 2 184 -12 -15 -2 11 -41 144 7 -35 5 20 -20 -1 -3 0 -39 0 -2 0 -3 1 -4 1 -4 0 5 0 -2 0 -3 8 -21 0 -3 -82 -15 0 -4 0 -3 -126 -32 0 -4 7 -17 0 1 -1 3 0 -28
0 -4 -2 -11 -2 -1 0 -3 0 -3 10 -15 -3 -2 37 -56 -8 -3 -12 -5 151 -4 156 -19 -35 -49 127 -27 1 -6 0 -3 2 -6 1 -5 1 -12 1 -4 -1 -1 -89 -18 -94 -15 43 -23 0 -4 -12 -38 -112 -25 0 0 -130 -50 1 -2 -10 -1 -5 -11
