0 0 0 0 0 0 0 0 1 1 -1 0 1 14 1 12 0 7 0 0 0 0 -1 0 0 0 1 0 0 0 -1 0 0 0 0 0 0 0 1 0 1 0 20 0 6 0 57 37 0 0 7 0 16 23 1 0 0 0 0 0 0 0 -19 1
0 0 1 0 0 0 0 0 0 0 0 2 0 -4 0 -2 0 8 -68 82 1 0 18 -1 -1 0 0 -1 0 0 -7 -3 0 1 0 0 0 0 4 2 83 50 1 1 30 8 -18 -3 0 -3 5 -2 -1 -3 17 17 2 -1 0 3 6 2 -18 -2
0 0 0 0 0 0 0 0 0 0 0 0 0 -4 0 -2 0 6 0 0 140 145 138 125 2 -3 10 7 0 0 -37 -7 0 0 0 -1 0 0 -34 -15 59 44 65 49 -4 -4 10 5 -30 -14 6 1 -5 -4 14 15 10 13 1 1 6 -6 -27 -10
0 0 0 0 0 0 0 0 0 0 0 0 0 -5 0 -2 0 14 0 2 36 4 131 123 2 -3 -13 15 -18 4 98 133 1 0 0 0 1 0 2 0 2 0 1 0 1 0 1 0 0 -1 -1 -2 -47 -21 16 22 1 -1 15 -6 0 -3 -1 -2
0 0 1 1 2 -1 1 0 0 0 0 0 0 0 0 -3 0 7 0 -1 35 0 -75 78 -3 -1 -7 12 -8 -4 2 -1 3 -1 -127 5 3 -1 2 -1 2 -1 0 0 2 0 1 0 1 0 -1 -2 24 25 16 19 -21 -24 14 0 -1 1 -3 1
0 0 0 0 11 4 0 -7 -2 -5 0 0 0 0 0 -4 0 2 0 -2 -11 138 3 -6 1 -1 -57 103 1 0 2 -1 3 -1 2 -1 3 -1 2 -1 2 -1 3 -1 2 0 2 -1 2 -1 1 -1 -53 -33 -12 -16 -60 -38 -21 -36 -3 1 -24 -15
0 -1 0 -1 0 -1 -4 -3 -1 -2 0 -1 0 -1 0 -2 0 0 0 0 6 13 17 -20 1 -4 1 -1 1 0 2 -2 2 -1 2 -1 3 -1 2 -1 2 -1 2 -1 -65 -46 2 0 2 -1 2 0 1 -1 -61 -42 9 8 -4 -8 -1 -4 -62 -45
0 -1 -2 -1 -5 -1 -11 -1 -12 -1 -8 -1 -26 -1 0 -1 0 4 0 2 -12 118 1 -1 -36 78 1 -1 6 -8 2 -2 2 -1 3 -1 3 -1 3 -2 2 -2 2 -1 -160 145 2 -1 2 -1 2 -1 1 -1 0 -2 7 5 1 -1 -53 -46 0 0
0 -1 -4 -1 -2 -1 -3 -1 -3 -1 -2 -1 -4 -1 0 -1 0 -3 0 -3 22 -12 118 92 -15 -12 1 -1 0 2 3 -2 3 -2 2 -1 3 -1 3 -2 3 -2 2 -2 70 65 2 -1 2 -2 2 -1 1 -1 1 -2 -10 -14 -60 -49 -2 -2 -1 -4
0 -1 -1 -1 -1 -1 -2 -1 -4 -1 -1 -1 -2 -1 0 -1 0 0 0 -1 -34 30 -13 -17 -19 -28 1 0 2 -2 1 -1 2 -1 2 -2 2 -2 -2 -8 2 -3 2 -1 56 50 2 -1 2 -1 2 -1 1 -1 -80 173 -5 -5 15 9 1 -2 -69 -52
2 -1 0 -1 -1 -1 -2 -1 0 -1 0 -1 0 -1 -1 -1 0 -1 -1 4 -2 -3 0 -8 -10 88 1 -1 1 0 2 0 3 -2 2 -2 2 -2 2 -2 2 -2 2 -2 2 -1 2 -1 2 -1 2 -1 1 -1 32 22 2 1 1 -1 -8 -7 0 -3
0 -3 19 79 36 89 64 -66 -1 4 17 28 40 -18 25 -34 -2 0 1 -4 -12 5 -1 56 -36 14 2 -2 2 -1 12 1 4 -3 2 -1 2 -2 2 -1 3 -2 2 -1 62 50 3 -1 2 -1 2 -1 1 -1 1 -1 1 0 1 -2 -21 -18 -2 -3
1 -6 69 -86 103 -73 84 -79 33 75 -5 17 34 -33 21 -46 0 -1 0 -1 0 18 1 2 2 -2 2 -2 2 -2 2 -2 3 -2 3 -2 3 -2 3 -2 2 -2 2 -2 1 -1 1 26 2 -2 2 -2 1 -2 1 -1 23 14 0 -4 -20 -16 -30 -24
0 0 24 75 9 -14 84 -78 -2 12 14 9 38 58 -1 5 28 54 1 -6 0 25 -40 -9 -36 -5 2 -2 2 -2 2 -2 3 -2 3 -2 3 -2 3 -2 3 -2 3 -2 1 -1 2 -1 2 -2 2 -2 1 -2 31 26 -2 -7 1 -1 0 -2 0 -1
1 -4 85 -88 66 -90 0 -16 -1 -3 13 3 38 28 7 21 -21 2 1 -1 22 52 1 -20 -48 14 1 -2 2 -2 2 -2 3 -3 2 -2 3 -2 3 -2 2 -2 2 -2 2 -3 2 -1 2 -2 2 -2 1 -2 -211 65 19 8 7 -6 1 -3 -2 -2
0 11 51 59 58 -95 65 -85 -1 -3 56 -52 38 26 1 -1 0 0 9 -40 1 -32 -1 25 0 1 1 -2 2 -2 2 -2 3 -4 3 -1 3 -2 3 -2 2 -2 2 -2 2 -2 -7 37 2 -2 1 -2 1 -2 3 -7 -202 71 -14 -19 3 -1 -2 -5
0 3 35 54 67 -104 29 15 1 -14 15 -39 -10 -39 1 -1 0 1 10 26 0 -15 21 44 0 -2 2 -1 31 -54 3 -3 3 -1 2 -3 2 -3 2 -3 2 -2 2 -2 -163 83 -50 117 2 -2 1 -2 1 -2 12 23 20 6 8 -4 -217 57 -232 72
0 -24 35 43 24 42 15 24 -2 -2 15 -12 22 37 2 3 -1 1 15 -1 1 14 1 -35 -23 -6 1 -2 2 -2 3 -2 3 -3 2 -3 3 -1 3 -3 3 -2 2 -3 -156 78 2 -1 1 -2 1 -2 -102 -110 32 40 14 4 7 -6 -1 -2 -156 -127
28 38 -1 -21 94 -119 24 34 25 -5 15 -6 -1 6 -46 -26 -32 -30 17 8 1 -71 0 17 -6 14 -1 -5 2 -3 3 -3 3 -3 2 -2 3 -3 3 -3 3 -3 2 -2 -174 73 3 -10 1 -2 1 -2 -157 3 -95 -122 13 -3 -227 26 -22 -28 -223 30
28 53 21 2 8 -2 -7 8 -28 -24 15 5 -11 4 -13 25 0 4 18 -85 0 -71 -49 -63 -4 -29 1 -3 2 -2 3 -3 2 -3 3 -3 3 -3 3 -4 3 -4 2 -2 1 0 -5 23 1 -2 8 10 -194 -26 1 2 4 -3 -205 26 8 -8 -224 23
0 14 0 5 -1 13 -7 25 0 23 -22 -65 62 -139 -13 20 0 -1 17 -99 0 1 -50 -42 1 9 2 0 2 -3 2 -3 3 -3 3 -3 2 -3 3 -4 3 -4 2 -3 2 -3 1 -1 0 -2 1 -1 -92 -128 24 4 12 -16 -204 20 6 4 -10 -15
0 13 11 19 -3 22 205 -46 0 18 50 -145 0 15 192 17 0 8 134 -15 0 -2 -12 -112 -33 -75 -21 -55 1 -3 2 -3 2 -3 2 -3 2 -3 3 -4 2 -3 3 -4 0 0 1 -3 0 -1 1 -1 2 0 -100 -147 5 -28 -138 -156 -12 1 -32 -47
0 7 19 20 -2 15 0 18 -24 -80 49 -155 4 -7 192 5 -1 -2 -21 -38 -19 -44 -14 -132 -3 -34 -19 -43 1 -3 1 -4 4 -4 3 -4 18 -29 2 -3 3 -5 2 -4 1 -2 1 -3 0 -2 -2 18 1 -2 3 -1 0 -8 7 -45 2 -17 -194 0
2 12 0 6 -1 8 0 6 -1 3 -23 -98 -33 -94 0 -2 12 -5 -2 -2 -13 0 3 -3 -4 -2 3 -3 1 -3 2 -2 1 -2 2 -3 3 -5 2 -4 1 -3 0 -1 1 -3 0 -2 0 -2 -6 10 -2 -5 -1 -3 1 -2 1 -2 -2 -10 0 -3
1 15 -5 -7 0 5 -8 6 -24 -18 207 -30 1 -3 -1 -2 45 -10 -2 -2 161 50 94 20 -2 3 -2 1 1 -3 0 -4 2 -3 2 -3 2 -3 -1 -4 1 -3 1 -3 0 -2 0 -2 3 -8 -1 -15 -18 3 -2 -5 -3 1 -1 -3 1 -2 -1 -3
1 20 -6 3 8 16 -7 7 0 2 -3 2 0 -2 -19 42 115 21 12 -12 10 7 1 -3 107 12 -3 1 1 -4 0 -2 0 -4 1 -3 1 -3 1 -3 0 -3 2 -4 1 -4 0 -2 0 -2 -2 -1 -178 -161 -18 3 0 -2 -45 19 -71 42 -1 -3
1 8 10 13 0 9 -9 6 -10 -17 0 -2 181 35 129 5 -12 -3 107 35 -6 7 2 -5 3 -7 -17 30 -33 32 0 -2 0 -7 1 -3 0 -3 0 -3 0 -3 -1 -2 -1 0 61 39 1 -2 -180 -169 -179 -178 -181 37 -148 25 -166 -9 -162 -14 -9 31
0 4 1 10 -2 6 -10 4 -3 2 0 -2 140 -2 38 -3 -21 17 104 22 109 18 92 5 -32 21 -36 22 1 -5 0 -2 1 -3 0 -3 0 -2 0 -3 0 -3 0 -2 -10 20 2 -2 -140 31 1 -4 0 -2 -116 4 14 -14 1 -16 -52 16 -72 29
1 10 -1 19 0 0 0 -2 0 -2 -2 6 31 9 6 -25 175 -27 110 16 -13 -29 134 18 -44 14 130 -23 0 -2 0 -2 1 -3 0 -4 1 -3 -1 -1 1 -3 0 -2 -122 -6 57 19 41 11 -11 -15 0 -3 -43 16 -116 -7 13 1 -198 14 -1 23
0 1 0 1 0 4 0 -2 0 -2 -1 2 144 -17 116 9 -13 -4 -10 9 116 -4 3 -3 78 14 0 -2 0 -1 0 -2 0 -2 -1 -1 0 -3 0 -2 0 -2 -2 2 -97 -8 -110 -29 1 -3 0 -3 -1 -3 24 -32 -167 1 -151 9 -57 -13 -57 -6
2 7 -6 -16 0 -5 0 -2 0 -2 141 8 196 -13 18 -45 121 -18 -26 -19 25 -19 156 -26 88 -18 -42 -25 0 -1 1 -3 0 -2 -1 -1 0 -2 -31 -18 0 -2 5 -14 -122 -20 -4 0 -108 -2 1 -2 15 -17 -145 -21 -3 5 0 -1 -1 1 -20 -1
0 -1 -5 -16 0 -2 0 -2 0 -3 202 0 2 -7 171 -11 107 -4 8 -50 24 -20 141 -44 -1 -4 -12 -12 1 -4 0 -2 0 -2 1 -2 0 -3 1 -3 -1 0 -90 -49 -3 -12 -13 -11 -83 -26 0 -2 0 -3 -157 -11 1 -3 1 -3 -4 -3 -172 -57
