0 0 0 0 0 0 0 0 0 0 0 0 1 17 1 11 0 0 0 0 0 0 2 0 1 0 0 0 0 0 1 0 0 0 0 0 0 0 1 0 0 0 6 0 -1 0 -3 0 1 0 12 0 -9 0 0 0 1 0 -1 0 0 0 0 0
0 0 0 0 0 0 0 0 0 0 3 -4 0 -3 0 -4 0 -1 0 -1 1 -1 -7 -3 3 -1 0 0 -22 -2 -8 -3 0 0 0 -2 0 0 2 1 -4 -5 68 44 33 10 4 -1 55 39 -8 -6 38 31 31 16 0 -1 1 2 0 2 -2 0
0 0 0 0 0 0 0 0 0 0 0 -1 0 -2 0 -3 0 7 0 0 34 3 131 115 135 151 -9 15 104 115 -37 -8 0 -1 0 -2 0 0 0 -1 0 -1 -1 -1 -6 -5 2 -2 -1 -4 24 22 18 20 -9 -11 5 10 0 -8 1 -1 -15 2
0 0 1 0 0 0 0 0 0 0 1 0 0 -1 0 -4 0 3 0 5 -57 68 -36 147 -19 -7 -16 15 -19 6 -30 -3 1 0 0 0 1 0 2 0 2 0 2 0 1 0 1 0 -4 -5 40 35 19 14 12 15 21 8 -13 -17 5 -2 -2 -3
0 0 1 0 -1 0 0 0 0 -1 0 -1 0 0 0 -4 0 6 0 3 -56 77 8 0 2 -3 -26 2 -36 -1 1 0 2 -1 2 -1 2 -1 2 -1 2 0 1 0 1 -1 1 0 0 0 0 -1 -55 -31 -1 -5 -19 -20 0 0 -4 8 -19 -7
0 0 0 -1 0 -1 -1 -4 -1 -2 -1 -2 0 0 0 -5 0 -2 0 0 26 -6 -6 -7 -35 104 -58 101 0 0 1 0 2 -1 2 -1 2 -1 2 -1 3 -1 3 -1 2 0 2 0 1 0 1 0 -6 -9 -23 -21 20 10 -3 -11 -58 -40 -20 -13
0 -1 0 -1 1 0 0 0 174 169 0 0 0 0 0 -2 0 23 0 -1 -1 -9 -6 -11 -3 8 -22 10 1 0 2 -1 2 -1 2 -1 2 -1 2 -1 3 -1 3 0 -68 -46 1 -1 2 -1 2 0 1 -1 1 2 -34 -31 -40 -42 -56 -45 -57 -47
0 0 0 0 0 0 0 0 -1 0 0 0 0 0 0 0 0 5 0 -9 15 15 120 100 2 -1 1 -3 2 -1 3 -2 2 -1 3 0 3 -1 2 -1 -86 8 42 94 0 -4 2 1 2 0 2 0 1 0 1 1 20 12 -2 -3 -2 -1 -5 -6
0 0 -1 0 -2 0 -1 0 -2 0 -3 0 -4 0 0 0 0 -2 0 5 0 0 1 4 -1 7 1 1 2 -1 3 -1 3 -1 2 -1 2 -1 2 -1 2 0 -59 -28 2 -1 2 0 2 -1 2 0 1 0 1 2 -1 -2 -6 -8 -57 -45 -29 -19
204 157 0 0 -1 0 -2 0 20 1 -4 0 -3 0 1 0 0 1 0 2 14 47 0 0 -34 48 1 1 2 0 3 0 2 -1 3 -1 2 0 3 -1 2 -1 -151 69 2 11 2 -7 2 0 2 -1 1 0 1 0 -1 -1 -11 -10 -19 -14 -76 -55
0 0 -1 0 0 0 -1 0 1 0 0 0 0 0 -1 0 0 0 0 1 5 2 -40 9 -35 28 2 0 2 -1 2 -1 3 -1 3 -1 3 -1 3 -1 3 -1 2 -1 51 48 2 -10 2 0 2 0 1 0 1 -2 5 4 11 4 2 0 0 -1
0 0 0 0 205 70 0 3 -3 31 58 -8 -10 45 -4 0 32 72 14 33 -11 10 0 16 1 -5 2 -1 2 -1 3 -1 3 -1 3 -1 3 -1 3 -1 3 0 2 -1 1 -1 1 28 2 -1 2 0 1 0 1 -1 0 -1 7 3 3 -1 0 -2
0 -3 0 0 -1 -5 1 -1 0 8 50 71 40 53 22 -40 31 52 0 -7 1 57 0 53 2 0 2 -1 2 -1 3 -1 3 -1 3 -1 3 -1 3 -1 3 -1 3 -2 -161 89 41 -2 2 -1 2 -1 1 -1 1 -1 3 2 0 0 -5 -4 -3 -4
0 0 34 85 39 54 65 -63 1 -12 17 1 22 38 43 -38 29 58 2 0 0 -5 -36 12 -50 15 2 -1 2 -1 3 -1 3 -1 3 -1 2 -1 3 -1 3 -1 3 -1 -93 -89 2 -1 2 -1 2 -1 1 0 1 -1 1 1 0 -3 -18 -14 -17 -10
0 -10 11 -26 -1 -4 30 40 0 1 22 10 38 -35 0 -1 1 11 -1 -14 0 17 -17 41 -9 16 1 -1 2 -1 3 -1 3 -1 3 -1 3 -1 2 -1 3 -1 3 -1 2 -1 -178 85 2 -1 1 0 1 -1 1 0 24 13 -206 101 -19 -18 -18 -12
0 -1 12 -28 67 -89 65 -77 1 -12 0 -28 1 -5 -14 14 0 -6 0 -23 -10 -8 0 30 0 -3 1 -1 2 -1 2 1 3 -1 3 0 3 -1 2 -1 3 -1 3 -1 -6 29 0 20 2 0 1 0 1 0 17 18 -1 0 -213 73 -20 -19 -233 92
0 0 53 44 198 13 -1 2 1 -23 33 23 39 30 0 1 1 5 25 -14 1 0 8 -32 -19 -50 1 -1 2 0 3 -2 3 0 3 0 3 0 2 -1 2 0 2 0 -4 26 2 0 2 0 1 0 1 0 -94 -108 -4 -2 0 0 -15 -13 0 0
0 4 92 -107 94 -106 0 -11 3 -44 14 -9 23 37 -14 27 -31 -27 18 -10 2 -46 1 18 -22 0 2 1 2 0 3 -1 3 -1 2 -1 3 0 3 -2 2 -1 3 -1 -3 21 1 -6 2 -1 1 0 1 -1 9 38 3 6 -213 40 -5 -11 0 -1
1 5 1 7 -2 -10 -8 -23 81 -103 -14 -3 25 29 1 10 0 12 0 5 0 1 2 -62 0 -4 1 0 2 0 3 -1 3 -1 3 -1 3 1 2 -5 3 1 3 -1 5 -7 3 -14 2 0 1 0 -159 -3 -131 -121 3 13 -223 26 2 -3 -20 -13
0 -36 0 1 8 -4 -7 6 0 4 1 14 -23 -19 2 2 0 12 19 -74 -11 -64 1 -5 -32 -59 1 0 2 0 2 0 3 0 3 0 3 0 3 0 2 2 3 -1 4 -1 -10 15 1 1 3 5 -169 0 -176 31 5 -14 12 5 -8 -15 -226 18
29 42 20 -7 223 -3 -9 15 -21 -53 1 8 0 0 -46 -51 0 -2 -19 -32 -9 -26 -17 -10 -22 -24 2 1 2 1 3 1 7 10 4 0 3 0 2 0 3 -1 2 1 4 -1 1 1 0 1 0 0 2 0 -106 -142 5 13 0 -14 0 0 0 -12
1 -77 1 2 215 -30 197 -48 26 8 14 -10 -8 3 -47 -66 -35 -45 138 -27 -1 0 2 -7 -34 -73 -34 -71 1 0 2 1 3 1 2 1 3 0 2 1 3 -1 17 -19 2 0 0 2 0 2 1 1 0 0 -3 -28 1 -16 11 -11 1 1 -20 -16
1 7 11 10 -1 8 -7 3 -4 -18 -24 -71 34 -155 185 -3 -34 -63 -56 -37 17 -126 -50 -42 1 0 2 0 1 0 3 4 12 -87 12 -89 4 -2 3 0 2 0 3 -1 -8 12 1 0 1 -1 3 1 0 0 -2 -1 5 3 -196 19 -9 -5 -212 18
0 5 0 2 -1 6 0 6 202 -25 13 -11 -33 -90 0 0 1 0 1 0 1 0 1 0 1 0 2 0 0 0 2 1 6 1 2 1 4 -1 2 0 2 0 1 0 1 0 0 1 0 1 -3 2 -2 1 -1 0 3 2 0 0 -9 -5 -156 -163
20 38 -7 -17 -1 4 198 -88 -21 -24 201 -36 -1 1 -1 1 137 25 0 0 151 37 -1 0 3 -4 1 -2 0 0 0 1 1 0 3 0 2 0 1 -1 0 0 -1 1 2 -1 2 -3 7 -13 0 -9 1 0 -9 -3 0 1 -178 8 0 0 -2 -1
9 32 -6 -21 226 -85 195 -100 0 1 -2 3 2 -2 26 -7 -15 10 -10 8 99 38 0 0 99 6 4 -7 77 28 0 1 -1 4 1 0 1 0 0 0 1 0 0 0 -1 2 -1 2 0 -1 1 0 -182 -166 9 46 -7 10 -162 10 -167 -1 -184 32
0 3 2 7 226 -94 -9 6 0 0 0 0 0 0 25 -17 5 -2 6 9 144 -4 156 -4 0 0 126 7 -33 39 1 -3 0 0 0 0 1 0 1 0 1 0 0 0 0 0 58 26 0 -1 -96 -21 0 -1 0 -1 -121 9 -158 -3 -164 39 -174 -16
0 2 -6 -19 -11 -8 -18 -11 0 0 0 0 49 -3 38 26 18 -8 157 4 -16 9 149 13 141 -10 -27 -1 -2 8 0 1 0 0 1 0 0 1 0 0 1 0 0 0 0 0 61 10 -143 -2 -179 -175 0 -1 -140 -10 -157 3 -48 15 -164 -5 -9 13
0 3 0 -2 -10 1 0 0 0 0 -1 6 147 23 134 21 173 -14 158 -17 3 -2 158 -2 7 9 144 -5 0 1 0 0 0 0 0 0 0 0 0 0 1 -1 -1 2 -70 -3 -97 -27 43 12 -1 -1 0 0 -137 4 -126 -10 -127 -1 -176 2 -16 5
4 16 -7 -17 -10 -5 0 -1 0 -1 1 -7 24 -32 43 -13 34 1 142 11 156 -11 -23 -26 145 -9 1 -2 0 0 0 -1 0 0 0 0 0 -1 0 0 0 -1 -2 4 -96 9 -112 -30 0 0 0 -1 1 -1 -1 -2 -40 -3 -134 -10 -54 9 -5 1
0 0 1 4 -1 0 0 -1 0 -2 28 -3 181 -3 138 -19 169 -6 37 -21 0 2 -28 -12 -48 -9 111 -17 0 0 -1 1 0 0 1 -2 0 -1 0 -1 0 -1 -89 -19 -126 -29 52 -8 6 2 1 0 -112 -19 0 -1 -3 7 -2 0 3 -5 -14 0
0 -3 -2 -5 0 -1 0 -1 0 -1 54 -4 13 -41 -4 -48 -15 -38 -3 -14 6 -8 141 -33 135 -36 0 0 1 -3 0 0 0 0 0 -2 0 -2 0 -2 0 -1 68 -27 71 -33 -7 -10 41 -35 0 -1 0 -1 26 -49 0 -2 -1 0 -195 -2 -172 -55
