0 0 0 0 0 0 0 0 0 0 2 0 1 16 0 0 0 0 0 0 0 0 0 0 0 0 -8 0 0 0 60 44 0 0 0 0 0 0 -2 0 88 56 19 0 -1 0 58 47 -18 0 -3 0 0 0 -5 0 -1 0 1 0 0 0 0 0
0 0 0 0 0 0 0 0 0 0 1 -5 0 -2 0 -2 0 3 0 0 139 119 -8 -2 -18 -2 0 0 -29 -4 1 1 0 0 0 0 0 1 6 5 54 33 75 47 68 44 2 2 0 3 -3 6 9 13 -3 -2 1 0 0 8 -1 3 -19 -2
0 0 0 0 0 0 0 0 0 0 0 0 0 -3 0 -2 0 2 0 -1 0 -2 3 5 -4 5 -8 17 -35 -3 -38 -8 0 0 0 0 0 0 0 0 66 52 66 53 9 3 1 2 36 35 -32 -9 -13 0 12 15 -7 -3 -9 -7 -6 7 -31 -13
0 0 0 0 0 0 0 0 0 0 0 0 0 0 0 0 0 -3 0 0 -42 145 -1 -2 0 0 -82 108 -55 129 96 108 0 1 1 0 1 0 1 0 1 0 1 0 1 0 -4 -1 11 7 32 39 -37 -14 31 26 20 10 -17 -19 6 -4 -35 -20
0 0 0 0 2 1 1 1 2 3 0 0 0 0 0 0 0 4 0 -1 -68 91 -64 68 -6 3 -8 26 -86 102 0 1 1 0 2 0 2 0 2 0 2 0 1 0 1 0 1 0 0 0 0 0 21 24 3 7 -33 -26 -18 -19 2 0 -4 1
0 0 0 0 0 0 181 174 -1 -3 0 0 0 0 0 -1 0 -1 0 -4 6 8 -64 69 -39 93 -57 102 0 0 1 0 2 0 2 0 2 0 3 0 2 0 3 0 1 0 1 0 2 0 0 0 3 3 12 15 -39 -31 0 3 1 2 -44 -34
0 -1 0 1 -1 0 0 0 173 169 -1 -3 0 0 0 0 0 0 0 0 0 -6 1 0 -38 85 -66 81 0 0 1 0 2 0 2 0 2 0 2 0 2 0 1 0 1 0 2 1 1 0 -198 -34 1 1 3 7 -25 -25 -25 -28 -56 -41 -25 -11
0 0 -1 0 -5 0 -11 0 -6 0 -8 0 1 0 0 0 0 0 0 -6 -44 61 -48 85 -4 10 -1 12 1 0 1 1 3 -1 2 0 2 0 2 -1 -86 54 1 0 1 0 -163 168 1 0 1 0 0 -3 0 0 20 13 15 9 -57 -41 -16 -3
10 1 -5 0 12 1 -7 0 -8 0 -6 0 -6 0 0 0 0 -7 0 3 -35 25 116 89 8 -12 0 0 2 -2 0 15 2 0 2 0 1 0 1 0 1 0 42 85 6 47 50 53 1 0 1 0 1 2 1 2 18 13 -7 -5 -8 1 -35 -25
0 1 -1 0 -8 0 -7 0 -10 0 -7 0 -8 0 1 0 0 0 0 -1 0 4 -38 17 -42 23 0 3 1 0 2 0 3 0 2 0 1 -1 0 -1 2 0 2 6 1 -1 54 40 1 0 1 0 27 145 1 4 0 2 14 9 4 3 -4 -2
2 0 4 0 -1 0 -8 0 24 1 16 1 -7 0 -4 0 0 0 10 13 -10 14 -38 16 -58 44 1 1 16 -26 2 0 4 -1 2 0 13 59 2 -1 1 -1 -83 22 3 7 36 21 -1 27 1 0 0 0 -72 -64 -1 1 -12 -9 1 1 -4 -3
0 86 226 74 232 97 63 -65 0 5 46 83 -1 2 32 82 15 -15 2 12 0 23 -2 38 -54 2 1 0 2 -1 2 0 11 3 -2 -14 2 0 2 0 3 1 -7 -26 37 41 0 0 2 0 1 0 1 0 1 2 22 17 -13 -10 -18 -13 -24 -15
2 -5 -1 9 24 83 15 75 0 12 1 -6 47 2 35 14 34 70 11 21 24 66 9 15 2 0 2 0 3 0 3 0 2 0 3 -1 3 -1 2 -1 2 -1 1 -1 -160 65 54 13 1 0 1 0 1 0 0 2 -2 2 0 4 -235 144 -10 -5
1 -2 90 -84 72 -76 -9 18 2 -12 22 12 0 3 35 50 0 -6 0 -9 -2 18 -2 35 -49 0 1 -1 2 -1 2 -1 2 -1 2 -1 2 -1 3 -1 2 -1 2 -1 -103 -93 -59 -87 1 -1 1 0 1 0 1 0 -209 94 0 2 -5 1 -1 0
29 64 0 0 0 6 -1 26 1 -5 21 2 36 32 33 59 -1 -1 33 54 22 47 1 27 0 8 1 2 1 -1 2 -1 3 -2 2 -1 3 0 2 -1 2 -1 2 -1 1 0 44 1 1 0 1 0 0 0 1 0 15 13 -7 -3 -217 97 -26 -17
29 56 85 -87 8 13 -9 2 70 -72 21 -6 23 22 27 -68 27 41 9 15 23 28 -4 13 1 2 1 0 2 -1 2 -1 2 0 3 0 2 -3 5 1 2 0 2 0 1 0 0 1 1 0 1 1 1 0 31 31 15 6 -1 5 2 2 -8 -4
30 43 11 -16 23 32 185 18 2 -5 51 26 3 -4 -17 14 0 1 11 -4 23 36 -3 12 -31 -32 1 -7 2 0 3 -2 2 0 2 -1 2 -1 0 -3 1 -1 1 0 -2 18 -169 106 1 0 1 0 1 0 1 30 -134 -114 12 14 -4 1 -25 -17
1 -15 20 -35 37 7 -1 -14 60 -32 36 -85 22 37 -29 -12 0 3 -24 -33 0 -1 0 9 0 24 2 0 1 1 2 -1 2 0 2 0 2 -1 -4 -66 2 2 -66 17 2 -9 42 -41 1 0 1 0 0 2 -127 -107 -138 -121 -207 21 -11 13 -19 -8
30 36 85 -104 71 -101 59 -112 2 2 1 -4 6 -15 35 -106 -1 5 16 -2 -9 -21 2 -51 1 -7 2 -1 2 0 2 0 2 -1 2 0 3 1 -26 -66 2 1 -95 -64 1 1 -4 -89 1 0 1 0 -136 30 -161 18 -8 12 -3 21 -120 -126 -19 16
29 19 1 -2 0 -1 -8 5 0 -2 0 -4 59 -112 -30 -36 -33 -17 17 7 0 -49 1 -26 1 -14 1 -3 0 -2 2 0 2 0 2 0 2 -1 2 -1 1 2 1 0 68 -44 -9 11 1 1 1 1 -138 22 -164 12 -7 -17 -226 -48 -4 15 -27 -22
29 35 233 20 -1 0 0 -4 -23 -36 -14 -42 1 -4 1 1 0 1 -17 -34 22 14 0 -19 0 0 -1 -8 2 0 2 0 2 0 2 0 2 0 2 0 1 1 1 0 6 -5 1 -1 0 1 0 0 -2 -11 -1 3 -130 -138 -224 3 -1 7 -23 12
2 2 235 -26 231 -20 -10 2 0 -8 -16 -55 164 -20 -49 -54 0 -15 14 -114 0 1 -48 -74 1 -29 2 -12 -15 -8 2 1 1 0 0 1 2 1 2 -1 2 -1 2 -1 3 -3 0 2 0 1 0 0 0 0 -162 -26 -9 -40 9 3 -2 8 -1 4
1 -1 0 -3 8 -16 -8 -7 -1 -19 -1 -18 165 -41 0 5 0 -1 -32 -36 -12 -3 -50 -52 16 -2 -5 1 1 0 2 1 2 1 2 0 1 0 2 0 2 0 1 1 2 0 1 0 -1 3 1 2 1 1 -2 -1 -1 0 -138 -157 1 1 -193 -5
8 22 -8 -79 9 -14 -7 -8 -27 -31 -14 -35 -1 -3 -1 1 13 -2 -3 1 -13 3 3 0 -11 2 3 0 1 0 2 1 1 0 3 0 2 0 2 0 2 0 -5 3 0 1 0 1 -1 3 -1 -4 3 1 0 0 3 2 1 1 1 1 -149 -165
7 13 22 16 0 -3 -8 -4 -29 -37 180 -59 2 -1 1 0 10 1 110 19 108 25 97 26 126 51 8 -6 0 1 0 1 0 0 0 0 3 0 1 1 2 0 -1 2 -2 3 1 -1 0 2 -11 5 3 -4 1 0 4 0 -177 9 -1 0 -1 0
19 28 -1 -13 1 -7 -7 -10 -29 -42 -1 2 -1 2 -17 47 168 32 6 30 106 32 0 0 -1 5 2 -2 -24 1 0 2 0 3 -1 -1 0 1 2 0 -2 2 2 0 1 -1 5 -8 -4 3 -1 2 -171 -150 -31 7 1 0 -168 -4 -177 17 -1 0
0 -9 0 -6 10 4 -8 -11 1 -2 0 1 192 38 162 3 116 8 17 39 1 -1 -3 6 0 1 -10 40 -55 11 0 2 1 0 0 1 2 1 1 1 -1 0 0 1 0 1 18 13 -3 0 -2 0 -179 -169 -133 37 -42 22 -48 23 -53 24 -2 0
1 -9 -1 -10 9 -3 0 0 1 -1 0 1 39 29 2 0 172 -3 121 26 -18 6 -26 -17 -31 24 128 -12 1 -2 0 2 0 1 0 1 1 -1 0 1 0 1 0 1 -10 23 -15 29 -119 -14 -2 -1 0 2 -156 1 -164 6 -3 -12 -11 -10 -74 21
1 -3 -6 -23 2 -8 0 1 0 1 0 1 41 23 174 -12 0 1 -6 -2 -2 1 2 -21 1 1 78 -2 0 2 0 1 0 1 0 1 0 1 1 0 0 1 0 1 7 5 -111 -1 0 0 0 1 0 1 -135 -12 -155 8 -167 2 -135 -21 -200 16
2 2 -8 -29 -1 -9 0 1 0 1 2 -7 1 16 13 2 182 -9 0 1 133 14 -21 -8 -20 -13 -46 -14 0 1 0 1 -1 3 -1 3 0 1 0 2 0 1 0 1 -97 -20 -79 -27 0 0 0 1 1 0 0 4 -1 2 -124 -8 -70 8 -7 5
0 1 1 -7 3 -3 0 1 0 1 177 -18 15 0 39 -24 7 5 -4 -40 -11 -40 20 -41 0 2 -9 6 0 1 6 -10 -1 3 0 2 0 1 0 1 1 -1 -88 -14 -82 6 -113 -3 -12 -10 -126 -38 0 0 -114 5 4 -6 0 1 2 -5 -18 1
0 -7 -6 -25 0 0 0 0 0 0 34 -39 184 -51 188 -11 172 -11 0 0 -23 -25 20 -48 0 0 3 -7 1 -1 1 -1 2 -3 0 -3 0 0 0 0 2 -3 -94 -17 -71 -10 -110 -37 -122 -25 1 0 -168 -21 -114 -23 4 -8 3 -1 -52 -38 -1 -44
