0 0 0 0 0 0 0 0 0 0 0 0 0 0 0 0 0 0 0 0 0 0 0 0 0 0 0 0 -1 0 0 0 0 0 0 0 0 0 0 0 1 0 -2 0 0 0 -6 6 -7 0 -10 0 -1 0 -1 0 0 0 0 0 0 0 -18 1
0 0 0 0 0 0 0 0 0 0 -2 -6 0 0 0 0 0 0 0 1 141 122 2 0 -20 -2 2 2 -22 -2 -1 0 0 0 0 1 0 1 21 12 30 13 29 13 33 18 35 36 21 17 5 6 23 28 30 17 -5 -2 -3 7 -1 5 -2 -5
0 0 0 0 0 0 0 0 0 0 0 0 0 0 0 0 0 5 -49 72 -66 97 158 160 -90 95 -91 103 0 1 -10 -3 0 1 0 1 0 0 -2 -1 61 48 73 52 0 0 59 45 8 3 22 27 35 30 3 8 -8 -5 -4 -4 -21 -15 -19 4
0 0 0 0 0 0 0 0 0 0 0 0 0 0 0 1 0 8 -58 97 1 7 -38 162 6 -5 -83 107 -101 96 0 0 0 0 0 0 0 0 0 0 0 0 0 0 0 0 13 10 53 42 23 29 -3 -2 -2 -1 -26 -21 -13 -12 4 3 -33 -13
0 0 186 188 -1 1 0 1 2 3 0 0 0 0 0 0 0 2 0 1 127 120 -34 125 1 4 -9 13 -1 2 0 0 0 0 0 0 0 0 0 0 0 0 0 0 1 0 0 0 1 1 27 33 15 18 -24 -16 18 12 15 -1 -5 8 -8 -2
0 0 0 1 1 1 -1 0 0 0 0 0 0 0 0 2 0 1 0 2 0 3 7 1 111 112 -53 58 0 0 1 0 0 0 0 0 0 0 1 0 0 0 0 0 0 0 0 0 0 0 1 3 -8 -10 -28 -24 19 11 -27 -32 -2 -2 -41 -30
0 1 0 0 -1 0 0 0 -2 -2 0 0 0 0 0 1 0 -1 0 4 0 7 0 8 -5 26 0 0 0 0 0 0 1 0 1 0 0 0 0 0 0 0 0 0 0 0 0 0 0 0 2 5 -3 -2 -13 -16 -2 0 -15 -17 -3 2 -25 -11
0 0 -1 0 -4 0 -9 0 -6 0 -5 0 0 0 0 0 0 -4 -4 94 -42 61 1 0 -64 51 -7 13 1 0 0 0 0 0 -1 3 0 0 0 0 0 0 0 0 0 0 1 0 0 0 0 0 0 2 0 2 10 10 15 4 -73 -47 -16 -2
0 0 1 0 0 0 2 0 18 1 1 0 -5 0 0 0 0 -7 -4 90 0 3 -7 -12 -7 81 0 1 0 0 0 0 0 0 0 0 0 0 -69 9 0 -1 0 0 0 0 0 0 0 0 0 0 10 16 -1 1 14 13 -16 -12 -92 -63 -1 -1
0 0 0 0 0 0 2 0 0 0 1 0 3 0 0 0 0 -1 9 1 -1 67 -6 -13 0 1 0 0 -1 0 1 -1 5 59 0 0 0 0 -79 33 0 -2 -125 84 0 0 0 -1 0 0 0 0 0 0 11 13 -16 -17 1 3 -6 -1 -17 -8
28 0 19 0 12 0 23 0 10 0 10 0 8 0 -15 -1 0 0 8 70 0 62 -2 61 0 1 0 0 -1 5 0 15 0 -1 1 -1 0 -2 0 -1 45 74 -132 89 0 0 0 -1 0 0 0 0 0 1 22 19 -10 -8 5 3 -3 -2 -49 -46
1 1 90 -73 222 93 189 56 -4 46 1 0 -1 0 -16 -1 -1 0 0 34 -1 36 -4 52 0 0 0 0 1 -1 -1 -1 0 -1 -1 -2 0 -1 0 0 -73 -35 42 69 -55 -70 0 -1 0 -1 0 -1 0 0 13 17 5 10 -1 1 -7 -2 -18 -9
1 -4 22 84 0 10 183 34 32 45 0 0 33 -30 33 51 11 40 0 7 0 13 -4 42 0 -1 0 -2 0 -1 1 -2 0 -1 0 0 1 0 0 -1 -1 -1 0 -4 0 -1 0 -1 0 -1 0 -1 0 -1 31 33 -6 0 1 4 8 7 -26 -19
8 77 48 82 0 2 65 -62 -1 25 47 58 35 34 35 44 1 7 0 19 0 4 0 -1 0 -1 0 -1 0 -1 0 -1 1 -1 1 -1 1 -1 0 -1 44 43 43 61 0 -1 0 -1 0 -1 0 -1 0 -1 -1 1 21 19 -15 -9 -7 2 -19 -8
0 5 48 72 75 -82 28 35 40 51 1 7 34 27 36 59 33 60 -1 4 0 -2 -2 49 0 -1 0 -1 0 -1 0 -1 0 -1 1 -1 0 -1 1 -1 -103 -8 0 -1 0 -1 0 0 1 -1 0 -1 -40 35 2 9 18 17 -1 2 -2 1 -33 -21
0 24 25 43 9 -17 -1 4 0 11 55 56 38 6 5 -13 33 52 9 7 1 -14 -17 -30 0 0 0 -1 0 0 1 -2 1 -1 1 -1 0 -1 0 -1 0 -1 0 -1 0 -1 0 0 0 -1 0 -1 -1 3 21 14 16 14 0 7 -23 -17 -1 0
1 9 10 4 37 23 0 -2 5 -23 32 18 34 10 0 -2 1 -2 8 -34 0 -19 -17 -39 0 -2 0 0 0 0 1 -1 1 0 0 -1 0 -1 0 -1 0 -1 0 -1 0 -1 0 -1 0 -1 0 -1 0 0 26 32 -202 34 -14 0 -151 -118 -1 5
0 -9 33 30 0 4 47 39 11 -12 -1 -10 20 23 0 -1 9 23 -6 -38 -1 -12 -18 2 0 -2 1 -3 0 -2 0 -1 0 -2 -1 -2 0 -1 0 -1 0 -1 75 45 -1 -4 0 -1 0 0 0 0 -2 -1 -128 -111 15 25 11 30 0 8 -18 -8
30 34 0 -1 8 -37 30 -9 47 35 0 -3 20 34 -36 -19 0 -14 1 -5 0 -49 -4 15 0 -2 1 -1 0 -1 0 -1 0 0 0 -1 0 -1 1 -2 0 -1 74 36 -1 0 0 -1 -187 0 -134 -60 -138 30 -140 -120 23 32 11 17 -145 -130 -18 23
27 7 67 29 8 -15 -8 4 25 -17 -10 -37 -12 -5 -30 -15 0 3 -31 -34 0 -51 -6 -82 1 1 0 -1 0 -1 1 -1 1 -1 0 -1 1 -12 0 -1 0 -1 -146 -56 -1 1 0 -1 0 0 -156 -29 -138 24 -142 -130 22 11 0 29 0 19 0 23
1 1 18 -11 0 0 15 34 -13 -17 20 -7 164 11 -36 -34 0 -6 -31 -36 -1 -68 0 -27 -1 -4 0 -1 0 -1 0 -1 0 -1 1 -1 0 -1 0 -1 16 -17 0 -1 -1 0 18 -120 0 0 -1 -2 -3 -22 -163 23 13 8 -133 -146 6 25 -26 -10
27 30 32 28 0 0 205 -5 -13 -57 -15 -61 161 -10 2 -5 0 -16 -18 -42 0 -94 0 -34 -21 -81 -1 -2 0 -1 -1 -1 0 -1 0 -1 0 -1 -1 0 68 -63 0 -2 -1 5 0 -1 0 -1 3 4 0 0 -162 -10 -137 -149 -222 -73 -158 -150 -166 -153
28 38 223 -9 231 -31 0 -7 -1 -14 -16 -47 -1 -11 2 4 -32 -83 10 -122 -44 -75 -52 -51 -33 -74 0 1 0 -2 0 -2 0 -2 -1 -2 0 -2 20 -99 0 -1 -10 18 0 -2 -1 1 -1 1 3 4 0 0 -160 -26 -8 -29 -201 13 -187 9 -158 -151
20 25 11 -15 8 -2 0 2 1 0 -24 -47 165 -33 -36 -82 -35 -57 -37 -34 2 -1 11 -2 4 -1 -2 0 0 -1 -1 -1 -1 -1 -1 0 0 -1 0 -1 -1 1 -150 55 1 -2 -2 3 -1 1 10 5 2 1 -1 -1 24 12 16 8 -229 -70 -231 -86
20 15 0 -5 8 6 -18 -14 -1 -7 0 -2 -1 0 -1 0 3 -1 -2 0 -7 1 -3 0 126 51 0 -1 0 -1 -1 -2 0 -2 0 -2 0 -1 -1 -1 0 3 0 -1 2 -3 1 -4 -4 7 0 0 1 -2 1 -1 0 0 -1 -1 -18 -10 -215 -8
6 17 18 6 8 0 1 7 -21 -31 0 -1 0 -1 1 -1 -5 2 16 13 0 0 135 15 -1 0 113 9 0 -1 0 -1 -1 -1 0 -1 0 -1 -147 37 -1 0 3 -4 -2 2 1 -3 -1 0 0 0 0 0 0 0 -167 23 -128 26 -7 -3 -15 -7
5 9 0 -9 214 -92 1 1 -13 -42 0 -1 -2 2 163 7 175 0 27 37 100 22 148 30 -1 0 -2 3 -1 0 0 -1 1 0 0 -1 1 -1 -1 0 -1 0 0 -1 0 -2 0 -1 -1 0 -1 -1 0 -1 8 -12 -12 27 -14 34 -15 12 -182 -7
0 -4 11 0 0 -2 -7 -11 0 -1 0 -1 7 8 125 29 39 5 110 30 26 -10 150 -9 9 -14 -31 19 0 -1 0 -1 0 -1 0 -1 -1 -1 -1 -1 0 -1 -3 4 1 -4 45 -10 54 -2 -1 -6 0 0 -173 14 -42 30 -126 3 -56 15 -163 18
7 13 0 -3 -1 -6 1 -3 0 -1 0 0 22 7 19 -13 115 4 6 -10 26 -6 129 5 115 16 0 -8 -1 1 0 -1 -1 0 0 0 0 -1 0 0 0 0 2 -6 1 -4 34 20 -10 10 0 2 0 0 -1 -2 -43 8 9 -5 -15 -1 -175 -5
3 -1 -7 -33 -12 -10 -1 2 0 -1 63 8 16 -13 126 1 12 -16 157 -10 139 -11 -8 -26 7 -26 -37 -12 0 -1 0 -1 -1 0 0 -1 0 -1 2 -3 -2 2 -6 12 5 1 -1 0 -1 0 0 -1 0 -1 -110 -22 -12 11 -56 -2 -58 12 -16 -22
0 1 -8 -39 -12 -13 0 -1 0 -1 28 -15 31 -19 158 -15 14 -33 33 -35 26 -16 91 -10 -38 3 1 -38 0 -1 0 -1 0 -1 -1 1 0 -1 -28 -28 -2 3 1 -4 33 -2 -81 -29 -1 0 0 0 -1 -1 -1 2 -130 -3 -158 -19 -4 -3 0 -32
0 -5 -6 -23 1 -2 0 -1 0 -1 183 -9 15 -44 23 -24 34 -22 139 -7 13 -30 95 -3 121 -38 112 -8 0 -1 6 -12 0 -1 -1 -3 0 0 1 0 0 -2 17 -4 49 -23 -107 -33 21 -9 -137 -22 -1 -1 4 -36 1 -6 -143 -49 -1 0 -1 -39
