10 25 -2 8 20 38 -2 3 -6 6 1 20 4 40 -10 9 -3 2 -5 10 1 2 0 2 -7 17 -2 1 -5 6 -4 2 -5 14 0 12 6 19 10 18 -3 2 14 2 19 2 -6 14 -14 15 1 2 0 3 1 2 0 2 0 2 0 2 -78 36 16 19 0 2 0 2 49 7 0 2 0 2 1 2 41 5 10 3 6 2 1 2 -1 2 0 2 0 2 0 2 0 2 0 2 0 2 -272 1 1 2 1 3 0 2 0 2 0 2 0 2 0 2 0 2 1 2 1 2 1 2 0 2 0 2
9 23 -1 3 12 26 -4 0 -4 0 -2 6 4 29 -10 2 -4 -2 -8 6 -8 16 -14 -4 -5 13 -5 14 2 -6 -3 -3 -2 2 -2 3 112 9 9 14 6 10 6 5 -10 7 -6 8 0 2 0 2 0 2 0 2 0 2 0 2 0 2 0 2 12 3 -78 26 3 3 59 5 16 4 40 12 -8 16 -33 15 -8 -3 5 -1 -2 0 -12 0 -23 -2 -8 -2 -2 -1 0 2 0 2 0 3 0 3 1 2 0 2 0 2 0 2 0 2 0 2 0 2 0 2 0 2 0 2 1 2 1 2 0 2
8 28 -8 -13 0 4 -1 3 -6 -15 -10 -12 0 3 -10 -3 0 -5 -6 8 -13 6 -9 11 0 11 -2 3 0 3 0 5 0 7 -6 -10 -6 -8 93 2 0 6 0 4 16 4 0 6 -24 6 66 -9 0 2 0 3 -71 11 1 2 0 2 24 -5 12 10 -67 21 1 6 2 15 -6 6 51 2 45 -2 32 -1 -6 -5 -28 11 -54 16 -66 19 -5 4 -102 28 0 3 2 3 0 4 1 3 0 2 1 2 1 2 0 2 0 2 16 15 16 11 0 2 14 7 1 2 4 3 1 2 1 1 0 3
0 2 -3 6 -2 4 7 20 -6 2 2 16 0 15 -2 1 0 -19 -6 -19 -6 1 5 11 -4 -5 -9 -5 -5 -1 -2 3 -8 -18 8 11 -8 -10 105 -24 85 -10 17 10 -24 -1 41 3 -32 -2 -52 -11 -32 1 -3 6 -37 11 -79 -3 -46 11 25 -11 -89 12 26 -14 26 -7 6 5 32 3 38 -3 38 -4 -34 12 0 3 22 -3 35 -3 1 2 1 2 0 2 0 2 0 2 1 2 0 2 1 2 -1 2 0 2 0 2 0 2 0 2 0 2 4 9 8 13 3 2 2 1 0 3 0 3 0 2
0 -7 -6 5 -6 -5 -2 8 -22 -24 -12 -6 -3 4 -3 -7 7 15 -10 0 375 8 -16 -26 -4 1 -12 -2 126 30 -16 -10 0 3 0 2 0 4 198 -15 187 -17 67 0 80 -11 59 -4 75 -15 17 2 -41 2 1 2 48 -4 -11 4 0 2 48 -10 0 4 88 -17 40 -2 33 -2 114 -29 0 2 0 2 0 2 0 2 1 2 1 2 1 2 0 2 0 2 1 2 0 2 0 2 0 2 1 2 0 2 0 2 0 2 0 2 0 2 0 2 4 -2 4 -2 -8 -11 1 2 0 2 0 2 0 2
2 5 2 7 -6 -7 -8 -13 -3 2 -1 -1 -1 3 -10 -19 -2 -38 396 -10 0 2 0 2 0 2 1 2 0 2 0 2 0 2 -1 3 137 9 15 8 9 6 1 3 -8 1 106 -28 158 -24 0 2 0 2 1 2 1 2 1 2 0 2 0 2 0 3 0 2 0 2 -142 -7 0 3 0 2 0 2 0 2 0 2 0 2 0 2 0 2 1 2 0 2 0 2 0 2 0 2 0 2 0 2 0 2 0 2 0 2 0 2 0 2 0 2 1 2 -8 11 1 4 -5 10 1 2 1 2 0 2
0 3 0 2 -4 1 1 2 0 2 0 2 -21 -24 -29 -37 38 13 16 7 26 11 367 2 6 7 0 2 0 2 -25 -4 8 6 0 3 -38 -21 -38 -20 -40 -22 -49 -25 -30 -5 0 3 -20 2 -80 -25 0 2 0 2 0 2 0 2 0 2 0 2 0 2 1 2 0 2 1 2 0 2 0 3 0 2 3 2 0 2 0 2 0 2 1 2 0 2 0 2 0 2 0 2 0 2 0 2 0 2 0 2 0 2 0 2 0 2 0 2 0 2 4 3 4 3 1 2 1 2 1 2 1 2 0 2
0 3 0 2 0 2 0 2 0 2 0 2 0 3 -3 2 0 3 0 3 1 3 5 5 -8 3 0 4 0 3 -4 4 1 2 0 2 -6 0 0 2 0 2 0 2 8 2 -1 3 1 2 1 2 0 2 0 2 0 2 0 2 0 2 0 2 0 2 1 2 1 2 0 2 0 2 0 2 -169 -10 0 2 0 3 -224 -33 3 3 0 3 0 2 1 2 0 2 0 2 0 2 1 2 0 2 1 2 0 2 0 2 0 2 0 2 0 2 0 2 0 2 1 2 0 2 0 2 -1 3 -2 0
0 2 0 1 0 2 0 2 0 2 -1 2 0 2 0 2 0 2 1 2 0 2 0 2 0 3 -11 1 0 3 0 2 0 2 0 2 0 2 0 2 0 2 0 2 0 2 0 2 1 2 1 2 0 2 1 1 0 2 0 2 0 2 0 2 0 2 0 2 0 2 0 2 0 2 0 2 0 2 0 2 0 2 -232 -34 0 3 0 2 -265 -48 0 2 0 2 0 2 0 2 0 2 0 2 1 2 0 2 0 2 0 2 1 2 0 2 0 2 0 2 -1 2 -1 2 -1 2 2 1 0 2
0 2 -1 1 0 2 0 2 0 2 -1 2 0 2 0 2 0 2 0 2 0 2 0 2 0 2 0 2 0 2 0 2 0 2 0 2 0 2 -1 2 0 2 0 2 0 2 0 2 0 2 0 2 0 2 0 2 0 2 0 2 0 2 0 2 0 2 0 2 0 2 0 2 0 2 0 2 0 2 0 2 0 2 3 2 0 2 0 2 0 2 0 2 1 2 0 2 1 2 0 2 1 2 1 2 0 2 0 2 0 2 18 3 -4 2 0 2 1 2 1 2 1 2 0 2 0 2 0 2
1 2 0 2 0 2 1 2 0 2 0 2 0 2 0 2 0 2 -1 2 0 2 0 2 0 2 0 2 0 2 0 2 1 2 0 2 0 2 -3 2 0 2 0 2 0 2 0 2 0 2 0 2 0 2 0 2 0 2 0 2 0 2 0 2 1 2 1 2 1 2 0 2 2 2 1 2 1 2 1 2 1 2 0 2 0 2 0 2 0 2 0 2 0 2 0 2 0 2 0 2 0 2 0 2 0 2 0 2 0 2 0 2 0 2 0 2 0 2 0 2 0 2 0 2 0 2 0 2
0 2 -2 2 -1 2 1 2 1 2 0 2 1 2 1 2 0 2 1 2 1 2 1 2 0 2 1 2 0 2 1 2 1 2 0 2 0 2 0 2 12 2 5 2 0 2 -4 2 0 2 0 2 0 2 1 2 0 2 0 2 1 2 1 2 0 2 0 2 0 2 0 2 0 2 1 2 0 2 0 2 0 2 0 2 0 2 0 2 0 2 0 2 0 2 0 2 0 2 0 2 0 2 0 2 0 2 0 2 0 2 0 2 0 2 0 2 0 2 0 2 0 2 0 2 0 2 0 2
0 2 0 2 0 2 0 2 0 2 0 2 0 2 0 2 0 2 1 2 0 2 0 2 0 2 0 2 0 2 0 2 0 2 0 2 24 11 0 1 16 7 7 3 0 1 0 2 0 2 72 11 8 11 0 2 0 2 0 2 0 2 0 2 0 2 0 2 0 2 0 2 0 2 0 2 0 2 0 2 0 2 0 2 0 2 0 2 0 2 0 2 0 2 0 2 0 2 0 2 0 2 -4 4 0 2 0 2 0 2 0 2 0 2 0 2 0 2 0 2 0 2 0 2 0 2 0 2
0 2 0 2 0 2 160 10 0 2 0 2 0 2 0 2 0 2 0 2 0 2 0 2 0 2 0 2 0 2 0 2 0 2 0 2 0 2 0 2 0 2 0 4 0 -1 2 2 0 1 2 0 -8 -2 -1 3 0 2 0 2 0 2 0 2 0 2 0 2 0 2 -18 8 0 2 0 2 0 2 0 2 0 2 -1 2 0 2 0 2 0 2 0 2 0 2 0 2 0 2 0 2 0 2 0 3 8 -16 0 2 0 2 0 2 0 2 0 2 0 2 0 2 0 2 0 2 0 2 0 2
0 2 0 2 0 2 0 2 0 2 0 2 0 2 0 2 0 2 0 2 0 2 0 2 0 2 0 2 0 2 0 2 0 2 0 2 0 2 0 2 0 2 2 2 0 2 0 2 -16 -16 0 2 0 2 0 2 0 2 0 2 0 2 0 2 0 2 0 2 0 2 0 2 0 2 0 2 0 2 0 2 0 2 0 2 0 2 0 2 0 2 0 2 0 2 0 2 0 2 0 2 0 2 0 2 0 2 0 2 0 2 0 2 0 2 0 2 0 2 0 2 0 2 0 2 0 2 0 2
0 2 0 2 0 2 0 2 0 2 0 2 0 2 0 2 0 2 0 2 0 2 0 2 0 2 0 2 0 2 0 2 0 2 0 2 0 2 0 2 0 2 0 2 0 2 0 2 0 2 0 2 0 2 0 2 0 2 0 2 0 2 0 2 0 2 0 2 0 2 0 2 0 2 0 2 0 2 0 2 0 2 0 2 0 2 0 2 0 2 0 2 0 2 0 2 0 2 0 2 0 2 0 2 0 2 0 2 0 2 0 2 0 2 0 2 0 2 0 2 0 2 0 2 0 2 0 2
0 2 0 2 0 2 0 2 0 2 0 2 0 2 0 2 0 2 0 2 0 2 0 2 0 2 0 2 0 2 0 2 0 2 0 2 0 2 0 2 0 2 0 2 0 2 0 2 0 2 0 2 0 2 0 2 0 2 0 2 0 2 0 2 0 2 0 2 0 2 0 2 0 2 0 2 0 2 0 2 0 2 0 2 0 2 0 2 0 2 0 2 0 2 0 2 0 2 0 2 0 2 0 2 0 2 0 2 0 2 0 2 0 2 0 2 0 2 0 2 0 2 0 2 0 2 0 2
0 2 0 2 0 2 1 2 0 2 0 2 0 2 0 2 0 2 0 2 0 2 0 2 0 2 0 2 0 2 0 2 0 2 0 2 0 2 0 2 0 2 0 2 0 2 0 2 0 2 0 2 0 2 0 2 0 2 0 2 0 2 0 2 0 2 0 2 0 2 0 2 0 2 0 2 0 2 0 2 0 2 0 2 0 2 0 2 0 2 0 2 0 2 0 2 0 2 0 2 0 2 0 2 0 2 0 2 0 2 0 2 0 2 0 2 0 2 0 2 0 2 0 2 0 2 0 2
0 2 0 2 0 2 0 2 0 2 0 2 0 2 0 2 0 2 0 2 0 2 0 2 0 2 0 2 0 2 0 2 0 2 0 2 0 2 0 2 0 2 0 2 0 2 0 2 0 2 0 2 0 2 0 2 0 2 0 2 0 2 0 2 0 2 0 2 0 2 0 2 0 2 0 2 0 2 0 2 0 2 0 2 0 2 0 2 0 2 0 2 0 2 0 2 0 2 0 2 0 2 0 2 0 2 0 2 0 2 0 2 0 2 0 2 0 2 0 2 0 2 0 2 0 2 0 2
0 2 0 2 0 2 0 2 0 2 0 2 0 2 0 2 0 2 0 2 0 2 0 2 0 2 0 2 0 2 0 2 0 2 0 2 0 2 0 2 0 2 0 2 0 2 0 2 0 2 0 2 0 2 0 2 0 2 0 2 0 2 0 2 0 2 0 2 0 2 0 2 0 2 0 2 0 2 0 2 0 2 0 2 0 2 0 2 0 2 0 2 0 2 0 2 0 2 0 2 0 2 0 2 0 2 0 2 0 2 0 2 0 2 0 2 0 2 0 2 0 2 0 2 0 2 0 2
0 2 0 2 0 2 0 2 0 2 0 2 0 2 0 2 0 2 0 2 -1 2 0 2 0 2 0 2 0 2 0 2 0 2 0 2 0 2 0 2 0 2 0 2 0 2 0 2 0 2 0 2 0 2 0 2 0 2 0 2 0 2 0 2 0 2 -1 2 0 2 -2 2 0 2 0 2 -4 4 -1 2 0 2 0 2 0 3 78 31 0 2 0 2 0 2 0 2 0 2 0 2 0 2 82 236 0 2 0 2 0 2 0 2 -60 246 1 2 -426 294 0 2 0 2 0 2 0 2 -324 -102
0 2 0 2 -1 2 0 2 0 2 0 2 0 2 0 2 0 2 0 2 0 2 0 2 0 2 0 2 0 2 0 2 -1 2 0 2 0 2 0 2 0 2 0 2 0 2 0 2 0 2 0 2 0 2 0 2 0 2 0 2 177 156 0 2 0 2 0 2 10 9 0 2 0 2 0 2 -4 23 2 2 0 2 0 2 0 2 0 2 0 2 4 7 0 2 0 2 0 2 2 3 0 2 0 2 0 2 0 2 -430 327 0 2 0 2 0 2 0 2 0 2 0 2 0 2 0 2 0 2
0 2 0 2 0 2 0 2 0 2 0 2 0 2 0 2 0 2 0 2 0 2 0 2 0 2 0 2 0 2 0 2 0 2 0 2 1 2 0 2 0 2 0 2 0 2 0 2 0 2 0 2 0 2 0 2 0 2 0 2 0 2 0 2 0 2 0 2 0 2 0 2 0 2 0 3 -7 21 -14 21 0 2 0 2 -1 -13 0 2 0 2 0 2 0 2 22 3 0 2 0 2 0 2 1 2 0 2 0 2 0 2 0 2 0 2 0 2 0 2 0 2 0 2 0 2 0 2 0 2
0 2 0 2 0 2 0 2 0 2 0 3 0 2 0 2 0 2 0 2 1 2 -39 2 0 2 0 2 0 2 0 2 0 2 0 2 0 2 0 2 0 2 0 2 0 2 0 2 0 2 0 2 0 2 0 2 1 2 0 2 0 2 0 2 0 2 0 2 0 2 0 2 0 2 0 2 0 2 0 2 0 2 -2 3 -2 2 0 2 -57 8 0 2 0 2 0 2 0 3 -1 2 0 2 1 2 0 2 0 2 0 2 0 2 0 2 0 2 0 2 0 2 0 2 0 2 0 2 0 2
0 2 0 2 0 2 0 2 0 3 0 2 -28 -160 0 2 0 2 -1 2 0 2 0 2 0 2 0 2 0 2 0 2 0 2 0 2 0 2 0 2 0 2 1 2 0 2 0 2 0 2 0 2 0 2 0 2 0 2 0 2 0 2 0 2 3 2 0 3 0 2 1 2 0 2 0 2 32 -1 16 -1 0 2 0 2 0 2 0 2 0 2 0 2 -2 2 0 2 0 2 21 4 0 2 0 2 0 2 0 2 0 2 0 2 0 2 0 2 0 2 0 2 0 2 0 2 0 2 0 2
0 2 0 2 0 2 0 2 1 2 0 2 0 2 0 2 0 2 0 2 1 2 1 2 0 2 -1 2 0 2 0 2 0 2 0 2 0 2 0 2 0 2 0 2 0 2 0 2 0 2 0 2 0 2 0 2 0 2 0 2 0 2 0 2 0 2 0 2 0 2 1 2 0 2 13 -16 0 3 0 2 0 2 0 2 -6 1 2 2 0 2 0 2 0 2 0 2 -24 0 0 2 0 2 0 2 0 2 0 2 0 2 0 2 0 2 0 2 0 2 0 2 1 2 0 2 0 2 0 2
1 0 -8 -170 0 2 1 2 -21 80 0 2 0 2 0 2 4 -171 -31 36 326 -195 1 -1 -32 72 0 2 0 2 0 2 0 2 0 2 0 2 0 2 0 2 0 2 0 2 0 2 0 2 0 2 0 2 0 2 0 2 0 2 0 2 0 2 0 2 0 2 0 2 0 2 0 2 0 2 0 2 0 2 8 1 -2 1 0 2 0 2 -24 -17 0 2 0 2 -76 -43 0 2 -72 -13 0 2 0 2 18 10 0 2 0 2 -46 -20 0 2 0 2 0 1 1 2 1 2 0 2 0 2 0 2
0 2 -1 2 0 2 0 2 0 2 0 2 0 2 0 2 0 2 58 -170 155 74 -47 31 128 -2 -24 10 0 2 0 2 0 2 0 2 0 2 0 2 0 2 0 2 0 2 0 2 0 2 0 2 0 2 0 2 0 2 0 2 0 2 0 2 0 2 0 2 0 2 0 2 0 2 0 2 0 2 0 2 0 2 0 2 0 2 0 2 0 2 0 2 0 2 0 2 0 2 0 2 0 2 0 2 0 2 -111 -19 -40 -12 -6 -3 0 2 0 2 0 -2 1 9 0 2 0 3 0 2 0 2
0 2 0 2 0 2 0 2 0 1 29 -173 40 -213 22 -20 10 -16 271 -168 66 -17 -16 -24 47 -167 18 -186 109 -12 269 -212 0 2 0 2 0 2 0 2 0 2 0 2 0 2 0 2 0 2 0 2 0 2 0 2 0 2 0 2 0 2 0 2 0 2 0 2 0 2 0 2 0 2 0 2 0 2 0 2 0 2 0 2 0 2 0 2 0 2 0 2 0 2 0 2 0 2 0 2 0 2 -93 -32 0 2 0 2 -90 -19 0 2 0 2 0 2 0 -4 0 -5 0 2 0 2 0 2 -1 2
0 2 0 2 14 -6 0 2 0 2 0 2 0 2 80 -30 26 -210 18 -218 37 -38 -3 -212 -25 5 -31 5 -40 4 0 2 0 2 0 2 0 2 0 2 0 2 0 2 0 2 0 2 0 2 0 2 0 2 0 2 0 2 0 2 0 2 0 2 0 2 0 2 0 2 0 2 0 2 0 2 0 2 0 2 0 2 0 2 0 2 0 2 0 2 0 2 0 2 0 2 0 2 0 2 0 2 0 2 0 2 0 2 0 2 -129 -66 0 2 0 2 0 3 1 2 0 2 0 2 0 2 0 2
0 2 0 2 0 2 0 2 0 2 0 2 0 2 375 -224 30 -219 234 -185 42 -235 24 -10 0 2 166 -202 0 2 0 2 0 2 0 2 0 2 0 2 0 2 0 2 0 2 0 2 0 2 0 2 0 2 0 2 0 2 0 2 0 2 0 2 0 2 0 2 0 2 0 2 0 2 0 2 0 2 0 2 0 2 0 2 0 2 0 2 0 2 0 2 0 2 0 2 0 2 0 2 0 2 0 2 0 2 0 2 0 2 0 2 0 2 0 2 1 2 1 2 0 2 0 2 0 2 0 2
0 2 0 2 0 2 0 2 0 2 0 2 0 2 0 2 326 -248 22 10 316 -241 0 2 46 -209 0 2 0 2 0 2 0 2 0 2 0 2 0 2 0 2 0 2 0 2 0 2 0 2 0 2 0 2 0 2 0 2 0 2 0 2 0 2 0 2 0 2 0 2 0 2 0 2 0 2 0 2 0 2 0 2 0 2 0 2 0 2 0 2 30 148 0 2 0 2 0 2 0 2 0 2 0 2 0 2 0 2 0 2 -66 -57 -36 -58 -104 -77 0 1 1 2 1 2 0 2 0 2 0 2
0 2 0 2 0 2 0 2 0 2 0 2 0 2 0 2 0 2 0 2 0 2 0 2 0 2 0 2 0 2 0 2 0 2 0 2 0 2 0 2 0 2 0 2 0 2 0 2 0 2 0 2 0 2 0 2 0 2 0 2 0 2 0 2 0 2 0 2 0 2 0 2 0 2 0 2 0 2 0 2 0 2 0 2 0 2 0 2 0 2 0 2 0 2 0 2 0 2 0 2 0 2 0 2 0 2 0 2 0 -62 0 2 -168 -81 -86 -81 0 1 1 2 1 2 1 2 1 2 0 2
0 2 0 2 0 2 0 2 0 2 0 2 0 2 0 2 0 2 0 2 0 2 0 2 0 2 0 2 0 2 0 2 0 2 0 2 0 2 0 2 0 2 0 2 0 2 0 2 0 2 0 2 0 2 0 2 0 2 0 2 0 2 0 2 0 2 0 2 0 2 0 2 0 2 0 2 0 2 0 2 0 2 0 2 0 2 0 2 0 2 0 2 0 2 0 2 -219 -97 0 2 0 2 0 2 0 2 0 2 0 2 1 2 0 3 0 2 -1 -1 -2 0 -3 0 1 2 1 2 0 2
0 2 0 2 0 2 0 2 0 2 0 2 416 -215 45 15 145 -215 0 2 0 2 0 2 0 2 0 2 0 2 0 2 0 2 0 2 0 2 0 2 0 2 0 2 0 2 0 2 0 2 0 2 0 2 0 2 0 2 0 2 0 2 0 2 0 2 0 2 0 2 0 2 0 2 0 2 0 2 0 2 0 2 0 2 0 2 0 2 0 2 0 2 0 2 0 2 0 2 0 2 0 2 0 2 0 2 0 2 0 2 0 2 0 2 -1 2 0 2 -1 -7 -3 1 -6 1 1 2 0 2
0 2 0 2 0 2 0 2 0 2 23 12 29 12 25 13 22 12 25 12 22 11 21 10 17 9 136 -218 -77 -37 -1 2 0 2 0 2 0 2 0 2 0 2 0 2 0 2 0 2 0 2 0 2 0 2 0 2 0 2 0 2 0 2 0 2 0 2 0 2 0 2 0 2 0 2 0 2 0 2 0 2 0 2 0 2 0 2 0 2 0 2 0 2 0 2 0 2 0 2 0 2 0 2 0 2 0 2 0 2 0 2 0 2 0 2 0 2 0 3 0 2 -4 2 0 2 3 3 0 2
0 2 0 2 0 2 0 2 17 14 25 13 21 12 13 10 5 8 -3 6 12 8 -3 6 0 6 -5 5 -19 2 -23 1 16 -226 -50 -270 -7 -250 -84 -35 0 2 0 2 0 2 0 2 0 2 0 2 0 2 0 2 0 2 0 2 0 2 0 2 0 2 0 2 0 2 0 2 0 2 0 2 0 2 0 2 0 2 0 2 0 2 0 2 0 2 0 2 0 2 0 2 0 2 0 2 0 2 0 2 0 2 0 2 0 2 0 2 0 2 0 2 0 2 0 2 1 2 2 2 3 2 0 2
0 2 -1 2 0 2 0 2 91 -157 33 15 28 13 425 21 415 63 -2 6 -11 4 -20 2 88 41 90 36 -29 -3 -42 -3 80 35 58 -35 -86 -45 158 -236 -58 -71 0 2 0 2 0 2 0 2 0 2 0 2 0 2 0 2 0 2 0 2 -214 8 248 32 127 -222 120 -222 0 2 0 2 0 2 0 2 0 2 0 2 0 2 0 2 0 2 0 2 0 2 0 2 0 2 0 2 0 2 0 4 0 2 0 2 0 2 0 2 0 2 0 2 0 2 0 2 3 18 0 2 0 2 0 2 0 2
0 2 1 2 0 2 0 2 17 8 183 -118 58 -176 382 36 91 -175 411 -218 197 -179 187 -37 55 9 52 5 42 5 76 26 79 26 48 0 32 1 35 1 20 2 -144 6 0 2 0 2 0 2 0 2 0 2 0 2 -6 -115 244 -154 -120 -155 -130 -7 -133 -6 -134 -7 9 -209 -137 -5 126 73 -125 7 0 2 -1 2 0 2 0 2 48 31 0 2 -1 2 0 2 0 3 0 2 0 9 21 29 0 3 -1 2 -2 2 0 2 0 2 0 2 0 3 0 2 0 2 -1 2 0 2 1 2 2 2 0 19
0 1 0 1 234 -3 17 12 35 -199 36 -197 443 -196 1 8 320 159 380 -179 27 -184 -14 3 54 -2 53 -2 42 0 -37 -18 79 18 99 -1 107 -2 82 1 -107 190 63 1 -138 118 0 2 0 2 -5 2 -22 1 -158 -5 278 -205 -133 -7 -132 -7 -132 -7 -134 -7 -134 -7 -130 -8 184 -68 2 2 -164 1 -127 5 -282 11 -262 69 -3 3 168 175 46 34 7 -9 0 2 0 2 0 2 0 2 0 3 0 3 64 94 49 89 0 2 1 2 0 2 0 2 0 1 0 1 0 2 0 2 0 2 0 2 0 2
19 14 18 14 18 14 19 14 21 14 85 -220 120 -201 397 -225 408 -226 -14 4 -22 2 -33 -1 54 -7 88 43 -44 -174 -48 -232 83 40 -107 180 -114 181 239 84 229 84 -142 41 226 116 184 76 185 85 118 21 230 132 -134 0 -133 -7 -127 -7 -129 -6 -134 -7 128 -129 -135 -7 -133 -5 144 -12 0 2 -251 9 -135 -10 -16 2 -12 14 -16 4 -8 -17 0 2 2 2 0 2 0 2 -28 7 0 2 0 2 0 2 0 3 -2 6 0 0 -1 1 0 1 0 0 0 1 0 3 0 2 0 2 2 2 2 2 0 2
4 144 17 12 17 12 422 9 423 9 384 -242 130 -212 407 17 64 15 355 -227 414 -224 -22 14 392 -209 372 -61 -15 -205 92 -196 114 -195 -111 -3 114 2 290 116 282 154 -6 76 -128 150 -78 111 133 61 20 -2 19 -2 -133 -7 -132 -9 118 101 -74 89 -134 -13 -208 -229 -224 -231 191 -16 179 -112 -227 -22 64 -187 -156 -31 157 -129 153 -130 -30 -22 -29 -24 -310 27 -272 65 -83 3 41 72 14 65 64 102 -8 15 104 174 0 2 -46 -19 0 2 -2 2 28 -32 0 0 1 -4 0 2 0 2 0 2 0 2 -2 -28 0 2
382 5 472 93 480 81 17 11 16 10 10 8 13 8 98 44 75 42 74 40 376 -243 56 38 48 36 -35 5 318 -184 -50 -15 282 84 100 -17 -38 103 68 42 58 45 98 41 99 112 26 -30 -146 120 145 77 141 68 -132 -13 -133 -8 -134 -8 -134 -8 -134 -8 131 -232 151 -239 119 -232 124 -201 -132 -9 -136 -7 -138 -6 -234 -43 -235 -43 -254 -44 -156 -9 -135 -7 -212 72 -323 56 -7 0 90 107 0 3 -1 0 -45 -30 -168 -168 0 2 0 2 0 2 -1 2 0 2 0 2 0 2 1 34 0 3 1 2 1 2 0 2
368 16 72 50 53 47 14 7 372 -24 403 49 10 7 2 5 -12 2 -14 2 73 39 58 38 78 40 69 42 386 -6 384 -5 86 37 94 102 125 35 -29 158 193 97 -28 118 184 118 56 26 104 85 108 84 3 -205 -133 -8 -133 -8 -134 -8 -134 -8 -134 -8 146 -246 179 -238 -166 -229 -135 -8 -135 -8 -123 -7 -132 -8 -134 -8 -137 -8 -136 -7 -136 -7 -135 -8 -298 85 78 112 0 2 0 2 0 -3 0 3 -44 -36 2 3 0 2 0 2 0 2 -1 2 0 2 0 2 0 2 0 3 0 2 0 3 1 2 0 2
362 3 430 90 249 -40 352 17 51 42 29 37 31 36 -3 3 88 39 120 -155 48 -182 119 -165 361 -190 228 50 16 116 30 116 96 38 78 -45 88 5 111 41 10 88 -32 104 107 44 149 129 199 151 101 49 -92 -23 -133 -8 -83 -56 -132 -8 -207 -253 -132 -5 -133 -7 194 -257 -75 18 -135 -8 -135 -9 -128 -8 -141 -9 -137 -9 -137 -9 -133 -6 -136 -9 -135 -8 -323 17 -1 3 0 2 0 2 0 2 0 2 0 2 0 2 0 2 0 2 0 2 -1 2 0 2 0 2 0 2 0 2 0 2 0 2 0 2 0 2
0 2 0 2 72 50 26 39 398 83 344 37 -40 -10 173 -42 -50 109 -42 135 352 81 -69 63 -73 24 303 126 50 83 192 79 152 24 160 41 171 39 141 -4 -65 96 152 63 -64 119 131 61 49 2 158 89 -151 -49 -133 -8 216 -270 -82 21 153 -262 -133 -7 -134 -9 -184 -180 -136 -9 -135 -8 -136 -8 -126 -8 -141 -9 -137 -9 -137 -9 -237 -288 -136 -9 -135 -8 -135 -8 -99 -25 0 2 0 2 0 2 0 2 -1 2 0 2 0 2 0 2 0 2 0 2 0 2 0 2 0 2 0 -23 0 2 -1 2 0 2 0 2
381 40 2 3 2 3 45 55 390 129 325 27 362 58 324 28 152 -47 266 -23 -29 57 276 30 -44 119 -6 -51 203 58 178 7 252 134 156 -7 16 73 160 58 128 2 148 52 168 65 43 -15 102 0 120 26 16 -178 -137 -46 -68 -4 -69 -3 -133 -8 218 -27 -134 -9 -135 -9 -135 -9 -135 -10 -136 -8 -136 -9 -137 -9 -137 -9 -137 -9 -137 -7 -145 -5 -134 -9 -352 -52 88 90 0 2 0 2 0 2 0 2 0 2 1 2 0 2 0 2 0 2 0 2 0 2 0 2 0 2 0 2 1 2 1 2 0 2 0 2
0 2 141 31 136 48 -1 3 120 39 379 123 320 22 38 -63 -14 33 98 28 350 97 276 22 -86 10 326 120 120 -9 23 74 8 83 175 75 222 66 96 -17 -48 87 150 105 88 46 38 -187 -147 -7 -147 -7 80 -193 -88 -62 -68 -4 -68 -4 -68 -5 -78 4 221 -274 -171 -201 -131 -9 150 -224 -136 -9 -136 -9 -137 -9 -137 -9 -137 -9 -139 -8 -133 -10 -135 -8 -125 -60 -345 -53 87 68 0 2 16 25 0 2 0 2 0 2 0 2 0 2 0 2 0 2 0 2 0 2 0 2 0 2 1 2 1 2 1 2 0 2
428 89 323 -9 338 43 352 83 64 66 303 42 329 24 368 114 330 59 -62 2 -45 70 -63 -12 252 18 -86 -4 231 19 22 78 227 60 -17 50 105 -20 -72 62 140 -5 -76 67 -138 -10 -139 -10 -142 -10 -146 -10 -152 -11 -142 -10 -134 -9 245 -282 216 -283 -101 -6 192 -280 174 -296 192 -286 182 -288 -136 -10 -137 -10 -137 -9 -137 -9 136 -283 -170 -27 -135 -10 45 -87 -338 102 -340 -27 72 60 67 58 0 2 19 21 41 32 -339 2 -16 -65 1 3 -4 2 22 15 0 3 -1 2 0 2 0 2 -1 2 -1 2 0 2 -8 2
398 55 1 2 53 34 22 78 37 98 -29 -8 0 49 -45 -7 0 43 20 28 -64 -3 -56 57 14 37 301 89 3 39 -47 37 16 51 269 93 24 31 -79 69 233 81 -33 52 166 23 -156 -5 -168 -77 -171 -77 235 29 200 2 -175 -43 -81 -5 -112 -7 -100 -6 -104 -7 -115 -8 -117 -8 -127 -9 -137 -10 -137 -10 -139 -10 -137 -10 -121 -16 -128 -13 -150 -5 -147 -6 -262 20 -344 17 21 32 -351 -29 -360 -32 14 16 48 43 14 12 24 15 -22 -69 0 2 0 3 -4 2 -6 1 -2 2 -20 -1 -4 5 0 2 0 3 -94 -48
368 2 12 18 53 25 -8 -18 386 86 3 47 -29 -25 371 98 0 86 272 2 26 31 329 90 244 1 258 38 286 82 221 18 255 67 -96 57 -48 89 -70 54 7 12 182 16 -106 101 228 53 202 25 117 -59 -96 0 103 -63 -112 -4 -156 -8 -130 -6 -96 -7 -146 -7 -136 -7 -170 -9 -175 -9 -150 -9 -184 -9 -137 -10 -149 -9 -157 -7 -138 -11 -184 19 6 43 -6 1 -216 13 41 56 58 76 54 56 13 18 -14 -15 28 30 24 23 31 23 40 23 16 14 0 2 0 3 1 3 -46 -12 0 3 -4 4 -86 -59 -8 10
388 10 0 -13 58 93 0 2 23 90 110 2 -16 41 375 87 73 13 352 77 341 89 211 -57 258 21 -46 51 250 6 289 67 218 13 -39 82 140 -17 -51 65 222 69 -12 5 -107 15 133 -53 -128 32 -128 24 -112 -90 -76 11 -198 -25 -139 4 -131 -95 -227 -44 -70 -15 -158 -93 -80 -17 -34 -55 -183 -96 -110 -15 -199 -95 -84 -71 -152 -3 -4 82 -43 82 22 61 -288 32 -258 -93 56 92 -338 35 0 2 -14 -13 41 32 -30 -33 -16 -7 -160 -83 42 26 33 19 0 2 0 3 0 3 3 1 0 2 -86 -66 0 2 -100 -84
428 30 10 56 40 88 18 -8 -5 -11 -24 -12 0 2 -29 -14 0 2 -21 64 240 -60 263 28 267 29 -64 45 -40 53 -23 34 264 85 263 69 -47 -97 8 22 137 17 -10 23 -84 41 -6 20 144 57 151 53 75 -19 142 65 -72 25 169 72 108 25 128 56 94 49 112 51 -176 62 -198 41 -128 1 -130 1 6 -44 -36 -56 0 -10 -139 34 38 81 -208 43 -8 14 -312 49 -220 -3 -305 -10 0 2 -10 -7 -375 67 -378 84 -392 -96 0 2 0 2 2 6 26 14 -1 1 0 2 -8 2 -38 -11 8 0 1 2 -10 9
386 -18 0 2 354 -23 -13 -37 20 64 371 27 336 2 -19 -19 168 -61 330 49 92 -1 217 -26 -20 5 -36 62 -11 44 249 39 -64 33 176 33 -28 79 160 30 232 61 9 -1 138 36 99 37 0 2 -8 -9 43 34 10 -8 -2 38 41 1 -72 22 64 23 80 12 14 -53 108 77 14 -61 32 -8 12 -27 -16 -59 -24 -25 0 -4 -36 -20 -56 36 -50 5 -266 64 19 37 50 41 29 30 -16 -24 0 1 38 28 -387 -66 -6 -7 -19 -22 0 3 8 12 36 48 37 38 18 66 2 3 0 2 6 59 2 8 0 2
452 43 0 -4 346 -34 334 -40 357 -6 328 -33 -34 -46 112 -27 310 -1 289 7 288 35 314 53 71 -18 40 4 10 70 239 23 168 -76 221 13 195 -11 6 7 149 26 144 20 78 -39 -19 11 115 20 -44 36 0 2 62 57 -19 -21 0 13 -89 36 -94 39 -112 61 109 64 10 -32 20 -15 -48 6 -16 -59 0 2 -29 52 40 52 -93 2 0 55 -223 48 -61 35 -179 -27 -248 31 -222 -23 -128 -91 4 6 -24 -29 -145 -95 -392 -72 -14 -17 -24 -9 18 21 -400 -41 4 7 29 35 -28 -13 -37 -21 10 2 0 3 -6 9
380 -52 0 -11 392 7 385 14 328 -41 367 13 376 29 355 27 96 -22 26 15 17 -119 212 -36 306 49 186 -41 166 -66 167 -44 168 31 176 -12 144 -11 180 44 123 16 142 3 94 -6 144 19 0 2 0 2 16 34 7 -16 -48 37 0 -4 48 -7 32 54 0 2 -38 -27 -5 33 -158 40 -24 -23 -6 0 -6 -25 19 36 -148 21 -163 22 -110 -27 -78 -57 -216 18 -274 42 -264 45 0 2 -279 -8 -339 -5 -32 -38 -59 -63 10 10 -37 -29 0 2 -440 0 -38 -23 -1 3 -32 -18 -8 12 -50 -21 -8 2 -64 -25 0 2
0 2 0 2 85 -41 386 5 134 -40 244 -94 129 -28 252 10 105 -15 328 44 220 -53 237 17 184 -53 166 -60 0 2 48 -35 0 56 156 -87 134 -74 28 3 152 -14 80 -57 88 -28 114 -37 166 51 58 -6 -24 30 60 42 26 8 2 -10 -30 -55 -22 -32 0 2 0 2 -21 -56 -17 -28 -104 8 -73 -55 -160 37 -83 10 -42 -65 -186 54 -151 6 -103 -11 -70 -74 -64 -85 -224 -15 -225 -33 -16 4 -346 29 -4 -8 4 6 -4 5 -2 2 -400 -12 -254 -133 -80 -65 0 2 16 1 -78 -56 0 0 0 2 0 2 -6 5
26 34 0 2 170 -142 3 -10 0 2 48 27 0 -5 258 -32 256 -41 302 18 202 -23 34 24 32 23 80 -34 206 -36 230 7 200 -12 104 2 102 -68 106 -61 112 18 143 -7 64 -39 147 21 48 -43 72 35 24 -16 12 -44 24 22 50 -16 -5 -8 1 -74 0 -27 5 17 2 3 -11 -36 -1 2 -10 -28 6 -48 -21 -92 -32 -56 -45 -1 -78 -33 -78 -75 -206 24 -24 -34 -203 -41 -328 -10 -14 -16 -32 -39 0 2 -1 -1 -374 -32 -78 -105 -43 -29 0 2 0 4 0 3 0 31 -10 -5 0 2 0 2 -5 2 -76 -38
24 31 0 2 0 2 20 -40 1 2 388 19 0 2 65 -15 0 2 41 -19 322 9 196 -76 256 -20 180 -101 175 -66 182 -64 150 21 132 9 43 -53 182 31 40 -50 -16 25 0 13 10 2 32 10 18 8 25 -86 126 27 40 10 -78 35 -18 -41 -20 14 -28 -41 -44 -41 -48 -49 -38 -60 -18 -72 -173 34 -4 -44 -20 -64 -146 -20 -75 -75 -72 -94 -68 -62 -81 -96 -212 -10 -74 4 -94 -80 0 2 -46 -51 0 3 1 2 -40 -12 -1 37 -176 -124 -16 -17 -64 -57 -8 -4 -16 -22 0 2 2 -15 0 -9 5 -8 -44 -23
0 2 0 2 18 32 428 -1 394 -20 -14 -69 0 2 -40 -100 256 -98 303 -8 0 2 272 -26 186 -99 166 -85 175 -51 112 -70 96 -56 104 -47 102 -52 156 27 152 23 73 2 28 -67 6 16 10 20 -1 3 -8 10 8 4 0 2 3 9 38 18 28 22 -46 -10 -41 -50 11 14 -15 -42 42 17 -58 -26 -12 -111 -77 -20 -48 -53 -64 -51 -170 -13 -64 -33 -88 -51 -48 -51 8 22 -194 -48 -82 -48 13 12 -328 15 -52 -31 -59 -29 -267 -37 -376 -38 -93 -122 0 2 -72 -73 -70 -66 1 -23 2 -24 -6 13 -12 11 -20 2
0 2 0 2 0 2 7 11 -12 -62 13 12 344 -22 368 2 0 2 36 -20 234 -60 223 -57 81 -59 192 -21 2 -2 248 14 57 -27 0 14 225 2 33 0 63 -56 -4 13 72 12 33 15 18 14 -4 12 -6 6 1 2 0 -4 120 24 -56 0 96 13 -96 10 -36 -58 -73 -66 -88 -75 -50 -33 -14 -106 -27 -41 44 1 -24 -48 -68 -101 -74 -65 -4 8 -74 11 -2 14 -86 -40 -110 -100 -64 -56 -256 2 0 2 -327 -22 -16 -20 -372 -26 0 2 0 2 -192 -143 -97 -128 -450 -153 -211 -154 -11 18 -104 -142 8 -52 -98 -83
0 -1 0 3 459 -26 206 -172 -21 -60 24 12 8 11 96 -77 316 -28 272 -72 0 -46 203 -131 22 14 259 -44 30 -39 16 7 155 -30 80 -30 75 -89 28 -8 64 -18 106 3 7 -17 13 4 0 3 0 3 2 5 -22 -20 0 3 -49 -4 -56 -4 -23 -15 -32 -14 -46 -64 -8 3 -102 -9 -128 -15 -128 -42 24 -9 -61 -100 -128 -46 -109 -89 -32 15 -135 -88 0 2 -91 -46 -40 -10 -104 -70 -114 -104 -108 -124 -80 -10 -94 -111 -96 -88 -12 14 -118 -136 -403 -84 -26 -34 -94 -148 -86 -116 -17 -47 -47 -71 -16 -51 -112 -150 -122 -143
1 2 0 0 362 -155 309 -158 416 -39 0 2 8 2 -46 -109 80 -63 271 -94 234 -117 252 -81 24 -34 286 -23 227 -52 180 -82 170 -81 131 -75 192 0 48 -90 17 -6 50 -23 56 1 21 8 48 3 0 2 0 3 24 3 22 8 8 4 0 3 -4 3 -18 0 -78 -5 -48 -22 -84 -13 -63 -24 -136 -17 -88 -100 -96 -72 -112 -48 -49 -1 -160 2 -139 -16 -6 2 -94 -7 -92 -4 -144 -46 -80 -66 -40 -51 5 -12 -77 -31 -355 -41 -1 -10 -58 -66 -10 -22 -16 -26 -435 -137 -7 -51 -1 -51 -75 -95 -4 -34 0 0 -122 -152
0 0 0 0 482 -69 -4 -12 -8 -12 190 -189 394 -53 -40 -138 288 -103 -56 -123 32 -74 66 -93 302 -24 58 -72 203 -73 178 -84 170 -86 174 -3 96 -20 73 -26 34 -21 83 -8 56 -3 56 -3 54 -1 35 -1 -4 -1 15 -1 8 -1 -59 -503 -8 -3 -17 -1 -24 -5 -48 -7 -22 -6 -24 -4 -84 -18 -67 -72 -64 -23 -90 -80 -116 -100 16 -4 -130 -18 -121 -30 -128 -28 -137 -80 -129 -98 -65 -57 -312 -57 -26 -36 -322 -16 -339 -75 -6 -5 -280 -73 -368 -5 -400 -89 -54 -70 -1 -22 -2 -10 8 -47 -10 -7 16 -46 -50 -83 -111 -169
