19 26 15 22 8 4 4 9 8 13 7 5 8 4 3 12 6 0 8 13 0 0 0 0 6 30 -4 17 3 0 4 0 2 1 1 0 3 0 29 4 9 0 2 0 -1 0 -20 1 -24 0 -11 5 0 0 0 0 0 0 0 0 0 0 -74 29 -9 21 0 0 0 0 10 4 0 0 0 0 0 0 4 3 24 7 7 4 0 0 1 0 -1 0 -1 0 1 0 0 1 8 14 2 0 -271 3 -1 0 0 0 0 0 0 0 0 0 0 0 -3 0 -1 0 1 0 1 0 2 0 1 0 0 0
8 6 14 11 35 45 7 -5 18 22 8 -1 10 0 8 -8 0 14 9 18 -1 0 336 5 7 5 2 9 6 -2 4 0 2 -1 2 0 21 17 16 7 22 -2 -2 -7 -11 -4 -20 -6 0 0 0 0 0 0 0 0 0 0 0 0 0 0 -7 10 -45 14 -52 13 -28 9 -19 14 -26 15 -29 16 -42 12 -14 2 -24 0 -8 2 19 4 9 2 -60 -4 -24 3 -1 1 1 1 1 1 -258 18 0 0 1 -1 0 0 0 0 0 0 0 0 0 0 0 0 0 0 1 0 0 0 0 0 -1 0 0 0
10 9 8 -1 17 27 3 -2 16 21 3 -9 8 -8 5 -10 16 7 11 9 8 4 7 11 7 -3 6 -11 12 -9 4 0 6 -1 0 -9 0 -1 41 8 16 3 13 -8 5 -12 -2 -5 -10 -6 0 0 0 1 -72 -16 -16 8 -1 0 0 0 -22 2 -107 -3 -84 16 -24 6 -118 19 -32 16 -34 4 -46 10 -47 7 -55 6 -35 -8 -52 -6 -45 -4 -58 -3 -76 -1 -16 -1 -94 19 -5 0 -3 -1 -1 0 -1 0 -3 1 -326 11 -334 -13 -3 1 -1 0 0 0 0 0 0 0 1 0 -1 0 -1 0 0 0
5 3 5 -1 4 0 15 15 15 21 0 -7 39 34 3 2 390 9 24 14 3 2 11 -19 7 0 0 -6 14 7 45 26 21 16 0 -4 54 10 20 2 40 0 24 -5 20 -2 10 -5 -16 -9 -8 -3 -52 -20 -6 1 -14 1 -48 3 -86 0 -12 2 -106 -6 -17 -10 -28 -5 13 -16 11 -15 -25 1 -48 6 -28 -12 -74 10 -29 -11 -12 -1 13 -4 0 0 0 0 0 0 0 0 0 0 0 0 0 0 0 0 0 0 0 0 0 0 0 0 -11 -5 -5 -1 2 10 -3 1 -1 1 -1 0 0 0 0 0
5 3 5 -3 4 -2 6 0 -8 -20 15 20 -4 -29 2 -8 2 -5 5 -15 17 5 1 -18 38 18 233 30 9 4 -6 -27 0 -1 0 0 16 6 13 0 101 -17 37 -2 25 -2 -19 -10 -41 -18 4 -2 -2 -3 -18 -3 -11 -2 -16 0 -42 2 17 -17 9 -16 3 -16 4 -18 2 -6 8 -20 0 0 0 0 0 0 0 0 0 0 0 0 0 0 0 1 0 1 0 0 0 0 0 0 0 0 0 0 0 0 0 0 0 0 0 0 0 0 0 0 -18 -16 -388 -10 -8 -7 0 0 0 0 0 0 0 0
7 -11 5 -10 0 -13 7 4 8 4 3 -3 2 -10 3 -36 6 -31 4 -21 0 0 0 0 2 -5 0 0 0 0 0 0 0 0 1 -2 3 -1 164 -12 -1 -3 6 0 -20 -9 16 -8 6 -6 0 0 0 0 0 0 0 0 0 0 0 0 0 0 38 -28 0 0 0 0 -7 -4 -38 1 0 0 0 0 0 0 0 0 0 0 0 0 -1 0 1 0 0 0 1 0 1 0 0 0 0 0 0 0 0 0 0 0 0 0 0 0 0 0 0 0 -381 -28 -394 -17 -404 3 -5 5 0 0 0 0 0 0
0 -3 -5 -5 -3 -18 0 0 5 0 23 11 -2 -10 -6 -14 46 9 28 3 376 -9 367 -9 360 -11 0 0 0 0 1 -1 1 -1 4 0 -3 -3 -11 -7 -11 -5 -11 -5 -18 -6 -12 -5 161 -29 -48 -6 0 0 0 0 0 0 2 0 0 0 0 0 0 -1 0 0 0 0 3 -1 -3 -3 0 0 0 0 -196 -27 0 0 0 0 0 0 -3 0 0 0 0 0 0 0 0 0 0 0 0 0 0 0 0 0 79 11 0 0 0 0 0 0 0 0 -388 -18 9 -8 0 -2 -5 3 0 0 0 0 0 0
0 0 0 0 0 0 0 0 0 0 0 0 2 -2 -4 -4 40 9 9 2 -3 -2 -9 -6 -11 -7 363 -15 344 -17 339 -19 0 0 2 0 -4 -3 0 0 0 0 -28 -13 -32 -12 0 -2 -7 -1 0 0 74 -3 0 0 0 0 2 0 32 -3 0 0 0 0 -67 -3 0 0 0 0 0 0 -154 -10 8 -8 -1 -5 -208 -49 -212 -31 -19 -6 -8 -3 0 0 0 0 0 0 0 0 0 0 0 0 0 0 0 0 1 0 0 0 0 0 0 0 0 0 0 0 0 0 0 0 0 0 0 0 -1 1 -2 -1
0 0 0 2 0 1 0 1 0 0 -33 -44 0 0 0 0 -41 -49 0 0 0 0 0 0 -11 -4 -38 -12 -24 -6 0 0 0 0 0 0 0 0 0 0 0 0 0 0 0 0 0 0 0 0 0 0 0 0 0 0 0 0 0 0 0 0 0 0 0 0 0 0 0 0 0 0 0 0 0 0 0 -1 0 0 7 -2 8 -2 4 -6 62 -42 -216 -14 0 0 0 0 0 0 0 0 0 0 0 0 0 0 0 0 0 0 0 0 0 0 0 0 0 0 0 0 1 0 0 0 0 0 0 1 -1 0
0 0 1 1 0 1 0 0 0 0 0 0 0 0 0 0 0 0 0 0 0 0 0 0 0 0 0 0 0 0 0 0 0 0 0 0 0 0 0 0 0 0 0 0 0 0 0 0 0 0 0 0 0 0 0 0 0 0 0 0 0 0 0 0 0 0 0 0 0 1 0 0 0 0 0 0 0 0 0 0 0 0 -8 -7 0 0 0 0 0 0 0 0 0 0 0 0 0 0 0 0 0 0 1 0 0 0 0 0 0 0 0 0 0 0 0 0 0 0 0 0 0 0 0 0 0 0 0 0
0 0 1 0 1 0 0 0 0 0 0 0 0 0 0 0 0 0 0 0 0 0 0 0 0 0 0 0 0 0 0 0 0 0 0 0 0 0 0 0 0 0 0 0 0 0 0 0 0 0 0 0 0 0 0 0 1 0 0 0 0 0 1 0 1 0 1 0 0 0 0 0 1 0 0 0 0 0 1 0 0 0 0 0 0 0 0 0 0 0 0 0 1 0 -1 0 0 0 0 0 0 0 0 0 0 0 0 0 0 0 0 0 0 0 0 0 0 0 0 0 0 0 0 0 0 0 0 0
0 0 0 0 -1 0 1 0 1 0 0 0 1 0 1 0 0 0 1 0 1 0 0 0 0 0 0 0 0 0 0 0 1 0 1 0 0 0 -1 0 9 0 3 0 0 0 -6 0 0 0 0 0 0 0 1 0 0 0 0 0 0 0 0 0 1 0 0 0 0 0 0 0 0 0 0 0 0 0 0 0 0 0 0 0 0 0 0 0 0 0 0 0 0 0 0 0 0 0 0 0 0 0 0 0 0 0 0 0 0 0 0 0 0 0 0 0 0 0 0 0 0 0 0 0 0 0 0 0
0 0 0 0 0 0 1 0 0 0 0 0 0 0 0 0 0 0 0 0 0 0 0 0 0 0 1 1 0 0 0 0 0 0 0 0 32 23 -5 1 16 7 8 10 0 6 3 9 25 26 4 7 -16 -2 0 0 0 0 0 0 0 0 0 0 0 0 0 0 0 0 0 0 0 0 0 0 0 0 0 0 0 0 0 0 0 0 0 0 0 0 0 0 0 1 0 0 0 0 0 0 0 0 -2 6 6 -1 0 0 0 0 0 0 0 0 0 0 0 0 0 0 0 0 0 0 0 0 0 0
272 4 160 -3 152 0 148 6 126 6 -2 0 0 0 0 0 0 0 0 0 0 0 0 0 0 0 0 0 0 0 0 0 0 0 0 0 -8 4 12 4 -5 7 180 0 -16 3 -16 -6 -10 2 -13 1 -23 0 -7 3 0 0 0 0 0 0 0 0 0 0 0 0 0 0 0 1 0 0 -130 -10 0 0 0 0 -160 -7 0 0 0 0 0 1 0 0 0 0 0 0 0 0 0 0 0 0 0 0 0 0 0 0 0 0 0 0 0 0 0 0 0 0 0 0 0 0 0 0 0 0 0 0 0 0
0 0 0 0 0 0 0 0 0 0 0 0 0 0 0 0 0 0 0 0 0 0 0 0 0 0 0 0 0 0 0 1 0 0 252 -17 -8 0 6 8 0 0 0 0 0 -1 -8 -10 -16 -10 -22 -15 0 0 0 0 0 0 0 0 0 0 0 0 40 -8 -57 -2 -80 -8 0 0 0 0 -75 10 0 0 0 0 0 0 0 0 -320 -6 0 0 0 0 0 0 0 0 0 0 0 0 0 0 0 0 0 0 0 0 0 0 0 0 0 0 0 0 0 0 0 0 0 0 0 0 0 0 0 0 0 0
0 0 0 0 0 0 0 0 0 0 0 0 0 0 0 0 0 0 0 0 0 0 0 0 0 0 0 0 0 0 0 0 0 0 0 0 0 0 0 0 -23 -10 0 0 -16 0 -29 -10 -34 -9 0 0 -192 -17 0 0 -36 -14 -27 -8 26 -5 -247 -14 0 0 0 0 0 0 0 0 0 0 0 0 0 0 0 0 0 0 0 0 0 0 0 0 0 0 0 0 0 0 0 0 0 0 0 0 0 0 0 0 0 0 0 0 0 0 0 0 0 0 0 0 0 0 0 0 0 0 0 0 0 0 0 0
0 0 0 0 0 0 0 0 0 0 0 0 0 0 0 0 0 0 0 0 0 0 0 0 0 0 0 0 0 0 0 0 0 0 0 0 0 0 0 0 0 0 0 0 0 0 0 0 0 0 0 0 0 0 0 0 0 0 0 0 0 0 0 0 0 0 0 0 0 0 0 0 0 0 0 0 0 0 0 0 0 0 0 0 0 0 0 0 0 0 0 0 0 0 0 0 0 0 0 0 0 0 0 0 0 0 0 0 0 0 0 0 0 0 0 0 0 0 0 0 0 0 0 0 0 0 0 0
0 0 0 0 0 0 0 0 0 0 0 0 0 0 0 0 0 0 0 0 0 0 0 0 0 0 0 0 0 0 0 0 0 0 0 0 0 0 0 0 0 0 0 0 0 0 0 0 0 0 0 0 0 0 0 0 0 0 0 0 0 0 0 0 0 0 0 0 0 0 0 0 0 0 0 0 0 0 0 0 0 0 0 0 0 0 0 0 0 0 0 0 0 0 0 0 0 0 0 0 0 0 0 0 0 0 0 0 0 0 0 0 0 0 0 0 0 0 0 0 0 0 0 0 0 0 0 0
0 0 0 0 0 0 0 0 0 0 0 0 0 0 0 0 0 0 0 0 0 0 0 0 0 0 0 0 0 0 0 0 0 0 0 0 0 0 0 0 0 0 0 0 0 0 0 0 0 0 0 0 0 0 0 0 0 0 0 0 0 0 0 0 0 0 0 0 0 0 0 0 0 0 0 0 0 0 0 0 0 0 0 0 0 0 0 0 0 0 0 0 0 0 0 0 0 0 0 0 0 0 0 0 0 0 0 0 0 0 0 0 0 0 0 0 0 0 0 0 0 0 0 0 0 0 0 0
0 0 0 0 0 0 0 0 0 0 0 0 0 0 0 0 0 0 0 0 0 0 0 0 0 0 0 0 0 0 0 0 0 0 0 0 0 0 0 0 0 0 0 0 0 0 0 0 0 0 0 0 0 0 0 0 0 0 0 0 0 0 0 0 0 0 0 0 0 0 0 0 0 0 0 0 0 0 0 0 0 0 0 0 0 0 0 0 0 0 0 0 0 0 0 0 0 0 0 0 0 0 0 0 0 0 0 0 0 0 0 0 0 0 0 0 0 0 0 0 0 0 0 0 0 0 0 0
0 0 0 0 0 0 0 0 0 0 0 0 0 0 0 0 0 0 0 0 -1 0 0 0 0 0 0 0 0 0 0 0 0 0 0 0 0 0 0 0 0 0 0 0 0 0 0 0 0 0 0 0 0 0 0 0 0 0 0 0 0 0 0 0 0 0 0 0 0 0 0 0 0 0 0 0 0 0 0 0 0 0 0 0 0 0 0 0 0 0 0 0 0 0 0 0 0 0 0 0 0 0 0 0 0 0 0 0 0 0 0 0 0 0 0 0 0 0 0 0 0 0 0 0 0 0 0 0
2 0 0 0 0 0 0 0 0 0 0 0 0 0 0 0 0 0 0 0 0 0 0 0 0 0 0 0 0 0 2 0 0 0 0 0 211 150 0 0 280 225 283 224 1 -1 0 0 0 0 -1 0 0 0 0 0 128 145 180 171 262 227 226 234 192 219 8 28 11 7 0 0 8 7 56 44 32 20 19 18 9 28 118 72 -40 25 48 27 0 0 -84 26 0 0 0 0 -10 0 0 0 0 0 0 0 0 0 0 0 0 1 0 0 0 0 0 0 0 0 0 0 0 0 0 0 0 0 0 0
0 1 460 -162 4 0 454 -159 424 -161 0 0 2 1 0 0 0 0 0 0 0 0 0 0 0 0 0 0 0 0 0 0 0 0 1 0 0 0 0 0 0 0 1 0 0 0 -2 0 0 0 0 0 0 0 0 0 0 0 5 0 0 0 0 0 -86 -7 0 0 2 0 2 0 -4 19 -2 17 71 33 61 32 122 54 -2 -10 0 -1 32 12 0 0 0 0 -10 -2 0 -1 -8 2 22 8 -23 2 0 0 0 0 -1 0 0 0 0 0 0 0 0 0 0 0 0 0 0 0 0 0 0 0 0 0
53 -132 1 64 467 -167 1 0 0 0 -9 -166 34 -123 0 0 0 0 0 0 0 0 0 0 0 0 0 0 0 0 0 0 0 0 0 0 0 0 0 0 0 0 0 0 1 0 0 0 0 0 -1 0 0 0 0 0 2 0 0 0 0 0 0 0 2 0 3 0 2 0 2 0 3 0 5 0 0 0 0 18 96 35 -12 0 -6 0 -10 0 -32 -22 -32 -22 0 0 -3 1 0 0 27 6 0 0 -48 -8 0 0 0 0 0 0 0 0 0 0 0 0 0 0 0 0 0 0 0 0 0 0 0 0
16 -191 9 29 43 -134 36 -130 8 -12 -10 16 -37 -187 -25 39 -42 44 38 -4 400 -158 1 0 -24 -158 270 -189 -11 -192 -20 -179 0 0 0 0 0 0 0 0 0 0 1 0 0 0 -1 0 0 0 -1 0 0 0 0 0 3 0 0 0 0 0 0 0 2 0 2 1 3 0 4 0 8 0 5 0 6 0 44 16 36 16 -14 -2 26 16 -30 4 -42 -30 -46 -30 -10 0 0 1 0 0 8 2 0 1 0 0 0 0 0 0 0 0 0 0 0 0 0 0 0 0 0 0 0 0 0 0 -1 0 0 0
486 -153 0 -1 30 -10 -7 11 -7 12 1 1 0 1 -20 29 8 -167 305 -200 -1 0 393 -170 1 0 1 0 0 0 0 0 0 0 0 0 0 0 0 0 0 0 0 0 0 0 0 0 0 0 0 0 0 0 0 0 0 0 0 0 0 0 0 0 0 0 1 0 1 0 1 0 1 0 8 -1 14 0 10 0 0 1 0 1 -10 -1 -8 -1 -26 -20 -48 -21 -40 -21 -78 -20 0 0 -93 -20 -40 2 -78 -21 0 1 0 0 0 0 0 0 0 0 0 0 0 0 0 0 0 0 0 0 0 0 0 0
9 3 -8 -207 -2 4 12 -167 -27 60 15 -180 64 -154 40 -204 368 -191 17 14 -1 0 365 -190 228 -159 0 0 19 -166 194 -162 254 -202 0 0 0 0 0 0 0 0 0 0 0 0 0 0 0 0 0 0 0 0 0 0 0 0 0 0 0 0 0 0 0 0 1 0 0 0 0 0 1 0 2 0 0 0 3 0 0 0 -2 0 -1 0 -28 -19 -32 -20 56 19 -6 0 -51 -15 -74 -16 -81 -23 -82 -13 -92 -25 0 0 0 0 -94 -45 0 0 0 0 0 0 0 0 0 0 0 0 0 0 0 0 0 0
50 -19 22 9 10 -215 458 -184 -21 3 -14 24 1 0 0 0 0 0 0 0 -1 0 1 1 301 -213 0 0 0 0 0 0 0 0 0 0 0 0 0 0 0 0 0 0 0 0 0 0 0 0 0 0 0 0 0 0 0 0 0 0 0 0 0 0 0 0 0 0 0 0 0 0 1 0 0 0 1 0 1 0 0 -1 -2 -2 0 0 0 0 2 -3 0 -7 0 0 -32 -6 0 0 0 0 0 0 0 0 0 0 0 0 -102 -33 0 0 0 0 0 0 0 0 0 0 0 0 0 0 0 1 0 0
7 38 45 -193 460 -183 462 -183 -22 29 58 -189 0 0 0 0 0 0 0 0 0 0 20 -199 0 0 0 0 0 0 6 -214 0 0 0 0 0 0 0 0 0 0 0 0 0 0 0 0 0 0 0 0 0 0 0 0 0 0 0 0 0 0 0 0 0 0 0 0 0 0 0 0 0 0 0 0 0 0 -36 -27 0 0 0 0 0 0 0 0 0 0 0 0 0 0 0 0 0 0 0 0 0 0 0 0 0 0 0 0 0 0 0 0 0 0 0 0 0 0 0 0 0 0 0 0 0 0 0 0
48 -192 43 -202 0 0 0 0 -12 7 54 -229 232 -186 333 -213 51 -217 118 -178 0 0 61 -183 275 -227 0 0 3 18 0 0 0 0 0 0 0 0 0 0 0 0 0 0 0 0 0 0 0 0 0 0 0 0 0 0 0 0 0 0 0 0 0 0 0 0 0 0 0 0 0 0 0 0 0 0 0 0 0 0 0 0 0 0 0 0 0 0 1 0 0 0 0 0 0 0 0 0 0 0 0 0 0 0 -104 -19 -112 -25 -18 -18 -82 -25 -34 -24 0 0 0 0 0 0 0 0 -1 0 0 0 0 0
0 0 0 0 0 0 441 -220 32 -216 -1 -6 98 -201 255 -188 50 -234 323 -234 209 -231 300 -233 145 -226 98 -201 22 -215 0 0 0 0 0 0 0 0 0 0 0 0 0 0 0 0 0 0 0 0 0 0 0 0 0 0 0 0 0 0 0 0 0 0 0 0 0 0 0 0 0 0 0 0 0 0 0 0 1 0 0 0 156 172 0 0 0 0 1 0 0 0 0 0 0 0 0 0 0 0 0 0 0 0 0 0 -78 -33 2 -10 -127 -50 -116 -52 -134 -69 0 0 0 0 0 0 0 0 0 0 0 0
0 0 0 0 41 -212 57 -234 424 -226 55 -243 75 8 338 -242 267 -240 64 -226 210 -239 20 -26 27 -224 20 -248 276 -234 0 0 0 0 0 0 0 0 0 0 0 0 0 0 0 0 0 0 0 0 0 0 0 0 0 0 0 0 0 0 0 0 0 0 0 0 0 0 0 0 0 0 0 0 0 0 0 0 1 0 0 0 105 -76 0 0 0 0 0 0 0 0 0 0 0 0 0 0 0 0 0 0 0 0 -134 -49 -131 -81 -96 -56 -132 -71 -114 -75 0 -1 0 0 0 0 0 0 0 0 0 0 0 0
0 0 0 0 1 -9 1 -9 4 -9 4 -9 -11 -8 -10 -8 -27 -7 1 -8 166 -248 -7 -27 -1 -20 99 -243 83 -200 14 -226 0 0 0 0 0 0 0 0 0 0 0 0 0 0 0 0 0 0 0 0 0 0 0 0 0 0 0 0 0 0 0 0 0 0 0 0 0 0 0 0 0 0 0 0 0 0 0 0 0 0 0 0 0 0 0 0 0 0 0 0 0 0 0 0 0 0 0 0 0 0 0 0 0 0 0 0 -3 -1 0 0 -170 -90 0 0 0 0 0 0 0 0 0 0 0 0 0 0
0 0 0 0 1 -9 1 -9 14 -9 11 -9 -8 -8 -4 -8 0 -8 0 -8 -2 -19 209 -214 6 -34 398 -94 -6 20 0 0 0 0 0 0 0 0 0 0 0 0 0 0 0 0 0 0 0 0 0 0 0 0 0 0 0 0 0 0 0 0 0 0 0 0 0 0 0 0 0 0 0 0 0 0 0 0 0 0 0 0 0 0 0 0 0 0 0 0 0 0 102 143 0 0 0 0 0 0 0 0 0 0 0 0 0 0 0 0 0 0 0 0 0 0 0 0 0 0 0 0 0 0 0 0 0 0
0 0 0 0 1 -8 1 -9 23 -173 -6 -9 -4 -9 0 -9 0 -9 0 -9 0 -14 36 -233 207 -206 27 -1 0 0 0 0 0 0 0 0 0 0 0 0 0 0 0 0 0 0 0 0 0 0 0 0 0 0 0 0 0 0 0 0 0 0 0 0 0 0 0 0 0 0 0 0 0 0 0 0 0 0 0 0 0 0 0 0 0 0 0 0 0 0 0 0 0 0 0 0 0 0 0 0 0 0 0 0 0 0 -8 -95 0 0 0 0 0 0 0 0 -1 0 0 0 0 0 0 0 0 0 0 0
0 -7 0 -17 1 -9 1 -9 12 -10 0 -9 0 -9 0 -9 0 -8 0 -8 0 -9 18 3 8 14 0 0 0 0 0 0 0 0 0 0 0 0 0 0 0 0 0 0 0 0 0 0 0 0 0 0 0 0 0 0 0 0 0 0 0 0 0 0 0 0 0 0 0 0 0 0 0 0 0 0 0 0 0 0 0 0 0 0 0 0 0 0 0 0 0 0 0 0 0 0 0 0 0 0 0 0 0 0 0 0 0 0 0 0 0 0 0 0 0 0 -41 42 -1 0 0 -1 0 0 0 0 0 0
0 -14 30 -248 1 -9 1 -9 2 -9 -7 -8 10 -9 -7 -8 -10 -8 0 -8 0 -8 -17 -271 0 0 0 0 0 0 0 0 0 0 0 0 0 0 0 0 0 0 0 0 0 0 0 0 0 0 0 0 0 0 0 0 0 0 0 0 0 0 0 0 0 0 0 0 0 0 0 0 0 0 0 0 0 0 0 0 0 0 0 0 0 0 0 0 0 0 0 0 0 0 0 0 0 0 0 0 0 0 0 0 0 0 0 0 0 0 0 0 0 0 0 0 -41 35 0 0 0 0 1 0 0 0 0 0
0 -24 0 -27 43 -156 1 -8 25 -10 19 -9 0 -8 1 -8 0 -8 0 -8 0 -8 -25 -94 -27 -248 0 0 0 0 0 0 0 0 0 0 0 0 0 0 0 0 0 0 0 0 0 0 0 0 0 0 0 0 0 0 0 0 0 0 0 0 0 0 0 0 0 0 0 0 0 0 0 0 0 0 0 0 0 0 0 0 0 0 0 0 0 0 0 0 0 0 0 0 0 0 0 0 0 0 0 0 0 0 0 0 0 0 0 0 0 0 0 0 -243 -148 -266 -68 0 0 0 0 0 0 0 0 0 0
302 -228 2 -31 134 -243 1 -9 36 -10 11 -9 -5 -8 0 -8 0 -8 0 -8 0 -8 -48 -166 10 -1 14 -1 -12 0 -14 0 -10 0 0 0 0 0 0 0 0 0 0 0 0 0 0 0 0 0 0 0 10 0 0 0 -39 2 -32 2 0 0 -51 2 4 0 1 0 1 0 24 8 176 188 -16 15 -255 38 -259 37 -277 36 167 124 112 -134 -2 11 56 21 128 103 2 0 39 -142 4 8 2 0 61 -105 -408 -141 -405 -179 14 -7 0 0 0 0 0 0 -442 -3 -224 -68 0 0 0 0 0 0 0 0 0 0
0 -22 261 -9 436 -192 0 -9 0 -9 0 -13 0 -10 0 -8 0 -8 0 -8 0 -9 1 -1 88 -1 104 -1 64 0 80 0 98 2 -13 4 -24 5 -137 105 -16 4 -17 2 263 163 -41 3 -24 2 -8 1 -192 103 -186 127 -32 3 -232 93 -79 2 16 -3 -128 7 197 182 -2 0 0 0 0 0 0 0 -186 8 170 146 158 172 10 0 3 0 85 86 132 100 0 0 24 -6 1 -1 112 88 70 -113 -317 -24 -260 -226 -343 -169 -410 -163 0 0 0 0 0 -1 0 -1 0 -1 0 0 0 0 0 0 0 0 0 0
439 5 54 -59 54 -59 0 -9 0 -9 11 -9 10 -9 -10 -8 -6 -8 0 -8 -1 -8 0 -5 18 0 1 0 0 0 0 0 176 -5 329 173 322 159 312 174 278 119 272 118 -22 -1 -170 142 -144 30 242 141 248 157 227 131 232 142 156 86 9 -2 58 -12 16 -4 -140 -1 -167 5 208 167 39 -2 197 167 198 136 19 -3 106 87 80 73 136 104 10 -1 16 -1 0 0 -136 -149 42 69 46 -24 -355 -35 -360 -35 -363 -36 -372 -36 -226 -92 1 0 0 -1 0 0 0 2 0 0 0 0 0 0 1 0 0 0 0 0
410 36 466 -59 445 27 0 -9 2 -9 4 -9 26 -10 10 -9 391 -248 -28 -7 -1 -8 -1 -6 345 -153 233 -13 280 -2 376 166 372 138 244 43 -124 24 -20 3 106 -16 -46 8 -144 117 182 81 243 133 0 0 0 0 16 -4 8 -2 -7 -12 40 -9 155 71 167 94 -159 5 224 134 6 0 0 0 22 -1 144 92 115 79 72 -3 116 84 51 -6 36 -4 20 -4 -302 13 11 -3 3 -2 -142 -108 76 -326 79 -327 72 -325 43 -320 -227 -100 -17 -100 0 0 0 0 0 0 0 0 0 0 0 0 0 0 0 0 0 0
470 -34 442 -15 1 -9 0 -10 2 -10 40 -14 18 -63 37 -159 0 -9 -1 -9 -1 -9 -1 -8 282 -15 -64 7 -16 2 -68 10 220 -2 305 108 -14 3 -1 0 11 -2 -63 12 -64 12 0 0 -88 17 -96 19 -182 70 162 78 197 116 -195 100 198 136 -224 21 -128 0 192 145 124 65 122 76 -277 11 2 -13 184 131 -283 14 -214 -1 71 61 -294 11 72 88 -258 8 5 1 114 145 69 84 63 -36 -293 -186 -174 -326 -69 -291 15 -328 -186 -100 0 0 -1 0 0 0 0 0 0 0 0 0 -1 0 0 0 0 0 0 0
0 -9 4 -9 3 -9 16 -10 16 -10 -5 -9 -4 -9 -23 -8 -22 -8 -42 -7 -4 -9 -20 -5 -12 1 38 -14 -4 0 -13 2 0 0 -33 6 -10 2 -48 9 -71 14 -96 149 -16 4 -80 75 192 109 -106 156 160 83 163 104 184 109 -208 101 180 107 -211 69 -48 -22 116 46 188 126 -131 -25 6 -3 -176 -9 -170 -10 -2 -1 48 66 -200 -7 -74 -11 63 81 -321 143 102 124 0 0 12 22 -6 -207 87 -29 90 16 82 -28 45 -202 0 0 1 0 -1 0 0 0 0 0 0 0 0 0 0 1 0 0 0 0 0 0
381 -12 396 49 472 150 6 -9 10 -9 -18 -5 348 46 -37 -4 -26 -6 212 -43 1 -1 -18 3 -27 5 -16 3 1 0 0 0 309 122 210 -3 -108 8 -104 14 -116 57 -71 19 -152 21 -48 91 -69 76 -12 -11 139 45 12 -5 20 -8 148 92 136 76 136 95 0 -17 -248 73 0 0 -122 -20 92 93 0 -5 0 0 -204 81 16 22 -300 58 -134 -27 -304 142 98 114 8 -17 21 -16 68 -7 92 -66 100 -65 102 -66 49 26 -330 -37 0 0 0 0 -1 0 0 0 0 0 0 0 0 0 0 0 0 0 0 0 0 0
0 0 370 18 362 14 366 38 19 -8 314 11 190 -26 4 66 160 -31 144 -49 152 -31 352 113 277 59 -64 63 280 84 224 -9 242 49 209 -12 300 128 -88 4 200 65 -72 46 -110 103 159 59 0 0 -49 19 17 -7 -138 73 -192 17 -64 -9 -10 -15 -90 -8 0 0 0 0 -114 74 72 79 56 62 64 74 -229 109 -214 0 -256 112 0 0 -320 85 -320 2 53 57 25 9 78 -61 34 11 -66 -267 85 -76 80 -75 -365 -37 -330 -38 0 0 0 0 1 0 0 0 0 0 0 0 0 0 0 0 0 0 0 0 0 0
453 113 8 82 5 37 393 84 0 76 80 -29 216 -20 282 -25 240 -24 -32 -2 -40 53 142 -36 102 -51 -77 -6 -74 -2 257 57 304 132 -16 36 154 14 -78 105 140 -17 190 63 -17 -18 52 -21 37 -15 -46 23 1 0 -114 87 -16 -12 -88 -4 -45 -21 -224 21 0 0 -120 51 58 60 -115 64 25 89 -17 24 118 136 20 -1 -320 19 0 0 18 16 86 91 53 46 117 130 34 10 36 11 -367 -36 64 -18 63 -19 -338 -94 54 -21 0 0 0 0 0 0 0 0 0 0 0 0 0 0 0 0 1 0 0 0 0 0
374 26 0 13 40 101 2 67 306 -1 367 81 346 71 276 4 -26 -5 -15 63 304 86 96 -48 334 124 -66 84 32 -27 -92 26 306 113 -34 17 -19 -65 -40 -15 0 0 141 5 133 24 -48 49 210 127 0 0 -51 2 110 56 80 28 -76 87 -64 32 0 0 -102 17 96 95 20 71 76 76 -138 54 62 56 -248 11 -219 51 88 79 0 0 98 89 77 82 105 119 38 24 32 20 -35 -47 -336 -36 8 1 -389 -43 -400 -46 0 0 0 0 0 0 1 0 0 0 0 0 0 0 0 0 -1 1 0 0 0 0 0 0
261 -46 38 50 400 79 340 44 67 3 340 69 288 -4 16 -21 316 67 350 107 312 76 296 64 -78 -16 324 83 314 111 212 -34 224 26 202 -16 104 -42 204 50 -58 105 -84 65 0 0 -27 -32 -75 -5 -62 -16 -14 59 -40 20 -47 20 0 0 40 57 -92 33 -64 7 12 -24 -169 28 18 -2 -72 -40 -152 48 -232 91 -226 83 -304 17 109 91 0 0 79 73 -128 -64 86 59 87 63 96 112 16 17 -76 -52 92 104 40 26 -2 -1 0 0 0 0 0 0 0 0 0 0 0 0 0 0 0 0 0 0 0 0 0 0
0 0 0 -1 33 86 7 13 18 46 130 -81 352 59 281 -43 304 17 165 -53 294 34 283 29 -43 11 -56 -14 226 -15 289 63 294 105 238 35 -76 48 -73 50 -62 -33 -80 44 152 35 156 71 -49 15 104 24 80 22 74 41 -96 101 128 84 31 -9 38 40 0 0 0 0 -114 2 114 109 -199 30 -227 -10 37 28 81 74 -18 -31 0 0 -296 0 -304 -31 41 32 12 5 78 61 1 -17 0 0 12 9 48 40 20 14 32 19 0 0 -32 -77 0 0 -8 -6 8 1 -2 -1 -2 -1 -2 -1 -1 0 0 0 0 0
16 43 0 7 22 22 142 -88 4 -34 -6 21 384 104 330 27 0 34 264 -22 -46 19 -18 18 -21 -1 -69 -29 266 33 179 -53 -112 -4 240 40 -40 10 -8 4 -84 15 169 26 -30 -4 -48 58 83 -40 88 77 98 50 -29 -6 8 52 -50 3 58 3 -64 19 -80 8 -118 79 -84 -7 -160 85 -104 37 63 54 -224 43 4 57 -256 55 -280 -22 -18 -50 -306 59 16 0 36 28 -21 -52 -9 -14 64 61 64 93 67 84 -2 0 16 12 0 0 0 -1 -38 -65 21 8 0 0 -33 -14 4 0 6 -3 4 -3 -90 -86 -108 -96
13 48 -8 24 8 33 173 -81 176 -85 -1 16 367 45 -12 75 308 24 317 48 0 0 290 5 304 43 -64 -36 256 6 -80 -12 -56 85 240 45 -38 -3 -4 -36 -14 -10 114 -16 0 0 -44 48 86 34 -16 -2 -16 -1 60 27 -16 10 -48 2 -87 57 38 7 32 29 6 -8 0 0 1 0 -18 -27 -159 52 -158 -9 57 60 38 33 0 0 -256 8 48 40 0 0 28 17 -320 12 -192 -87 0 0 66 87 0 1 33 32 0 1 2 0 0 -2 35 15 0 -1 -33 -18 2 -1 -79 -95 0 0 -72 -80 -26 0 -16 6
24 -59 -8 46 141 -100 241 -79 232 -80 178 -99 -32 29 -26 26 -34 -11 -15 -2 -43 -15 341 85 -10 -18 -70 -10 262 16 11 -5 -80 -28 -63 -50 0 0 -6 2 -69 24 -50 -34 160 43 -2 -9 64 -30 72 13 84 77 -14 10 16 0 99 60 -59 3 -66 34 -72 38 -82 -10 9 42 -128 46 -14 -25 34 15 42 43 16 13 48 48 -171 18 23 16 20 19 72 81 -28 -63 -336 7 -7 -18 -117 -77 -209 -99 0 1 19 22 0 0 62 54 -5 -4 0 -1 0 0 -62 -75 -54 -72 16 -4 -62 -24 -77 -96 -10 1 -16 3
0 0 0 13 432 41 413 48 376 23 333 -24 324 -23 156 -105 -28 33 304 29 16 -42 -41 26 334 41 324 77 268 24 -53 13 232 14 0 0 -9 -47 160 -51 28 -84 240 59 138 35 145 33 92 -57 100 -17 64 -22 18 22 8 1 63 20 -52 -16 82 52 -16 -30 116 79 -107 -15 84 44 -19 -39 -152 -13 55 29 45 30 -242 42 40 12 82 76 45 31 72 70 -22 -57 -330 52 -24 -35 -357 17 -360 10 8 6 0 0 -17 -12 1 0 7 0 -123 -95 0 -1 -26 -19 0 0 4 -1 0 -1 -9 -3 -64 -20 -35 -1
420 -4 0 0 24 63 352 -27 416 41 162 -114 400 66 -17 45 -20 7 226 -83 -16 5 -12 -67 278 -6 294 18 -30 35 8 -14 245 23 -88 -49 216 6 64 -89 230 43 -130 -45 -20 -24 94 0 8 -84 -60 26 -24 -25 -60 31 -13 -51 141 62 48 -32 -101 31 -24 21 29 52 11 -37 -124 -28 18 -1 34 -2 -7 -7 -38 -4 73 44 -224 34 6 -14 -30 -84 27 20 72 59 -320 -45 -323 54 48 38 -122 -88 0 1 47 43 48 35 0 0 34 64 39 44 24 6 0 -2 35 9 -32 -22 -48 -29 -8 -9 -54 -23 -16 0
438 0 0 -4 422 15 396 13 168 -121 0 -18 -14 6 324 -1 311 2 -21 -63 0 0 64 -10 11 -48 115 -99 50 -78 227 -30 112 -89 -62 34 210 7 190 -24 119 -44 132 -79 -26 9 -6 -22 110 -33 88 -36 24 -36 26 -34 48 -41 6 -7 112 20 25 20 14 -34 19 16 -152 41 -121 -30 -112 -21 9 -48 0 0 0 0 -176 -8 -184 -72 -6 -9 6 -3 -304 17 -287 31 48 29 32 17 -38 -89 -368 -75 -199 -119 27 20 -192 -120 -424 -13 6 0 -54 -60 -46 -37 -62 -56 0 0 0 0 -46 -31 -98 -114 -62 -29 -20 48
0 0 0 -13 151 -128 372 -20 8 -25 -16 -81 16 46 301 -8 292 -19 296 14 264 -27 237 -40 264 -10 -16 22 0 0 -51 -86 16 -32 1 0 184 -21 196 -6 -40 -66 118 -8 -55 43 97 -55 112 -19 30 5 55 19 18 4 62 -15 40 -86 -48 -46 -10 -41 48 53 16 -10 62 3 -112 -39 -145 -76 -129 -44 -154 -16 -36 -88 68 26 -248 7 -247 -11 2 0 -277 -62 -17 -39 -328 -5 -355 -44 11 -9 20 6 -360 -89 28 17 -152 -113 -257 -126 10 7 -387 -96 -13 -9 -75 -77 28 45 -77 -62 24 9 0 44 0 0 -6 -11
19 29 0 -1 2 3 162 -140 406 12 350 -3 304 -31 34 40 0 0 342 19 39 -72 -56 -74 54 -70 34 -31 0 0 40 -110 12 -35 192 -24 -45 21 0 0 95 -71 158 -29 130 -25 -12 -44 -15 -45 33 -28 84 21 27 -46 -16 -75 -55 -42 140 46 -66 -56 0 -31 -123 1 7 -62 -152 46 70 6 -100 -114 -168 -30 -21 -74 -104 -112 -185 -83 -304 -70 -48 -57 -181 -59 8 -20 68 35 -316 18 -308 -93 13 -3 -26 -31 -368 -33 -30 -26 -158 -120 0 0 18 43 0 -2 0 0 -20 -29 -142 -144 0 47 -1 27 -159 -141 -10 28
0 1 0 0 393 -38 400 -15 -1 0 0 -69 382 39 318 -17 -24 -75 32 -52 270 -41 228 -98 272 -3 43 -30 -18 -27 -8 -40 240 2 228 5 -26 40 107 -77 78 -28 117 -60 73 -74 3 -56 64 20 16 -46 27 -57 74 25 153 30 46 -1 -87 -1 -12 -57 -72 -63 -42 -2 2 -91 98 30 72 -16 64 -30 -151 -50 -188 -84 -128 -75 -34 -82 -175 -70 -202 -25 -206 -52 8 -5 -248 -97 40 9 -344 -4 -32 -38 -341 14 0 0 -16 -24 -7 -11 -403 -28 2 -4 8 30 -14 -26 -48 -52 -53 -52 0 26 4 25 -63 -50 0 19
16 24 0 3 0 0 336 -122 144 -155 189 -159 0 -55 -22 -9 358 23 312 -19 360 22 302 -12 96 -128 98 -131 -14 2 182 -66 144 -70 122 -85 42 -67 104 -41 0 -33 64 -18 100 -100 0 0 -10 2 0 0 14 -2 -2 2 8 -43 -46 -21 -94 2 16 -61 32 -33 -67 -64 0 -40 39 9 76 -1 -13 -115 37 -57 16 -40 -44 -114 -15 -12 -252 -16 -26 -22 -194 -78 -232 18 -40 -42 32 9 -252 -62 -12 -21 -350 -95 -338 -85 -312 -112 -51 -39 5 -10 -18 -24 8 6 -20 -30 -443 -120 7 11 -48 -57 10 -31 -104 -143 -36 -35
0 0 0 0 0 0 348 -100 184 -157 328 -82 292 -127 1 2 0 0 83 -133 258 -65 302 -23 324 0 21 -106 -42 3 22 -18 44 -68 29 -68 7 -66 192 2 37 -72 77 -65 41 -62 26 -99 48 9 -29 4 -39 4 144 21 40 -15 20 3 -8 -57 29 -107 -123 -15 -34 -60 102 15 34 -79 -146 -18 -137 -78 -159 -109 -168 -113 -39 -86 -188 -21 -182 -86 -44 -78 -80 -112 -216 -60 11 13 -40 -65 -43 -67 -50 -64 -326 11 -64 -62 -368 -94 -350 -63 0 -1 -44 -66 -59 -72 8 -3 -72 -100 -30 -53 -2 12 -14 -50 2 -53 -30 -52
0 1 0 -1 0 0 115 -162 -14 -27 -22 -38 -12 -66 354 -29 -38 -83 0 -125 277 -64 1 9 7 -78 -11 -64 0 0 178 -5 30 -93 169 -3 32 -58 51 -38 27 -79 42 -72 34 -65 -1 -18 -19 -4 -11 3 0 -49 -2 -68 110 1 -18 -58 -32 -26 -19 -19 -24 -83 6 -84 -72 -50 -8 -90 -104 -85 -13 -94 24 -56 -126 -95 -18 -45 -30 -7 41 3 -198 -20 0 0 -64 -39 -248 -4 10 1 -88 -104 -262 -122 -304 -113 0 0 -38 -35 -174 -143 -195 -150 -2 -21 -49 -56 17 -14 8 9 8 12 -142 -175 -14 -55 2 -62 -166 -174
0 1 0 0 484 -53 -3 2 106 -176 227 -157 -24 -38 -20 -80 16 -97 -24 -107 352 7 -42 -106 -3 -69 23 -80 28 -124 21 -125 32 -64 168 -49 128 -95 88 -93 0 0 65 -17 104 -2 -10 3 6 -12 55 1 0 -1 50 3 32 3 -29 -6 22 2 20 1 0 -1 -111 -11 -64 -75 -38 -16 -14 -35 -109 -48 -16 -57 -22 -63 -128 -96 -109 -76 -102 -89 -28 7 0 0 -124 -65 -178 -88 -83 -96 -30 -47 2 -25 -59 -93 -64 -78 -80 -124 -381 -15 -22 -39 -65 -92 -80 -102 -77 -120 9 5 7 8 12 -9 -56 -84 -2 -63 -108 -171
0 0 0 0 0 0 458 -2 374 -97 -16 -15 314 -140 -32 -46 -32 -97 -39 -98 294 -78 -2 -143 -31 -32 -34 -94 228 -82 42 -78 -48 -23 140 -64 54 -93 54 -99 20 -34 93 -10 52 -10 31 -3 64 -1 52 0 -6 -11 36 -4 -44 -1 0 0 -53 -1 0 -1 -64 -22 -56 -16 -5 -10 64 -3 -68 -38 -24 -17 -95 -115 -80 -49 -88 -54 -50 -16 -152 -28 -130 -83 -88 -37 -166 -89 -106 -123 -67 -50 -64 -54 24 -36 31 -3 -374 -110 -46 -68 -16 -47 -93 -153 -400 -75 -8 -47 14 -29 -72 -121 -27 -74 4 -18 3 -19 -66 -101 -47 -87
