207 226 185 39 174 61 185 231 159 197 154 196 18 71 134 50 160 192 153 103 147 95 141 95 140 98 132 97 115 85 63 84 0 0 88 0 0 0 -1 0 1 0 0 0 0 0 2 0 -2 1 -22 0 0 10 9 15 -1 0 0 0 0 0 -14 9
242 -8 184 56 207 228 150 -1 159 46 153 188 180 183 134 54 162 184 151 121 148 135 150 120 134 121 118 120 131 112 105 86 120 90 0 0 -21 -7 -21 -7 0 2 -1 0 -12 -1 -20 0 -14 -4 -23 -5 -3 -3 10 10 23 4 0 5 2 4 -3 5
188 48 187 66 177 55 177 -13 93 -16 148 187 179 175 135 57 128 21 166 152 144 161 136 155 142 161 110 133 129 161 99 111 88 82 0 0 91 82 72 62 -35 -15 -37 -15 -21 -9 -29 -11 -31 -9 -35 -9 -25 -12 -23 -16 0 -1 0 0 8 1 -26 -13
226 -23 179 5 175 40 199 167 158 8 154 58 179 168 138 72 128 13 141 129 132 140 133 151 143 162 -48 133 96 107 121 136 50 3 56 18 48 19 44 26 27 7 23 8 -47 -23 -54 -23 -62 -24 -46 -20 -48 -19 -24 -16 -11 -12 -7 -15 -20 -10 -35 -21
191 -31 176 196 192 172 170 172 193 160 145 97 144 39 80 -17 128 5 -26 129 -33 129 128 136 112 103 -61 127 80 96 72 15 66 22 57 207 56 185 47 192 33 28 26 16 16 15 11 16 -45 -31 -69 -31 -49 -25 -41 -24 -30 -21 -27 -28 -63 -32 -43 -25
191 -24 185 19 179 167 169 167 158 160 188 152 82 -39 80 -22 128 -3 -39 58 -57 101 -52 119 -63 111 -63 104 77 51 105 -40 111 -40 102 -40 50 43 5 -40 -30 -40 -45 -40 -18 -40 47 -32 -1 34 -69 -37 -77 -39 -56 -33 -24 -28 -37 -36 -59 -37 -52 -33
216 -43 185 22 179 19 170 8 162 160 165 143 139 -16 137 125 128 -11 -39 74 -48 76 -41 112 -66 70 -82 76 -46 113 -86 72 -61 113 -111 88 88 80 80 80 71 64 71 64 10 40 9 -48 0 0 -58 -38 -79 -45 -85 -47 -67 -41 -55 -41 -70 -44 -69 -43
68 105 224 71 216 71 190 16 43 -56 84 -56 159 45 103 88 129 -19 -40 66 -44 72 -58 57 -65 65 -41 76 -15 85 -11 9 11 40 -11 -3 -64 39 -71 15 -112 104 73 121 48 33 32 -45 0 0 27 136 15 19 -88 -55 -93 -55 -71 -48 -69 -47 -64 -48
127 65 121 65 115 69 107 68 100 68 92 67 84 67 75 125 129 -27 -25 48 -43 54 -58 50 -66 55 -7 79 1 0 0 0 0 0 -27 0 -63 31 -103 44 -112 98 40 71 50 42 7 -55 0 0 24 128 27 30 -34 18 -95 -62 -101 -63 -93 -63 -96 -60
194 -24 186 -24 178 -25 170 -25 162 -25 154 -26 145 -30 135 -26 129 -35 -24 39 -9 33 -50 62 -32 43 35 24 1 0 20 59 -21 18 -7 -7 -65 22 -79 33 -112 89 40 65 50 41 -10 -58 0 0 -9 136 19 24 8 8 20 17 -103 -70 -110 -71 -117 -71
132 -80 124 -80 117 -80 135 -80 127 -80 197 -80 188 -80 180 -80 76 -65 9 -1 -16 15 -52 52 -30 36 34 16 16 42 0 0 1 0 -33 17 -23 -27 -72 14 -111 69 73 101 50 35 -56 -79 0 0 -7 159 0 1 16 15 -1 -1 -49 4 -52 20 -119 -79
219 11 223 75 208 84 196 88 0 0 1 45 -17 29 -25 40 1 13 1 13 0 1 -40 7 1 32 16 0 0 1 1 0 1 -21 -14 -35 -43 52 -30 103 -147 56 48 64 52 50 42 -1 0 -81 -9 -31 0 0 9 8 12 9 -13 -12 -19 -13 -65 -4
232 24 232 80 224 82 189 55 0 -2 22 26 0 -3 -24 24 1 8 1 5 -1 -7 -39 36 21 96 24 -15 1 0 -1 -15 0 0 -27 -31 -26 -36 -30 96 -113 -1 54 82 52 19 47 4 -65 -96 -7 -49 0 0 0 2 0 -3 0 0 0 1 -30 -22
239 30 233 77 224 84 11 65 -1 1 24 33 0 24 -25 31 0 4 0 -14 0 -11 -35 -16 -30 57 -96 56 27 -8 11 87 5 55 -16 90 -13 87 -95 23 -138 22 39 27 38 -9 38 -9 -63 -104 -7 -21 16 61 21 18 4 7 -6 -8 -15 -8 -11 -7
240 24 232 64 224 69 16 47 -1 -6 0 21 -1 -15 -24 20 0 2 1 -6 0 -25 -49 1 -53 -16 -38 49 -6 -40 -39 -28 -79 34 -104 -25 -96 0 73 16 -96 41 -156 44 46 15 47 -15 -192 32 23 1 25 39 21 14 -3 -5 0 1 -10 0 -23 -17
231 32 200 2 -1 1 16 39 0 -15 1 8 1 -8 -25 14 0 -5 1 -37 -1 -35 -48 -3 0 0 38 -23 1 -57 -56 -5 3 -49 -3 -53 -70 -24 -90 33 -79 -21 50 33 49 40 48 7 33 40 40 7 26 58 8 5 16 5 0 0 -17 -13 -18 -6
232 40 205 24 25 47 12 32 1 1 1 5 -2 -30 -16 13 0 0 1 -47 0 -39 -39 -22 0 -1 24 -66 25 -65 -56 11 0 0 -23 -56 -20 -65 -25 -66 -29 63 71 17 48 -36 48 23 0 0 32 34 2 28 32 28 -5 -5 7 6 -2 -1 -28 -25
231 18 24 28 32 31 16 20 0 -12 -8 -13 0 5 -17 17 -32 -8 0 -34 -1 -55 -49 -24 0 1 9 -38 27 -66 95 11 -32 -7 -18 -56 0 -38 -31 56 48 -8 60 8 49 -30 35 -26 32 39 -168 -49 -160 26 24 40 17 9 -3 24 -16 -8 -12 -11
232 22 24 22 24 24 23 25 1 -46 -10 -34 -25 -12 -15 25 -32 -37 -32 -22 0 -64 -49 -12 -30 -28 -11 -49 17 15 108 6 -128 -1 8 -47 -34 -79 -29 48 60 25 65 9 52 -35 48 -16 47 25 -169 -21 -161 18 20 38 20 16 0 -8 -1 2 -30 -18
232 14 24 9 32 12 216 32 0 0 0 1 0 1 155 1 0 0 -30 -20 0 -60 -49 -31 -32 -44 -25 -65 99 -15 121 27 20 -62 -7 -87 -22 -98 -25 40 64 -47 66 24 39 -65 3 -54 0 1 -169 -29 -161 9 0 16 16 8 10 -8 -4 -9 -8 7
231 -9 204 -6 223 8 215 1 -13 -52 0 8 1 0 152 -26 0 -9 -40 -38 0 -75 -49 -49 -48 -34 -25 -68 -33 -78 -97 -33 85 -2 -39 -62 -7 -101 58 -19 69 -47 58 -1 48 -78 -57 -159 0 1 -168 -62 -161 1 7 19 17 -16 1 8 -16 16 -1 0
239 -35 223 -7 224 -9 224 -14 179 -15 -1 -3 -34 -36 185 9 0 -2 -41 -58 -33 -40 -48 -42 -33 -61 -40 -48 -33 -77 -42 -74 -63 -54 7 -93 -13 21 68 5 65 -71 47 -92 48 -89 6 -61 1 -41 29 23 -178 -40 -1 -16 15 -7 8 -19 -1 -5 -7 -9
233 -54 223 -23 231 -8 224 -22 179 -22 173 -26 163 -16 185 0 0 6 -43 -63 -48 -45 -55 -55 -35 -67 -56 -63 -31 -93 -56 -16 -31 -44 -16 16 -23 -16 71 -1 66 -86 65 -79 49 -97 -184 -58 -53 11 -1 15 -1 -101 -8 -42 0 2 0 6 -1 1 -24 3
240 -64 224 -47 209 -62 201 -58 208 -7 173 -31 192 3 185 -7 0 0 -24 -22 -34 -27 100 -54 97 -66 85 -86 1 -123 -1 -121 0 -122 -7 7 104 -48 41 -56 88 -82 74 -84 56 -96 -54 -60 -2 -132 -4 0 -8 7 14 8 7 -25 8 -10 1 1 -32 -43
223 -89 231 -58 222 -59 201 -67 203 -20 199 -22 172 -20 129 -163 123 -161 121 -146 113 -144 105 48 96 43 87 17 -112 -39 1 0 0 0 87 -95 95 -96 88 -97 72 -95 64 -97 -51 -76 -54 -4 0 -1 -5 1 -6 0 1 0 0 0 -45 -161 0 -48 -7 -10
219 -106 232 -80 205 -94 217 -77 210 -40 201 -40 144 -155 144 24 127 40 127 40 103 16 152 39 96 8 135 25 113 -8 86 -118 96 -124 84 -132 65 -136 80 -101 59 -107 -72 -77 -44 -69 8 -155 -3 0 18 -7 -13 5 -26 8 -49 39 6 32 -15 -7 -61 -169
219 -114 233 -88 219 -94 217 -85 198 -46 154 -111 142 3 129 18 120 18 118 31 114 -153 103 31 103 15 89 -150 82 32 -53 -135 0 -137 107 -97 79 -112 -152 -113 -13 -80 -36 -78 -47 -17 7 31 -1 0 0 -1 0 0 32 7 -30 -158 -38 -158 -57 21 -55 33
232 -115 226 -102 200 -117 212 -101 192 -101 148 -5 183 -12 135 24 130 -166 122 -162 114 -166 98 16 98 -162 90 -166 82 -160 8 -84 -9 -144 87 -143 42 -116 -23 -81 -28 -86 -36 -86 16 -142 0 1 -3 -3 0 -1 0 -1 5 -4 -30 -162 -38 -160 -46 -157 -3 22
239 -121 212 -127 201 -129 197 -127 160 -177 159 0 146 -170 177 -22 120 8 110 2 114 -174 155 10 98 -174 90 -174 88 -163 9 -95 -9 -156 90 -145 -18 -222 86 -144 -31 -97 -48 -152 17 -172 0 -2 2 -174 -13 -17 0 1 -22 -174 -30 -170 -38 -174 -46 -174 -66 2
232 -133 211 -136 202 -140 164 -127 161 -16 145 -11 132 -5 138 -178 130 -182 122 -177 110 6 103 7 87 -6 128 -33 83 -193 11 -102 4 -102 88 -151 21 -223 -25 -106 -28 -102 24 -135 18 -182 10 -182 39 11 -16 -8 24 -17 -19 -164 -41 -5 -49 -17 -59 -6 -62 -2
232 -144 212 -147 215 -140 170 -144 163 -25 154 -190 146 -186 128 -11 118 -25 122 -190 117 -173 106 -190 97 -16 80 -22 -112 -144 12 -110 2 -48 87 -161 -15 -239 -21 -110 -41 -168 25 -191 18 -185 10 -190 4 -175 40 -33 -14 -190 -23 -181 -39 -10 -48 -23 -57 -22 -57 -29
241 -152 232 -146 204 -166 170 -36 176 -23 144 -31 192 -6 128 -31 117 -21 122 -194 103 -29 106 -196 98 -198 90 -198 16 -117 -1 -176 104 -154 88 -169 63 -151 -21 -118 -22 -61 16 -23 18 -193 10 -198 2 -199 -8 -8 32 -24 -22 -198 -34 -33 -45 -39 -53 -37 -61 -17
