192 212 216 215 214 215 201 196 161 191 159 195 181 187 120 213 160 225 117 110 116 110 103 110 88 135 87 110 79 128 71 126 0 0 18 0 0 0 -2 0 1 0 19 0 -4 0 0 1 -4 0 -20 0 0 0 -23 157 18 220 10 220 2 220 -6 220
194 149 192 232 177 216 169 149 168 232 162 170 175 176 137 49 160 218 160 122 -78 146 137 120 135 120 -100 104 113 108 69 102 64 87 93 67 47 153 38 152 -27 -8 1 1 9 0 12 9 0 3 -12 -5 -15 -7 -23 149 18 212 10 212 2 212 -6 212
193 -9 208 214 225 201 217 203 161 147 155 186 175 169 136 41 160 209 -68 104 -65 87 -83 115 -92 115 -57 168 -106 99 -115 91 96 96 56 49 39 120 38 112 29 143 22 143 -44 -15 -52 -16 -28 -8 -47 -15 -13 0 -24 -16 -31 141 10 204 -47 141 -55 141
218 -24 184 125 178 188 176 202 192 199 152 31 175 204 135 33 160 201 -68 114 -42 145 -73 78 -83 69 -67 146 -71 131 -103 68 48 34 98 -22 82 200 90 199 70 192 74 196 17 132 7 133 -62 -24 -67 -23 -55 -23 -25 -14 -48 -23 -39 133 -47 133 -55 133
128 -1 191 207 209 157 200 158 172 159 175 143 186 181 136 33 161 193 -40 127 -48 66 -48 137 -59 136 -72 69 -71 121 -105 64 65 125 98 178 85 167 78 182 23 177 47 192 52 192 58 188 33 191 -9 126 -48 -25 -48 -24 -33 -26 -39 125 -35 -32 -41 -26
191 15 227 169 177 168 204 152 178 156 182 144 143 119 -8 150 147 191 -40 56 -40 98 -41 118 -64 61 -70 88 -80 59 89 86 51 40 56 121 83 32 40 119 67 -40 24 119 16 120 -25 -40 1 117 42 180 -75 -39 -57 -32 -71 -39 -39 -37 -59 -39 -52 -36
193 -45 234 172 226 171 205 151 157 158 172 137 178 175 -3 39 178 171 -40 72 -43 66 -55 50 -64 53 -56 92 -96 116 -55 111 -49 72 24 90 -64 73 -72 72 -110 48 -153 53 49 49 8 61 6 -30 42 172 17 175 -87 -47 -62 -39 -40 -34 -43 -32 -48 -34
152 -9 132 104 123 104 114 104 106 104 98 104 90 104 76 136 178 164 -40 63 -44 61 -52 50 -64 72 -8 27 -112 56 -41 52 -20 58 10 25 3 24 -73 65 -64 70 -120 89 41 65 36 37 -64 -55 42 164 16 171 -29 107 -91 -55 -70 -47 -78 -48 -95 -55
145 31 139 31 130 30 100 28 92 28 98 3 89 3 105 93 178 156 25 13 13 30 -40 80 -59 68 -9 47 -46 58 25 16 2 0 0 8 1 0 8 74 -88 23 -153 76 -161 114 56 56 0 -3 -6 94 16 156 -21 31 -39 103 -99 -63 -108 -63 -89 -57
235 136 218 147 226 144 217 148 196 147 190 144 194 148 186 148 178 148 23 43 15 63 -36 51 -57 24 -70 59 -31 47 2 0 3 0 2 0 -8 12 -8 6 -80 50 -154 74 -160 14 51 45 1 -7 42 148 -11 167 -26 57 -33 54 -45 92 -51 89 -117 -71
192 82 184 82 207 -8 199 -8 161 81 183 -9 75 -80 71 -80 128 82 10 13 0 58 0 3 -50 45 -5 81 -33 41 4 -4 4 -1 2 0 1 0 -72 42 -80 15 -82 32 -160 94 54 32 -1 -7 -6 79 28 128 -32 55 -32 1 -41 46 -44 15 -59 81
234 24 -7 56 1 4 -8 19 32 82 0 37 42 4 7 46 33 55 0 40 0 26 9 29 -1 3 -28 34 -2 43 5 -20 -1 -18 -2 -14 -5 -8 8 54 -80 32 -81 31 -161 1 40 14 -4 30 16 -31 34 132 -33 47 1 5 -41 32 -49 40 -57 38
217 16 -7 47 0 17 15 75 32 76 15 24 47 13 8 36 33 37 0 28 0 16 9 15 2 0 -85 46 -87 25 -54 18 17 -17 16 -22 -65 -1 -72 9 -81 -1 -120 -8 -176 53 54 13 1 0 -10 62 34 124 -33 41 -1 3 -42 16 -54 35 -57 35
233 20 -5 44 24 68 23 65 0 25 -4 23 48 11 -15 20 0 8 8 25 0 12 0 -16 0 8 -24 5 -49 -9 -41 24 -10 -20 -47 -27 75 -7 -149 7 -136 4 56 0 -171 55 32 12 1 -7 -14 55 -17 25 24 22 16 13 -44 7 -51 7 -18 -5
0 10 0 0 32 56 24 48 1 -12 0 16 38 14 -22 16 33 -11 8 7 0 -5 1 -17 0 8 -25 -6 33 -32 23 -35 37 15 -96 47 -20 -37 -24 50 -143 8 -152 58 -154 -4 54 0 34 -22 -199 15 -193 63 17 11 10 12 -7 -3 0 3 -59 -1
1 1 33 35 8 -4 -8 15 1 -1 0 8 48 -9 6 8 0 9 9 15 -1 2 10 -22 1 6 -24 -14 15 -47 37 3 32 21 -136 24 -25 -35 -23 -40 -11 -37 -52 23 -87 -45 41 -20 0 20 33 7 -191 46 -211 -17 18 12 -8 -4 -20 -8 -8 -4
1 1 25 29 24 24 8 -27 32 4 55 -32 48 -33 -23 -31 0 5 0 1 1 -23 9 -33 2 4 -26 -6 11 -59 7 -13 32 20 112 17 -16 -29 -6 -61 -31 -18 -88 -32 32 -15 6 -17 1 0 -178 35 -207 6 -200 -38 -223 25 -228 -24 -4 8 -25 -17
0 -3 34 17 8 -14 8 -35 32 -4 -1 -2 -8 0 6 41 0 3 24 -40 1 -41 2 -42 -33 -47 -26 -14 48 23 -16 -30 -57 -27 91 -24 -144 -11 -27 -63 -81 -14 -88 -25 32 -24 6 -24 0 7 -176 19 -176 -38 -168 48 -207 23 -232 13 -239 17 -3 0
0 -4 55 34 9 -23 0 -25 0 -48 -6 -48 -13 -52 -16 13 -1 5 22 -48 0 -10 1 -51 0 17 -24 -21 -32 -22 -39 -22 -113 -25 95 -20 -79 -19 -26 -66 2 1 -97 -51 50 -49 42 -49 1 0 -199 -8 -173 -51 -199 -33 -209 -58 -231 5 -235 -40 -243 -41
0 -33 25 1 -1 -25 -9 -54 0 -2 -13 -55 -14 -56 -1 8 0 -2 -31 -32 0 -49 -1 -57 0 4 -24 -30 48 -16 -45 -55 -56 -41 -49 -40 -48 -47 -84 -50 0 -19 -153 -53 13 -41 42 -58 1 1 -168 -32 -170 -48 -199 -56 -209 -63 -231 -4 -234 6 -248 -3
232 0 10 -66 0 -74 -24 -11 1 -3 0 -4 -32 -23 -16 -1 0 1 -23 -19 16 -39 2 -68 0 0 -24 -40 -33 -57 -40 -38 -113 -39 -74 -3 -81 -13 -40 -4 -76 -61 -153 14 52 -66 10 -66 0 1 -6 -13 -185 -36 -176 8 -209 -74 -230 -7 -239 -11 -247 -11
217 -56 -8 -53 -16 -19 -24 -19 -23 -39 8 -4 0 1 -49 -54 0 -6 -24 -27 15 -80 5 -75 -33 -72 -23 -47 -15 -12 -40 -46 -47 -71 -41 -39 -43 -7 -73 -47 -110 -12 72 -56 17 -73 13 -74 16 -36 -8 22 -208 -40 -167 -4 -207 -79 -230 -22 -235 -22 -248 -20
225 -64 232 -43 0 -11 199 -51 -24 -52 8 -5 0 -3 -48 -72 0 -1 -38 -80 -37 -43 5 -84 -1 -73 -40 -82 -76 -35 -41 -72 4 -103 9 -110 16 -33 -137 -79 -159 -34 22 -78 16 -49 10 -54 -84 -120 1 2 1 1 -22 -30 -206 -81 -226 -20 -233 -61 -240 -78
220 -87 232 -52 214 -48 223 -40 -27 -31 -24 -86 -1 0 -52 -36 -50 -23 99 -85 148 20 138 22 80 37 89 40 95 56 74 -38 -15 -50 -55 -71 -129 -87 40 -89 31 -59 23 -57 17 -65 -58 -118 0 1 -6 9 -1 11 0 0 -23 42 -15 -8 -223 -87 -240 -70
189 -80 217 -83 213 -70 202 -71 -32 -47 -33 -29 144 -123 171 46 126 22 119 37 97 48 87 35 95 17 107 33 128 32 103 33 0 0 57 -100 39 -27 39 -65 31 -63 16 -57 -41 -128 8 -127 0 2 9 -9 1 5 1 0 4 0 -49 48 -13 13 -54 -46
189 -88 224 -82 209 -91 199 -90 -30 -49 151 -132 135 21 121 40 157 8 164 8 156 8 86 34 97 8 130 7 62 33 105 28 7 -132 -7 -7 81 -103 37 -90 -23 -39 -33 -135 -47 -68 39 -7 36 -8 26 -7 -1 1 -31 7 0 30 10 4 -67 34 -74 40
189 -96 227 -97 208 -99 216 -92 209 -77 143 13 143 25 124 17 174 0 169 3 149 5 97 16 96 16 126 8 109 7 76 -57 7 -139 24 -47 50 -71 -87 -111 -22 -142 -30 -143 15 -152 8 24 -3 0 -2 0 11 -14 8 19 9 -1 2 -2 -4 -1 -73 23
182 -87 181 -104 209 -114 210 -108 160 -160 170 9 188 -8 169 3 172 -11 159 -9 149 -7 88 8 136 -9 135 -8 121 -13 9 -114 1 -85 7 -56 47 -91 39 -58 -39 -151 -40 -85 63 -11 -10 18 39 -8 -11 -9 21 -24 8 -6 17 -8 -7 -9 -14 -12 -22 -8
183 -90 181 -112 173 -113 165 -145 152 -4 152 -1 188 -16 178 -17 175 -15 160 -23 94 7 87 5 96 0 72 1 113 0 15 -160 7 -155 -6 -91 -9 -223 -87 -65 -24 -156 -61 -161 62 -20 52 -17 0 0 0 1 0 1 20 -19 0 -16 -9 -9 1 -16 -74 16
182 -97 179 -114 171 -115 169 -167 162 -20 183 -19 186 -25 120 7 110 4 160 -22 96 -8 144 -25 80 -9 120 -5 114 -9 16 -164 0 -100 53 -105 -16 -231 -17 -168 -32 -101 68 -23 56 -23 47 -17 -12 8 -8 -7 33 -12 24 -29 15 -9 -56 7 -64 -8 -62 -11
192 -113 179 -122 206 -148 170 -27 195 -49 143 0 121 -1 120 -17 159 -31 160 -32 96 -16 137 -36 81 0 134 -32 -112 -115 15 -171 100 -140 54 -114 -16 -239 -26 -171 -1 -78 8 -17 56 -33 52 -36 36 -33 -26 -10 -32 -15 15 -24 -49 -13 -38 -15 -50 -30 -57 -13
191 -120 174 -114 177 -239 159 -30 198 -56 201 -38 128 -23 136 -18 110 -20 151 -17 102 -8 148 -41 143 -41 136 -39 45 -23 9 -117 63 -115 53 -119 84 -173 -87 -96 81 -23 63 -32 54 -42 48 -42 33 -40 -5 -36 -16 -25 25 -24 -34 -40 -42 -25 -63 -8 -56 -23
