218 206 192 51 177 63 200 208 168 189 153 198 147 37 136 190 161 207 157 106 142 94 144 96 138 97 132 97 80 96 1 0 1 0 55 69 0 0 1 0 0 0 0 0 0 0 -4 0 0 0 2 0 1 0 11 19 -33 63 -43 41 -51 40 -58 42
191 55 187 58 215 233 145 -7 162 219 152 190 147 29 137 179 160 201 154 127 142 124 156 121 145 119 132 122 127 103 107 87 63 87 71 35 -20 -7 -23 -7 1 1 0 0 24 7 -16 -1 0 0 -4 -5 4 -2 12 13 16 7 -40 72 -13 0 -23 -1
192 51 193 68 185 69 168 -16 158 72 153 192 175 177 136 36 146 221 175 161 160 159 151 141 152 161 107 121 122 139 118 115 88 84 0 -1 91 81 40 81 -28 -12 -37 -15 -16 -7 -19 -4 -31 -11 -31 -11 -7 -9 -10 -12 1 0 -6 -8 0 -12 0 -1
192 49 136 -16 176 168 221 216 159 7 153 39 176 182 135 47 175 -24 173 159 157 167 149 152 151 171 105 114 96 109 119 147 89 80 54 7 43 6 32 7 29 8 23 7 -45 -23 -53 -22 -62 -24 -42 -17 -44 -16 -18 -18 -12 -17 16 -7 -17 -9 -27 -13
190 46 212 188 187 183 168 178 178 182 19 160 200 -32 127 29 175 -32 136 113 128 110 121 101 113 105 -60 138 104 125 71 48 105 192 89 209 74 177 48 193 61 178 28 27 20 15 15 19 1 0 -69 -31 -46 -24 -44 -25 -26 -23 -20 -26 -33 -29 -39 -29
154 -40 232 184 183 184 179 183 165 160 183 153 81 -40 137 66 175 -40 -42 68 -48 71 120 98 -57 117 -73 79 110 117 70 23 66 23 56 23 49 23 42 23 -2 -40 -11 -40 -19 -40 7 23 2 1 -55 -33 -77 -39 -57 -34 -20 -23 -25 -37 -63 -39 -42 -38
191 29 189 25 227 175 201 174 160 163 169 166 143 -15 136 59 69 -11 -41 65 -47 81 -42 115 -66 62 -71 78 81 80 72 81 65 80 59 66 52 64 71 41 77 57 65 56 -59 -48 7 -43 1 0 -5 -12 -77 -45 -85 -47 -63 -40 -33 -39 -63 -43 -50 -46
196 53 182 7 175 7 168 7 168 29 159 5 190 -56 164 123 61 -21 -40 70 -42 69 -57 65 -65 51 88 73 -45 35 -2 136 -8 137 -19 130 -64 40 -104 72 50 90 80 100 38 50 5 -41 2 -1 9 179 -89 -56 -88 -55 -93 -56 -60 -47 -71 -48 -73 -47
128 16 118 31 111 31 102 31 94 31 86 31 78 31 72 144 110 -33 -40 64 -47 62 -57 56 -65 57 -39 92 -10 56 1 -1 2 -1 -2 122 -64 31 -71 88 -136 80 72 94 49 111 -56 -63 0 -4 -3 158 -23 41 -90 -61 -93 -62 -101 -63 -84 -58 -89 -61
221 119 215 119 207 119 203 121 50 120 40 120 31 120 133 -42 63 -38 -34 47 -34 33 -55 38 -64 42 -7 53 13 -7 1 -1 -1 22 -2 -5 -64 23 -72 9 -112 64 72 100 49 104 -57 -70 0 -21 18 152 -95 -70 -25 25 -103 -71 -102 -71 -110 -71 -118 -72
198 -8 191 5 179 -17 171 -17 167 4 155 -17 146 -17 135 -41 175 -80 -25 35 -33 33 -49 47 -34 37 -6 58 9 -14 2 -1 2 -1 -9 110 -9 108 -72 16 -122 50 73 89 48 79 -58 -78 0 -32 26 143 -13 -45 15 14 -32 18 -111 -79 -116 -79 -118 -79
221 3 224 44 209 47 184 42 161 41 152 42 143 42 136 41 128 42 -25 20 -1 -2 -40 48 0 6 13 -25 13 -22 7 -8 5 -21 -1 99 -1 93 -16 94 -110 51 69 88 48 71 5 5 25 -88 -8 -36 -13 -53 12 9 12 10 -41 10 -121 -87 -119 -85
233 18 232 49 224 94 188 44 0 -4 3 40 0 38 -23 32 0 8 9 -12 0 28 -41 41 2 -7 15 -31 20 -14 7 0 7 -16 -3 94 -31 -31 -16 87 -112 32 42 40 40 8 40 0 -67 -95 -7 -39 -12 -57 0 0 -1 -1 1 -1 -51 3 -56 1
232 20 225 53 199 44 188 51 32 65 -3 23 -11 25 -16 32 -1 0 0 -16 1 9 -49 16 112 24 -41 73 9 91 4 89 2 88 -15 90 -13 89 -73 24 -127 24 71 72 47 28 41 -7 -65 -102 -7 -47 0 -35 0 -1 16 12 -6 -7 -18 -12 -15 -9
232 13 233 72 193 21 183 57 0 -2 22 14 0 16 -20 16 0 -1 -1 -16 0 1 -49 24 -31 10 -39 79 17 48 24 -38 66 1 73 5 -78 54 72 48 57 31 -137 -1 47 21 56 -18 1 0 23 16 1 0 12 17 0 -6 -15 -15 -22 -14 -23 -17
232 14 201 11 193 14 185 44 -1 -9 15 4 1 -5 -24 8 0 -2 9 -37 0 -33 -48 3 0 5 53 8 19 71 -37 -23 2 0 -22 -54 -93 -23 71 55 45 15 -119 40 49 26 31 -32 42 56 24 54 24 15 8 5 17 9 -1 -1 -19 -13 -24 -17
232 7 207 28 197 29 25 31 2 -13 22 -4 0 -12 -20 1 0 -1 0 -39 1 -17 -48 8 1 9 32 -60 15 -71 -72 33 2 0 -15 -41 -10 -62 -71 -32 -24 60 56 47 48 -26 49 -30 1 0 33 2 36 64 0 -5 -4 -1 0 -2 -5 0 -30 -20
232 13 208 20 193 1 23 27 1 -16 0 -8 0 -1 -24 -36 1 14 -24 -8 -9 -47 -39 -17 1 -7 17 55 17 -72 91 10 0 -3 -9 -41 -20 55 -22 56 -78 -8 63 -8 48 -31 49 -34 32 22 -8 -8 0 0 8 10 1 29 -3 21 -16 -4 -31 -29
207 -21 206 11 196 13 184 -2 -1 -15 -8 -16 -15 -32 -16 13 0 11 -28 -40 -32 -50 -49 -21 0 -2 38 38 14 47 93 15 96 -23 -17 47 -22 48 -13 36 -112 -28 80 -7 48 -42 49 -42 33 29 -168 -48 -162 18 32 42 -1 13 -13 -15 8 9 -32 -21
232 14 199 5 193 8 187 7 1 -52 -9 -47 -16 -25 151 2 0 22 -32 -32 -8 -64 -49 -32 -33 -43 -56 -56 -65 -58 97 -57 65 -24 24 -25 -7 -87 -73 -57 -113 9 65 -38 40 -46 49 -54 38 12 -169 -40 -160 12 -7 -20 1 -5 0 14 -10 15 -11 -8
231 -29 209 -18 203 21 224 1 175 -6 0 0 1 0 152 -5 0 8 -32 -34 0 -74 -48 -33 -32 -33 -24 -61 -46 -54 71 -30 -64 1 -16 35 -24 29 -71 -63 62 -4 65 -41 48 -67 -58 -158 16 -103 -168 -34 -158 -5 4 22 0 2 8 -16 1 -4 -20 7
232 -43 225 9 212 -8 203 -9 177 -10 167 -10 1 -7 152 -16 0 8 -40 -52 -33 -54 -48 -33 -32 -39 -39 -71 -64 -40 -65 24 -125 -42 56 -40 -26 22 -104 -53 54 -46 54 -71 12 -68 -56 -166 0 -62 7 10 0 -12 0 -18 0 -16 10 -22 1 -11 -25 -32
233 -59 224 -43 200 -44 193 -47 176 -43 173 -21 161 -36 153 -44 -32 -79 -41 -57 -42 -56 -55 -48 -33 -49 -55 -48 -39 -71 -24 -80 -46 -49 26 -51 -7 12 58 -17 56 -73 74 -81 13 -74 5 -62 -146 25 9 49 -173 -25 -7 -39 16 -16 0 0 0 0 -25 -30
233 -70 223 -55 213 -55 200 -59 216 11 172 -28 162 -46 152 -51 0 4 -23 -28 -49 -57 -51 -52 -33 -57 -57 -45 16 -55 72 -54 29 -57 2 -1 -62 -57 56 -60 55 -81 72 -84 12 -83 -55 -65 0 0 -8 14 14 8 -7 -5 13 0 1 -7 -30 -56 -24 -39
232 -79 224 -66 212 -64 200 -69 200 -15 174 -35 165 -42 181 -5 -1 0 144 -31 107 -163 135 -1 122 -2 140 50 -112 -68 1 0 1 0 -55 -65 81 -100 70 -100 30 -94 68 -96 66 -95 -54 -97 0 0 -2 8 -13 9 -5 21 0 0 3 -25 -17 -16 -1 2
218 -104 215 -87 205 -88 214 -76 201 -32 200 -13 172 -40 137 -9 177 48 176 21 144 24 151 40 121 8 96 18 136 6 -54 -8 -62 -8 89 -107 45 -100 88 -103 73 -104 64 -103 -56 -121 -17 -139 1 4 -4 0 1 -6 -19 8 1 8 -3 25 -54 -170 -15 -22
220 -116 225 -95 224 -87 197 -93 203 -49 184 -50 171 17 180 8 158 16 152 15 143 15 135 13 104 13 120 34 106 17 76 -170 69 -79 50 -94 97 -110 69 -115 33 -81 -44 -138 -50 -18 8 -16 0 0 15 -3 -7 15 -1 4 24 16 10 1 -22 16 -5 33
220 -124 225 -102 215 -106 199 -107 189 -93 152 -25 180 7 169 7 160 9 164 9 160 9 127 1 127 -7 127 7 111 -7 8 -94 -2 -143 84 -37 97 -113 -22 -100 -39 -136 -42 -144 -17 -125 31 11 31 6 17 -8 0 1 7 -7 8 10 7 8 -15 7 0 17
220 -133 210 -127 201 -129 206 -113 85 -223 184 -17 176 -1 176 14 167 -1 158 22 160 8 136 1 137 17 136 1 124 0 12 -94 0 0 -14 -223 46 -122 40 -65 -33 -128 -39 -129 16 -34 55 16 33 -2 0 0 0 0 15 -1 0 0 10 0 1 1 -7 -1
240 -129 211 -136 202 -137 201 -131 160 -40 191 9 184 -9 176 8 160 -8 169 -25 139 -7 127 -19 152 0 128 -22 62 -201 5 -137 -3 -161 89 -151 -16 -231 -19 -79 -35 -161 -37 -10 60 -10 48 -4 32 8 21 -7 0 1 17 -10 23 -7 1 -7 0 0 -11 -27
233 -144 213 -148 208 -144 93 -237 193 -18 191 2 191 -32 167 -3 176 0 167 -16 145 -15 133 -16 148 0 136 -1 79 -83 5 -168 1 -144 88 -156 20 -231 -28 -169 -33 -145 26 -173 61 -15 55 -17 52 2 23 -31 28 -15 23 -18 0 -2 -1 -17 -8 -16 -32 -16
241 -152 213 -156 215 -148 168 -192 175 -15 200 -16 168 -21 169 -10 167 -33 156 -20 161 -8 128 -21 126 -26 120 -6 17 -129 6 -174 97 -156 51 -147 -14 -247 -26 -176 -31 -26 73 -23 55 -32 56 -20 47 -23 41 -8 7 -17 25 -23 -6 -24 -16 -22 -24 -24 -30 -32
