206 226 185 39 181 84 185 232 169 185 163 185 18 69 134 54 161 193 157 109 142 100 142 96 137 99 120 93 117 87 63 84 -1 0 88 0 0 0 0 0 1 0 -2 0 0 0 -5 1 -7 0 -27 0 -1 0 7 20 0 0 0 0 0 0 -17 1
240 -8 184 55 209 185 135 -7 159 45 161 182 179 183 134 53 163 185 167 134 146 152 151 121 137 121 120 151 113 106 104 89 95 71 0 1 -21 -7 -23 -7 -8 -4 1 2 -5 -1 -16 1 8 4 -17 -8 -4 0 7 9 4 8 -12 1 -1 -3 -17 9
188 48 187 66 176 55 176 -15 160 146 167 182 179 175 134 57 129 23 163 167 136 149 151 143 144 157 105 116 122 166 119 153 96 96 -10 -10 91 78 72 61 -35 -15 -37 -15 -28 -16 -33 -14 -36 -15 -45 -15 -32 -13 -23 -12 -16 -12 -7 -12 8 4 -29 -7
226 -23 179 5 174 29 199 167 157 7 147 60 179 168 138 72 129 14 135 110 -34 147 153 151 119 126 -55 135 -101 96 101 127 50 3 56 18 49 19 44 26 29 9 21 7 -30 -23 -55 -23 -45 -23 -48 -23 -40 -16 -31 -22 -26 -21 -8 -6 -30 -18 -30 -12
207 -31 236 208 191 182 182 175 191 159 144 98 152 -32 80 -20 128 5 -24 111 -30 115 -75 90 -55 144 -75 83 81 95 72 15 66 21 109 207 59 188 47 191 33 25 26 16 16 15 11 17 -49 -31 -69 -31 -44 -22 -53 -28 -43 -30 -24 -24 -43 -25 -45 -32
153 -40 184 19 179 167 170 167 168 148 187 152 81 -40 137 135 131 1 -40 68 -33 102 -40 114 -65 69 -68 101 77 51 106 -40 111 -40 102 -40 49 42 -9 -36 -38 -40 -45 -40 -22 -40 43 -21 -1 30 -77 -39 -62 -39 -54 -31 -60 -36 -40 -36 -47 -39 -41 -30
217 -40 184 21 178 16 170 11 162 158 167 136 138 -16 137 125 131 -7 -20 77 -29 71 -58 61 -63 64 -55 85 -82 73 -89 72 -96 72 -102 116 82 112 73 129 78 62 65 73 10 40 24 -47 0 0 -58 -37 -83 -47 -87 -47 -71 -47 -47 -45 -57 -45 -64 -48
47 57 -8 136 206 44 198 44 47 -56 39 -56 150 50 102 88 129 -18 -24 73 -30 69 -55 53 -64 51 -40 58 16 122 25 41 12 41 8 25 -65 51 -70 17 -110 86 -159 68 48 33 41 -39 0 0 27 136 16 19 -89 -55 -66 -46 -69 -47 -73 -47 -85 -50
128 61 120 60 113 60 106 61 100 69 92 69 84 68 75 125 128 -27 -24 45 -34 57 -40 81 -56 56 -7 79 28 30 0 0 0 0 7 15 -18 128 -104 58 -113 85 -157 58 52 43 6 -59 0 0 25 129 28 31 12 12 -96 -62 -103 -63 -81 -54 -97 -63
194 -24 186 -24 178 -25 170 -25 162 -25 153 -30 145 -30 135 -26 128 -35 -2 14 0 25 -39 24 -32 45 35 23 -1 0 14 62 -15 19 -4 -6 -65 32 -71 16 -112 67 -134 81 48 31 -32 -72 0 0 40 176 26 26 7 6 5 9 -102 -70 -110 -71 -92 -64
239 -80 160 -80 222 -80 215 -80 207 -80 200 -80 188 -80 138 2 76 -66 9 8 1 17 -39 35 -32 19 36 14 16 43 1 -2 0 -1 -6 12 0 -2 -72 24 -128 31 -152 50 47 23 -56 -80 0 0 22 164 0 1 14 16 0 5 -1 0 -52 20 -118 -78
232 34 224 82 232 89 212 74 32 97 -1 16 4 32 -25 32 0 34 0 20 0 11 -41 36 0 37 17 -25 1 -1 -1 -1 -2 -24 9 -6 1 -1 -27 103 -128 21 -120 80 48 56 40 -3 -19 -88 -8 -25 0 0 9 12 0 4 8 5 -17 -13 -18 -9
232 27 214 49 223 87 -9 26 32 45 4 36 -1 32 7 31 0 7 10 -8 0 13 -40 26 35 78 29 41 0 -1 13 40 0 -1 0 0 1 0 -27 95 -112 36 51 79 40 16 37 -2 -58 -95 -7 -31 0 -1 8 14 3 7 1 4 -3 -1 -25 -17
233 23 233 72 223 79 24 58 0 14 7 17 22 -15 -14 18 1 7 9 -14 0 4 -39 31 -47 39 23 89 26 -9 9 87 1 87 -18 88 -23 89 -21 87 -107 -7 -118 39 47 5 41 -9 -3 -94 -7 -22 16 56 26 26 1 8 -15 -9 -22 -12 -19 -8
217 16 233 64 197 41 24 49 0 2 23 15 25 -32 -12 16 0 9 8 -17 0 -2 -41 -8 31 81 -73 5 -6 -41 -73 -16 98 48 -104 8 -95 2 63 17 -95 20 -120 22 49 48 51 -9 -184 17 38 44 25 49 16 15 18 17 -1 1 -2 1 -23 -13
232 49 0 3 0 1 8 33 0 11 8 5 33 -46 5 -13 1 0 10 -32 0 -10 -17 -30 0 0 36 -22 30 -42 -54 -6 3 -50 -7 -70 -114 1 -121 -17 -80 -15 39 9 14 19 48 0 32 33 23 13 28 39 11 12 3 8 0 7 -15 -6 -10 -8
231 32 24 33 24 52 24 25 0 -2 0 -18 35 -53 -16 8 1 -2 8 -5 0 -19 -17 -39 0 -2 24 -66 24 -64 -56 -12 0 -2 -8 -56 -20 -65 -26 -67 -29 63 56 51 47 -33 49 33 0 -1 40 46 0 0 9 43 2 12 -14 0 -11 3 -24 -15
232 12 33 29 9 6 24 17 0 -3 0 -18 1 -9 -9 17 -32 -8 9 -48 0 -33 -17 -40 0 -2 9 -39 31 -57 -109 -16 -31 -5 -16 -65 -13 -43 -29 55 0 -64 69 25 47 -31 49 -17 48 25 -170 -47 -162 26 20 24 15 25 -9 10 -14 0 -24 -7
233 23 23 7 31 10 25 4 4 -34 -7 -33 0 -7 -7 9 0 -14 0 -56 0 -49 -40 -23 -30 -41 33 30 18 48 105 7 -64 4 -8 -48 -2 -67 -28 47 51 -17 49 -3 47 -41 48 -22 25 27 -168 -57 -178 -37 -8 -19 16 16 -8 17 -3 23 -1 9
231 11 56 29 32 5 188 5 41 23 33 18 0 -1 -26 -2 -32 -23 -10 -27 0 -51 -41 -51 -32 -56 -25 -50 113 25 -120 -17 -17 -87 -8 -89 -2 -73 -25 40 63 -43 36 -23 46 -58 35 -81 -192 -29 -168 -18 -184 -24 -8 -21 -5 -9 -15 -19 0 8 -8 16
217 -32 200 -28 220 5 197 -17 -1 -6 0 8 -2 1 -24 -7 0 -6 -9 -33 0 -48 -40 -35 -34 -63 8 18 -32 -51 -71 -45 0 -1 -21 31 -3 -82 -103 -25 63 -52 60 -7 61 -62 -58 -159 0 0 -169 -21 -186 -53 7 16 -1 9 9 21 0 0 -23 3
232 -43 214 -24 207 -32 201 -34 -24 -32 8 -9 -1 1 -49 -30 0 -16 -41 -45 -10 -73 -40 -42 -31 -75 -39 -63 -33 -83 -86 -4 -65 -82 3 -72 -17 23 66 -13 61 -72 56 -78 49 -83 40 -99 0 -42 29 23 -163 -25 -8 -34 -4 0 1 17 -7 16 -7 -11
232 -54 209 -49 208 -47 199 -49 172 -48 -8 -24 -1 -11 185 5 -1 -14 -41 -68 -48 -45 -49 -72 -32 -84 -32 -60 15 16 -52 -17 -33 -53 -38 -83 -9 13 68 -7 64 -86 64 -80 51 -95 -184 -53 -59 15 9 9 16 -49 -160 -26 0 4 1 7 0 9 -25 3
232 -66 209 -57 209 -59 200 -56 209 -5 -24 -47 160 -55 152 -39 0 -21 -42 -75 -48 -42 -20 -14 93 -54 84 -86 0 -121 9 -119 -1 -123 -9 8 71 -63 40 -56 79 -89 66 -82 48 -107 -49 -54 -3 -131 -2 -1 -1 -1 -29 -152 -1 -33 2 -1 -33 -55 -8 -7
233 -77 225 -67 221 -70 199 -65 202 -10 200 -14 188 -28 129 -95 121 -163 122 -146 113 -144 106 -139 127 49 103 32 -48 -44 28 -103 -8 0 57 -63 86 -99 73 -102 72 -95 69 -94 -52 -76 -55 -113 0 -2 0 0 0 -1 1 -1 0 0 -45 -161 1 0 -8 -10
232 -85 224 -76 220 -77 192 -88 191 -55 201 -32 144 -156 143 25 153 7 175 30 164 4 145 8 150 37 128 33 84 -150 105 -73 95 -117 97 -121 77 -127 81 -101 58 -105 -73 -77 -44 -68 10 -103 16 -5 15 -7 -16 5 -24 15 23 23 -35 -133 -45 -149 -61 -169
218 -113 225 -92 209 -98 192 -98 216 -57 152 -111 188 32 140 -142 175 0 123 -145 113 -151 134 37 114 16 89 -159 129 33 -54 -131 -1 -139 80 -113 81 -104 80 -87 -13 -81 -36 -76 -46 -129 59 0 7 15 8 16 0 -1 16 33 -29 -144 -38 -158 -46 -158 -8 33
217 -125 225 -101 214 -103 206 -101 212 -84 144 -9 171 2 138 -166 130 -157 122 -166 113 -161 101 21 98 -166 89 -161 82 -161 9 -81 6 -82 92 -134 43 -116 -24 -82 -28 -84 -36 -84 16 -119 12 -150 46 23 -1 -6 0 -1 -22 -162 -31 -161 -36 -149 -46 -157 -31 2
240 -118 225 -113 200 -130 206 -113 159 -179 161 2 146 -169 138 -170 129 -170 121 -170 114 -174 151 -19 98 -174 90 -174 83 -176 9 -95 0 -155 95 -141 44 -125 88 -155 -32 -97 -39 -149 17 -175 9 -169 1 -169 39 24 0 -1 -22 -165 -31 -169 -38 -174 -46 -174 -52 -159
233 -131 211 -134 203 -137 200 -134 162 -16 192 6 146 -182 139 -168 130 -182 122 -178 116 -168 106 -177 97 -177 90 -182 83 -193 11 -101 4 -100 23 -85 49 -220 -24 -105 -28 -100 -121 -35 18 -182 9 -175 2 -181 28 7 11 -13 -23 -178 -30 -182 -38 -182 -46 -182 -29 -3
234 -140 211 -145 203 -149 168 -143 208 4 154 -189 146 -190 138 -190 130 -186 122 -190 114 -190 107 -177 98 -190 89 -181 -46 -163 12 -108 2 -49 85 -161 -15 -239 -20 -108 -27 -107 24 -193 17 -186 9 -185 2 -181 -6 -190 -15 -190 -22 -190 -30 -190 15 -16 -4 -3 0 8
234 -152 215 -152 207 -159 168 -41 176 -24 183 -9 137 -20 188 -24 130 -198 122 -198 114 -198 106 -198 98 -193 90 -198 17 -113 13 -115 105 -151 86 -168 47 -142 -20 -116 -27 -59 26 -198 18 -198 9 -198 2 -198 -7 -193 23 -9 -22 -198 16 -6 2 -8 -40 -24 -8 -6
