204 224 182 224 179 51 196 199 175 209 159 178 87 143 168 242 161 196 144 97 143 93 151 96 142 96 136 96 76 99 104 71 98 66 57 81 0 0 39 67 2 0 22 0 -1 0 -13 1 0 0 8 0 2 1 6 18 -1 0 1 0 0 0 -16 9
230 -8 217 231 175 219 151 -8 145 213 160 171 181 183 67 140 157 195 152 154 143 152 147 115 137 113 121 156 120 111 103 84 63 92 54 72 -20 -7 68 52 31 59 5 0 29 9 -16 -1 1 -1 -5 -4 4 -2 10 11 20 -2 0 1 -13 -5 -15 5
194 35 185 225 177 225 179 -13 192 61 166 184 179 175 66 131 159 215 137 113 48 121 133 120 145 139 24 121 17 121 103 145 102 97 58 73 91 80 39 84 -30 -15 60 46 14 49 -18 -4 -16 -7 -6 -4 -15 -12 -3 -10 -1 -1 0 -10 0 -3 0 0
219 -16 199 23 209 215 175 206 162 8 154 60 179 167 136 157 160 207 137 107 48 113 40 113 32 113 24 102 16 113 9 109 62 71 55 31 45 7 31 6 16 200 23 7 1 0 -52 -23 41 39 -9 43 -21 -15 -25 -22 -15 -21 14 -4 -25 -19 -24 -8
193 45 218 183 201 166 195 165 180 152 90 96 152 -32 137 145 125 189 136 128 47 94 40 105 31 93 -81 89 16 93 66 39 48 192 92 192 95 206 69 165 41 192 72 192 17 193 -8 191 1 0 29 32 -49 -27 -10 -15 -34 -30 -20 -32 -31 -26 -34 -26
190 37 177 194 205 157 197 157 177 159 185 149 129 -30 138 49 112 197 -40 61 -49 71 39 85 31 85 -73 71 15 93 96 20 65 22 57 22 96 -40 85 -40 -1 -40 -10 -40 15 23 44 -40 43 -40 -4 -7 25 23 -25 29 -49 -34 -23 -35 -45 -39 -55 -40
193 33 185 177 166 185 217 192 189 149 169 137 144 175 95 129 129 177 -20 43 -44 66 -63 67 -69 68 -57 90 16 89 -58 72 -21 56 -75 39 49 88 67 77 75 73 72 48 61 48 6 17 55 -41 -10 177 14 15 0 0 -66 -45 -66 -47 -42 -37 -52 -39
208 104 183 107 172 4 166 4 162 6 155 6 76 -56 156 104 129 169 -26 35 -32 68 -57 56 -65 55 -56 101 -46 63 -41 69 12 3 7 5 -65 69 -72 83 -112 88 -40 77 48 97 31 3 31 -52 6 169 -65 -46 11 10 8 8 -65 -48 -76 -48 -41 -39
124 32 118 7 113 7 106 6 97 7 90 7 81 7 102 33 129 161 -26 52 -34 63 -63 66 -64 48 -41 65 -32 45 2 -1 1 0 2 0 -65 61 -57 64 -129 47 -40 69 56 81 8 26 1 -15 42 151 -95 -64 0 0 -1 -1 0 1 -3 0 -89 -61
238 151 232 151 160 151 152 150 144 150 86 72 78 72 127 -41 129 153 -12 29 14 45 -57 39 -60 44 -37 41 10 -9 5 20 2 -1 -9 13 1 -3 -72 51 -119 64 -41 59 -47 65 8 18 0 -9 16 165 -17 153 -26 27 0 -1 -9 -9 -12 -7 -14 -8
194 -18 186 -18 178 -18 160 -41 151 -41 143 -41 129 -43 183 -80 77 -71 24 37 15 36 -40 55 -62 55 -25 43 9 -17 1 -1 3 -1 -10 18 3 -1 -72 45 -73 39 -41 58 -47 53 42 7 0 -22 23 136 -18 145 -31 18 -35 19 -8 -9 -23 -19 -25 -19
220 8 232 64 112 50 213 88 33 94 -1 32 5 0 -19 -1 -1 25 24 25 0 72 -40 8 -33 40 40 -32 15 -24 2 -1 11 -19 2 -25 -64 35 -75 37 -79 47 -41 49 -47 47 43 16 32 -21 25 -88 -18 135 0 -2 16 8 -41 11 -48 11 -24 -19
232 25 121 41 112 41 104 41 33 87 21 12 0 -2 -24 28 0 8 23 30 -1 0 0 9 -33 32 26 93 12 1 2 -1 2 0 9 -21 0 -39 -11 -37 -64 18 -120 62 69 35 38 -8 2 -1 -6 -35 -16 126 5 -1 1 -1 -41 15 -52 3 -57 3
232 19 120 24 112 33 103 33 1 0 24 24 48 14 -24 22 1 5 24 21 0 38 -49 27 -70 -9 -56 -16 20 27 26 -27 7 87 -6 90 -20 87 -23 88 -25 56 -40 33 44 23 7 -7 30 -32 25 -103 -67 -88 5 0 0 -4 -12 -14 -2 -2 -63 -6
232 12 120 15 112 25 103 13 0 2 1 14 48 5 -24 12 1 5 24 11 0 28 -55 29 -34 17 -56 0 -48 -8 5 -53 -80 -25 58 24 50 17 54 41 72 5 -40 14 47 28 0 -7 43 -17 24 20 25 1 16 11 -5 -8 -14 -17 -19 -17 -21 -15
208 2 120 5 112 17 103 5 0 -23 0 0 40 1 -25 14 1 8 23 6 0 20 -48 0 -34 -25 36 -60 33 -48 15 67 -64 35 -3 -57 -14 -70 -88 40 -32 3 -81 -1 48 8 43 -23 48 16 35 41 8 -7 9 4 -1 -9 1 -1 -9 -6 -24 -23
209 -6 120 -3 111 -2 103 -3 2 -14 0 -7 0 -5 -25 -18 1 5 24 -7 1 21 -40 -33 0 30 18 -65 32 -58 7 62 -64 35 -7 -40 -17 -65 -26 -66 -22 -68 -7 29 48 -21 2 -28 1 -1 -72 5 1 -1 16 -1 15 -2 0 -4 -7 -4 -5 -12
232 24 120 -11 111 -11 103 -11 -1 -2 0 -15 1 -1 72 -11 -33 -7 16 -6 16 -13 -39 -13 -32 -37 41 -57 14 -72 8 54 105 -5 -24 -40 -17 -40 -10 -54 -80 -1 -41 -3 48 -28 1 -39 17 -11 25 -9 -81 1 -87 -3 2 26 -7 -9 0 -5 -19 -15
209 -23 120 -19 111 -18 103 -19 0 -2 -8 -34 -17 -34 71 -19 -33 -15 -22 -32 16 -27 -50 -24 0 -31 30 44 -33 -35 41 11 90 -24 -4 -16 2 -67 -12 35 -80 -9 -40 -11 48 -35 1 -44 32 11 7 -13 -81 -7 -87 -7 0 17 -6 -15 -16 -19 -17 -16
232 8 120 -26 8 -38 103 -15 96 -27 87 -27 -17 -42 72 -26 -33 -24 -10 -24 15 -25 -50 -32 -33 -52 -24 -16 -40 -37 96 -50 81 -33 -34 -1 -20 -89 -73 -27 -74 -46 50 -55 72 -32 7 -54 21 -43 -168 -45 -81 -15 -88 -14 0 2 -4 9 -12 8 -22 -22
232 -34 120 -34 111 -29 104 -27 96 -34 87 -35 -25 -52 72 -34 -31 -61 -32 -44 15 -23 -53 -25 -32 -44 -25 -49 -48 -38 -24 -4 -89 -72 -5 32 -25 25 -72 -27 -34 -27 50 -64 51 -55 31 -99 0 -112 -165 -15 -81 -23 -87 -26 0 -8 -1 -5 -111 -27 -23 -30
232 -47 121 -35 208 -39 198 -37 96 -41 87 -42 79 -31 72 -31 0 -4 -40 -57 -15 -63 -49 -38 -33 -55 -7 -40 -31 -32 86 -31 65 -33 -72 -9 -68 -45 -24 22 -32 -34 64 -68 16 -72 33 -107 -16 -18 -69 -25 -185 -56 -88 -32 -95 -35 9 -20 -111 -33 -24 -7
234 -61 208 -47 209 -47 200 -47 96 -50 88 -39 80 -39 72 -48 64 -51 -49 -47 -49 -47 -48 -43 -32 -51 -18 -60 -32 -63 11 15 -1 17 -58 -68 -65 -51 -25 -57 -32 -43 23 -79 15 -67 41 -106 -27 -29 0 8 -79 -47 -88 -39 14 -15 7 -9 -111 -43 -119 -42
220 -87 225 -57 226 -54 217 -56 97 -53 88 -47 79 -47 72 -57 64 -59 55 -59 -48 -71 -50 -44 36 -24 32 -24 -48 -6 3 -121 7 -123 8 -118 -11 7 -25 -57 66 -78 25 -87 14 -87 -73 -114 0 -1 0 -7 4 0 -25 -153 11 -25 -103 -51 -111 -51 -119 -51
219 -95 215 -76 206 -72 218 -67 97 -59 88 -59 79 -63 73 -50 64 -50 114 -162 96 30 159 44 142 52 117 5 78 33 11 -3 1 -3 -3 -1 47 -98 35 -95 29 -93 18 -95 19 -80 -55 -109 0 -1 -2 -8 -8 -16 -6 -1 4 0 -40 -96 -112 -52 -119 -55
220 -103 225 -84 214 -82 204 -76 200 -31 89 -68 148 -126 146 23 137 23 175 41 141 31 151 40 131 -5 118 -1 111 41 73 -167 2 -57 58 -102 77 -130 40 -104 73 -102 25 -87 -51 -123 8 -18 8 -23 1 -12 5 -9 6 -5 -1 31 -4 8 0 23 -55 -168
219 -116 225 -92 215 -93 205 -92 209 -63 146 -139 150 15 191 0 183 29 160 21 144 24 153 32 128 -14 67 32 87 14 13 -79 3 -140 80 -107 95 -104 68 -115 -96 -50 -40 -138 -46 -127 32 -4 30 -12 24 -12 0 -3 5 -8 -52 33 -3 7 0 -3 -1 36
219 -125 211 -119 208 -117 201 -111 209 -81 156 17 183 27 176 14 160 16 160 8 161 7 159 24 139 13 137 8 111 16 -8 -147 1 -146 -9 -55 48 -119 -40 -118 -30 -148 -39 -147 -125 -21 36 17 12 8 24 -23 1 -5 16 -1 6 -6 4 -5 -16 8 -17 -4
234 -124 212 -128 202 -128 194 -128 164 -150 182 -25 192 0 184 6 158 17 163 -19 143 16 158 -2 128 -1 129 -19 112 3 4 -151 1 -137 80 -158 82 -151 31 -199 -37 -151 -40 -152 47 -7 48 5 51 -8 21 -26 14 -29 11 -7 17 -1 8 -17 0 8 -16 17
234 -133 212 -140 204 -142 203 -133 205 9 192 7 181 -20 181 -11 166 -2 161 -20 152 8 151 10 128 -2 120 -6 78 -7 8 -164 1 -161 21 -71 49 -218 -41 -151 -31 -161 -121 -35 48 -5 42 1 45 -23 41 8 12 -30 -1 -4 1 -7 0 -2 -19 11 -7 7
186 -142 211 -152 216 -141 165 -161 174 -13 184 -10 175 -24 176 3 176 -2 151 -29 152 -30 136 -22 128 1 119 -7 24 -99 9 -169 1 -168 56 -144 83 -180 -25 -172 -32 -168 8 -21 63 -15 42 -29 55 -10 -23 -6 18 -33 -24 0 15 -31 -9 -9 -1 3 -47 -8
192 -152 228 -146 225 -149 180 -42 191 -55 197 -48 194 -16 176 -34 168 -32 160 -19 151 -11 136 -8 152 -17 133 -35 1 -195 9 -178 16 -60 54 -150 91 -180 -23 -177 -1 -151 59 -29 48 -24 54 -18 -1 -24 40 0 15 -19 -31 -12 -34 -39 15 -5 -38 -27 -48 -27
