192 209 215 232 227 213 205 192 175 206 154 187 181 185 184 208 158 197 118 63 109 63 103 62 92 131 87 61 80 128 70 162 64 157 59 159 49 157 41 157 34 157 26 157 18 157 10 157 2 157 -6 157 -14 157 -21 158 15 223 8 223 4 215 -10 223
238 215 233 215 216 216 170 148 208 201 165 170 177 175 137 169 160 215 106 57 -79 137 -88 136 83 61 -103 134 71 78 65 58 65 116 57 142 48 155 40 150 33 149 26 149 18 149 10 148 2 149 -6 149 -14 149 -21 150 14 215 6 215 -2 215 -10 215
196 144 232 193 226 195 205 199 159 45 186 177 177 168 138 85 160 207 -68 133 -70 97 -82 132 -93 132 -57 155 -104 78 -120 128 54 56 57 86 40 126 41 117 32 144 25 142 17 141 9 140 2 140 -6 141 -14 141 -22 141 -30 141 6 207 -2 207 -53 142
194 133 188 132 176 184 175 199 192 198 156 140 176 159 137 77 160 193 -60 84 -41 144 -72 76 -85 87 -66 135 -78 134 -104 62 -128 120 57 127 94 199 81 194 64 198 63 193 18 132 9 133 1 133 -7 133 -14 132 -22 133 -30 133 -37 134 -46 133 -54 133
194 126 230 174 211 156 204 158 160 161 185 145 146 120 137 69 167 180 -40 128 -49 75 -40 131 -73 85 -91 114 -49 145 -79 141 64 120 102 191 96 191 90 188 36 183 2 209 53 183 54 191 47 191 -7 125 -15 125 -22 125 -30 125 -37 126 -46 125 -54 125
193 109 228 182 176 166 179 173 176 166 152 151 145 113 136 61 175 183 7 135 -48 79 -64 79 -64 69 -72 80 -72 106 61 34 -124 96 47 23 40 23 40 123 33 122 25 119 17 119 9 118 46 183 -5 118 -15 117 -23 116 -30 117 -38 117 -46 117 -54 117
193 103 230 175 223 175 215 161 158 157 169 148 184 169 56 0 174 175 -6 111 -17 78 -35 83 -35 81 -66 76 -60 93 -119 71 -50 73 23 114 18 90 -28 118 -76 72 -118 93 5 13 7 81 2 109 -5 111 16 173 -23 109 -31 108 -38 109 -46 109 -54 109
156 9 128 104 121 103 113 103 105 103 184 13 114 -12 40 55 174 167 -39 35 16 22 -40 80 -34 75 -16 21 63 -7 -20 81 34 81 -11 20 7 4 8 106 -79 65 -119 71 -161 70 7 29 1 45 -5 103 16 166 -25 104 -31 101 -39 100 -47 101 -54 101
151 30 141 29 112 5 105 5 111 1 103 1 90 2 89 12 174 159 24 28 16 27 -48 67 -33 67 -8 29 -48 96 -9 79 3 -1 1 0 1 0 0 19 -79 38 -120 83 -160 23 3 17 1 -1 -6 93 33 145 -28 97 -34 96 -39 93 -47 93 -55 92
240 136 215 129 208 129 201 129 206 151 198 151 190 151 182 151 174 151 23 29 16 65 0 29 -58 42 -8 9 -33 47 37 90 9 5 1 0 1 0 -7 6 4 56 -83 36 -159 56 0 0 0 -5 -6 85 34 151 -23 56 -32 67 -40 88 -48 88 -55 85
192 83 236 13 208 -11 168 84 160 84 152 84 144 83 137 82 127 85 8 68 0 34 0 20 1 8 -8 40 -32 40 -8 64 0 0 0 1 0 0 -3 -23 -78 59 -121 49 -123 59 0 1 0 -13 -6 77 30 143 -32 60 -34 51 -39 57 -50 82 -56 80
186 -5 -7 56 7 1 12 69 32 81 52 10 40 14 -16 23 1 3 1 28 0 25 -37 17 1 0 -7 38 52 50 4 -19 3 -21 -3 -17 -13 -21 -5 -9 -34 51 -85 32 -123 53 -1 -15 -2 41 -9 63 30 135 -34 80 -33 -20 -41 40 -47 40 -55 49
182 4 -4 50 25 81 24 73 0 4 57 -4 49 12 -16 27 0 0 26 39 0 17 9 13 1 -1 -56 0 -34 -7 -102 55 -63 44 -9 -18 -61 15 -95 27 -80 15 -87 62 -161 81 1 -15 0 0 -8 63 30 127 -18 22 -39 -12 -42 -15 -49 -16 -57 35
177 -37 -4 42 25 69 23 61 30 29 57 -19 48 23 37 -17 1 -1 10 27 0 8 -40 -10 0 56 -25 5 -63 -8 20 56 3 66 8 -26 -88 31 -152 -7 28 -30 -144 -8 9 -23 -3 -33 1 0 -8 34 -16 59 -26 -39 -48 -55 -47 -23 -55 -23 -56 -34
176 -48 0 1 24 64 24 49 1 1 57 -18 15 -18 37 -29 1 -9 11 8 1 0 -48 14 0 24 -25 -1 42 -44 21 -32 19 -41 -54 5 -80 47 -17 -41 -7 -47 -81 -44 -174 23 -167 16 -1 -41 -13 -31 -208 33 -40 -64 -224 34 -48 -28 -55 -27 -61 -28
0 7 26 40 22 30 0 -12 0 11 56 -8 0 -13 9 3 0 -25 9 0 0 0 -38 -24 0 2 -24 -1 0 -1 16 -50 27 -54 -55 19 -140 32 -23 -40 -11 -41 -11 -55 -95 -28 -2 -45 -1 2 -15 -39 -205 27 -216 24 -224 25 -55 -55 -59 -48 -66 -48
0 9 25 26 24 23 0 7 3 -11 49 -51 48 -15 1 -2 0 -17 12 -1 1 -15 -39 -17 1 5 -24 -9 1 -1 26 -53 2 -2 -55 11 40 -57 -26 -60 -13 -53 -87 -26 -88 -56 7 -49 0 5 -25 -64 -207 5 -200 -39 -222 18 -232 16 -240 17 -72 -79
0 6 25 16 0 9 23 21 33 -8 -2 1 -12 0 -16 7 0 -3 25 -22 0 -7 -25 -40 1 1 -23 -25 1 -1 -44 -16 31 26 -87 48 44 -60 -87 25 -7 -72 -94 -21 -127 18 7 -58 -1 1 -21 -67 -175 17 -175 39 -218 12 -231 8 -240 7 -248 8
0 -2 56 30 37 -12 0 -4 46 28 16 -16 0 -8 -38 -4 -34 -11 -17 -43 0 -12 -40 -50 0 -6 -33 -32 47 2 -40 -25 -46 -32 -96 29 -140 7 -87 -41 -14 -65 -71 -31 -158 28 6 -76 1 -1 -200 -26 -153 -18 -175 13 -210 -58 -231 -1 -239 1 -247 1
177 -85 24 1 33 12 -7 -55 0 -3 9 3 4 -17 -15 -9 -32 -23 -32 -29 0 -24 -38 -39 -33 -57 -23 -49 0 -2 -38 -32 -49 -50 -36 -49 -127 -47 -142 11 -47 -5 -129 -23 8 -81 7 -85 0 0 -134 10 -153 -27 -175 16 -221 -5 -230 -6 -226 -65 -248 -6
192 -92 -4 -12 -11 -13 -23 -13 0 -10 8 -3 12 -23 -25 -13 0 -21 -32 -31 16 -34 -38 -47 0 -23 -23 -38 -47 -69 39 4 -47 -40 -88 -63 -49 -49 -119 -29 -4 -86 -152 -35 17 -89 8 -23 0 1 0 -1 -152 -33 -167 10 -207 -61 -229 -13 -223 -62 -232 -73
186 -85 -8 -21 -16 -24 -24 -22 -26 -18 0 -7 0 -8 -49 -51 0 -12 -23 -29 -16 -44 2 -68 -33 -72 -23 -56 -25 -88 -7 -15 -46 -48 -98 -40 -79 -7 -69 -75 -64 -56 -168 -24 15 -23 8 -39 -8 -23 -8 20 -208 -43 -162 -38 -207 -70 -230 -22 -224 -81 -232 -81
185 -93 169 -109 -16 -29 -7 -1 -28 -30 0 1 -8 1 -47 -65 -1 -32 -17 -49 -19 -51 -41 -47 -50 -46 -56 -47 -62 -24 -56 -10 -1 -103 5 -111 10 -104 -55 -65 31 -61 11 -121 7 -12 7 -25 1 -77 -7 13 -9 12 -15 -15 -219 -23 -223 -82 -233 -62 -230 -79
185 -107 174 -111 164 -112 155 -117 -29 -36 1 -7 -8 -8 166 -10 111 -121 122 -38 129 48 134 40 93 41 92 24 96 64 119 31 -48 -73 -56 -81 -60 -74 38 -47 33 -47 25 -46 17 -46 -61 -119 0 -1 -8 9 -1 7 5 1 -23 40 -34 -68 -237 -37 -241 -69
189 -121 176 -115 160 -143 158 -120 -31 -47 -35 -45 127 -94 169 15 129 22 114 22 136 31 101 30 98 17 106 31 129 31 89 31 0 -1 55 -104 43 -31 41 -55 23 -51 21 -61 -46 -65 -13 -96 1 -3 1 -16 0 3 1 -1 1 -1 -40 30 0 32 -47 -31
189 -132 178 -117 168 -128 160 -128 -32 -55 152 -101 140 24 184 23 153 24 167 24 144 9 140 2 109 13 139 19 63 25 121 19 12 -131 -7 17 30 -152 30 -120 -159 -103 -38 -136 -32 -126 34 -9 31 -7 25 -7 0 -1 -33 7 16 19 7 21 -1 0 -6 1
189 -141 177 -131 168 -135 160 -136 148 -136 148 16 142 8 184 14 160 -8 169 14 160 15 142 -4 127 9 136 12 112 16 7 -78 11 -140 9 -112 49 -71 -150 -145 -21 -141 -29 -139 32 -115 -2 0 -1 -1 1 -2 0 0 24 12 17 15 1 -4 1 14 -57 21
190 -139 181 -149 169 -139 161 -133 161 -65 168 25 192 8 185 7 172 8 168 7 161 7 144 -18 129 9 134 11 116 -2 9 -87 16 -141 57 -113 48 -76 41 -60 -33 -85 -26 -149 47 9 58 -8 48 -4 -7 -11 0 0 11 4 15 7 8 8 0 0 -4 7
193 -111 181 -158 171 -153 168 -155 156 1 184 2 190 1 184 -4 174 0 153 -23 161 -17 104 -12 127 3 131 -20 128 -5 6 -27 11 -155 8 -148 50 -67 -25 -95 -29 -158 -119 -81 64 0 42 -15 32 3 -8 0 1 -1 25 0 15 -1 -9 0 1 -1 -16 1
184 -95 180 -153 170 -154 169 -133 162 -22 199 -17 188 -8 177 -3 175 -32 168 -9 158 -24 144 -16 144 -5 118 -3 120 -10 11 -166 14 -166 55 -106 49 -77 -22 -104 -19 -166 74 -9 49 -16 55 -9 44 -29 -11 -18 33 -9 21 -9 15 -8 -12 -24 -51 -13 -56 -10
184 -102 183 -162 176 -155 170 -29 169 -29 199 -16 179 -32 186 -18 161 -32 167 -16 111 -18 152 -25 147 -33 136 -16 16 -111 19 -172 51 -185 55 -111 49 -85 -22 -108 -21 -135 74 -17 63 -39 55 -15 47 -17 32 -14 17 -17 25 -17 -34 -18 1 -1 -50 -20 -25 -33
188 -119 183 -172 177 -96 150 -22 160 -25 200 -24 190 -24 167 -39 178 -27 167 -25 144 -23 152 -28 142 -26 132 -40 14 -50 23 -174 59 -118 55 -119 47 -93 -88 -90 80 -24 71 -25 64 -36 57 -26 49 -28 -6 -38 6 -39 -39 -13 -31 -24 -40 -26 -16 -40 -32 -32
