160 127 152 128 140 160 69 127 59 129 40 138 31 135 30 67 96 32 69 132 8 128 -7 129 47 135 -27 136 11 130 20 129 -5 133 -10 131 42 104 -104 128 -17 137 40 108 22 125 -120 128 21 133 -8 61 -64 129 -87 49 -130 66 -129 66 -127 127 -172 138
67 120 87 97 112 55 140 30 129 25 41 120 30 125 22 68 13 58 52 120 46 135 29 124 47 123 45 122 135 120 58 102 45 123 -18 128 54 102 8 119 0 120 41 117 -91 121 -91 119 -61 120 25 106 -48 118 -96 120 -105 121 -153 120 -165 129 -129 119
79 50 119 48 112 48 104 48 176 15 32 121 33 112 104 16 79 120 66 116 51 113 39 114 -31 111 -43 117 29 112 -54 110 27 109 24 112 16 112 10 117 -93 112 -77 108 -62 112 -131 175 -175 -15 -118 103 -130 -16 -136 104 -224 47 -136 113 -142 112 -87 49
80 106 170 104 160 88 152 88 96 104 154 102 81 128 76 104 53 104 56 104 64 112 40 121 -28 55 19 105 16 119 -55 103 -79 120 -105 120 -55 104 -24 114 -66 104 -45 24 -8 24 -63 23 -48 9 -79 25 -61 29 -88 39 -96 39 -81 34 -112 39 -120 39
86 28 154 36 72 96 60 96 32 96 10 96 75 96 89 111 77 94 109 96 -16 98 36 98 -16 96 17 97 -49 88 -39 87 -29 95 23 0 0 0 -10 96 0 0 -64 96 -32 0 -63 15 -47 19 -61 24 -59 25 -68 21 -76 25 -82 25 -96 0 -120 31
80 96 140 17 132 13 98 10 110 92 8 96 31 89 8 88 103 80 -17 90 25 88 7 104 33 87 23 112 41 57 -7 22 -29 104 11 14 16 23 -57 56 -37 8 -51 7 -29 13 -40 -8 -43 15 -56 16 -58 17 -88 23 -74 17 -104 23 -90 17 -119 20
121 80 154 1 113 12 135 15 91 80 98 82 77 80 99 77 146 78 -72 80 32 79 -2 80 -16 81 0 79 52 -9 25 2 35 -8 27 -10 18 -14 -43 80 -40 0 -48 2 -32 2 -64 2 -48 2 -56 -16 -58 6 -88 15 -95 12 -88 -16 -112 15 -120 15
93 72 125 64 109 7 135 8 95 68 97 74 100 85 136 72 1 72 -16 -47 7 72 72 -24 -16 80 -16 6 15 -7 8 8 37 -16 27 -18 59 -31 -24 4 -75 12 40 -31 -83 81 -73 89 -63 10 -66 -9 -108 3 -126 8 -65 7 -126 62 -119 73 -141 62
93 64 135 80 62 57 137 0 30 60 88 79 121 55 96 63 0 0 16 66 80 -33 73 -33 8 -1 42 -15 -12 74 -7 80 0 -1 -18 68 -35 81 -61 73 -1 -1 -87 63 -46 60 -101 63 -63 63 -73 79 -63 -17 -66 -7 -96 -1 -104 61 -184 69 -35 61
145 -24 91 72 82 -8 100 56 88 64 113 55 161 56 -56 40 16 64 88 -41 65 -25 56 -40 -42 56 -2 55 32 -40 8 -9 -7 60 -14 56 -63 55 -55 56 -32 -9 -9 -8 -64 24 -25 -8 -136 120 -104 32 -105 23 -88 -9 -96 -9 -73 -7 -141 57 -159 59
127 49 107 -25 113 -16 93 49 100 52 25 48 19 46 104 -48 48 47 7 -7 44 48 -56 62 21 48 15 38 -7 -13 6 -31 -41 49 -75 -79 -17 -18 -24 -18 -32 -17 -25 -48 -48 -17 -56 -19 -64 -17 -72 -17 -80 -17 -88 -17 -96 -17 -104 -17 -112 -17 -120 -17
154 -7 100 -24 97 47 56 40 163 35 156 -23 57 40 104 -57 96 -56 5 48 51 40 -24 38 -32 40 -24 33 105 10 39 -55 0 -25 -8 -25 -16 -25 -24 -25 -32 -25 -41 -23 -49 -25 -56 -25 -64 -25 -72 -25 -80 -25 -88 -25 -96 -25 -104 -25 -112 -25 -120 -25
129 -37 157 -4 106 32 79 -1 116 -50 23 24 80 -33 -54 -33 24 -35 75 29 57 37 52 32 0 -1 0 -1 16 -33 28 -16 -63 -34 8 -64 0 -1 9 -56 -32 -33 -8 -32 -48 -33 -56 -33 -64 -33 -72 -33 -80 -33 -88 -33 -96 -33 -104 -33 -112 -33 -120 -33
75 32 104 24 112 32 105 27 32 23 -38 -40 119 -67 24 26 67 24 9 32 82 -70 35 22 4 16 -9 -39 16 -44 7 -40 0 -41 -8 -41 -16 -41 -24 -41 -32 -41 -40 -41 -49 -38 -63 26 -71 27 -79 27 -87 26 -95 26 -105 15 -135 -39 -142 -39 -151 -40
208 16 57 16 128 24 168 -50 -32 2 120 -72 39 -51 68 16 25 16 52 17 114 -44 14 -16 32 -49 -18 19 48 -46 26 -55 1 -48 -72 -16 -30 16 -34 16 -49 16 -48 7 -114 8 48 14 41 16 -7 15 -12 15 8 6 5 5 -172 16 -9 17 -20 13
129 4 122 36 193 5 42 8 52 -56 35 -44 77 8 62 8 73 9 -8 7 -15 0 -17 7 -16 16 -13 17 -9 -54 -23 -55 61 -59 -40 -56 -15 -55 -55 -56 -34 11 56 8 49 8 20 3 36 -8 25 0 16 8 -156 8 -164 8 -170 8 -9 7 -32 2
191 -65 188 -3 136 -1 72 -32 98 -80 41 -56 79 1 93 0 -17 2 19 0 17 -1 -3 1 -4 0 -1 -1 -18 0 -43 4 -3 -1 2 0 -3 0 -104 -1 65 -1 58 -16 48 -6 41 -6 39 1 27 1 -145 -1 11 1 8 0 -172 -1 -8 -16 -200 9
129 -5 183 -74 47 -16 96 -89 77 -72 98 -2 80 8 89 -8 40 -8 11 0 15 -8 32 -89 10 -76 -30 -60 -3 -1 11 -10 17 -6 0 -1 -1 -1 -89 -8 -96 -15 -32 -3 -39 -3 -44 -8 -55 -3 -60 -4 -69 -4 -77 -4 -85 -4 -106 1 -21 -6 -185 -13
64 -16 56 -16 48 -80 87 -85 86 -16 56 -50 88 -11 43 -24 85 -87 89 -77 41 -16 37 -16 -12 -8 20 -17 -17 -88 0 -2 0 -2 -48 -16 0 -2 -16 -9 -16 -16 -47 -17 -49 -17 -61 -16 -68 -17 -121 -7 -132 -6 -136 -12 -149 -8 -89 -7 -191 2 -112 -16
136 9 -7 -40 39 -144 94 -23 62 -56 71 -16 73 -25 71 -8 1 -61 56 -19 80 -24 -88 -24 21 -24 24 -6 15 -8 8 -10 4 -25 -25 -8 79 -23 26 -24 88 -24 -106 -23 -32 -8 -61 -24 -69 -24 -76 -25 -91 -20 -89 -8 -175 -29 -183 -25 -113 -24 -109 -24
64 -30 65 -84 63 -31 70 -64 127 -98 48 -32 56 -32 41 -34 63 -31 -7 -33 99 -32 35 -31 28 -28 79 -33 47 -97 18 -29 0 -2 -1 -33 84 -32 -89 8 24 -33 -96 -23 -57 -27 -9 -31 -70 -33 -118 -32 -70 -28 -96 -32 -104 -34 -105 -97 -146 -32 -97 -32
64 -106 68 -39 66 -41 104 -41 95 -35 137 -39 80 20 103 -103 0 -40 64 -39 -2 -32 -12 -102 49 -24 -55 -24 -36 -32 -45 -92 -50 -39 93 -57 -53 -41 -12 -40 3 -100 -63 -41 -68 -111 -55 -104 -47 -120 -83 -40 -65 -39 -137 -120 -120 -74 -154 -41 -129 -104 -127 -34
79 -40 71 -111 130 -128 55 -17 95 8 87 -41 80 10 69 -47 -17 -33 24 -24 49 -34 36 -48 34 -49 39 -48 81 -111 20 -45 -15 -49 112 -50 49 -48 -24 -36 -31 -112 -59 -39 -95 -40 -119 -48 -31 -145 -148 16 -79 -52 -216 -115 -65 -112 -88 -48 -112 -33 -128 -49
80 -50 121 -42 64 -58 86 -40 95 -119 119 -118 -4 8 35 -118 14 -47 10 -57 19 -55 80 -56 64 -56 56 -56 48 -57 40 -57 34 -58 86 -56 16 -59 16 -56 -17 -152 -39 -56 -36 -57 -57 -41 -97 -88 -77 -55 -207 -116 -154 -184 -103 -66 -169 5 -130 -41 -126 -59
126 -64 56 -72 60 -117 96 -144 130 -159 64 -63 64 -64 29 -64 16 -55 51 -65 44 -63 81 -64 64 -64 56 -64 48 -64 40 -64 0 -2 -41 -127 16 -64 13 -160 -31 -128 -12 -112 -65 -48 -24 -160 -53 -146 -71 -96 -84 -145 -85 -81 -68 -72 -119 -60 -81 -166 -165 -63
61 -80 151 -167 111 -137 104 -137 96 -137 88 -137 80 -137 103 -136 96 -168 88 -167 80 -168 2 -72 -8 -72 35 -68 28 -68 -54 -72 85 -80 -8 -76 -77 -72 -71 -70 -71 -71 -48 -72 -74 -107 -31 -136 -65 -136 -54 -146 -129 -152 -133 -79 -174 -8 -148 -72 -176 -136 -89 -168
96 -113 161 -127 112 -145 104 -146 96 -145 88 -145 80 -145 72 -145 64 -145 56 -145 48 -145 65 -128 64 -144 57 -174 -22 -79 -39 -79 -2 -66 -8 -80 -8 -80 -13 -73 -65 -112 -166 -142 -56 -88 -106 -72 -75 -80 -75 -79 -131 -135 -136 -137 -65 -145 -87 -156 -79 -170 -143 -147
211 -121 167 -185 112 -153 104 -153 96 -153 88 -153 80 -153 72 -153 64 -153 56 -153 48 -153 40 -153 32 -153 24 -153 48 -152 -15 -88 -44 -88 -52 -88 -49 -87 8 -184 -33 -152 -31 -87 -57 -89 -87 -89 -75 -87 -103 -88 -90 -86 -97 -160 -100 -88 -109 -88 -119 -86 -105 -165
128 -161 120 -161 112 -161 104 -161 96 -161 88 -161 80 -161 72 -161 64 -162 56 -161 48 -161 41 -162 31 -161 24 -162 16 -161 8 -161 0 -161 11 -171 16 -161 -17 -100 -19 -92 7 -112 -16 -97 2 -98 -52 -144 -72 -160 -49 -176 -55 -191 -143 -96 -144 -96 -150 -100 -104 -145
128 -169 120 -169 112 -169 104 -169 96 -169 88 -169 80 -169 72 -169 64 -169 56 -169 48 -169 40 -169 32 -169 24 -169 16 -169 8 -169 0 -169 -8 -169 -66 -104 -66 -104 0 -201 -8 -167 -111 -230 -58 -136 -88 -112 -70 -71 -98 -88 -1 -200 -60 -192 -63 -151 -98 -182 -120 -169
128 -177 120 -177 112 -177 104 -177 96 -177 88 -177 80 -177 72 -177 64 -177 56 -177 48 -177 40 -177 32 -177 24 -177 16 -177 8 -177 0 -177 -59 -103 -69 -102 8 -209 -32 -177 -40 -177 -48 -177 -56 -177 -64 -177 -72 -177 -80 -177 -88 -177 -96 -177 -104 -177 -112 -177 -125 -186
128 -185 120 -185 112 -185 104 -185 96 -185 88 -185 80 -185 72 -185 64 -185 56 -185 48 -185 40 -185 32 -185 24 -185 16 -185 8 -186 -47 -202 -48 -120 15 -215 -24 -185 -32 -185 -40 -185 -48 -185 -56 -185 -64 -185 -72 -185 -64 -216 -68 -195 -75 -191 -109 -201 -145 -121 -167 -121
