200 112 156 133 161 195 156 128 148 196 154 191 3 0 65 0 2 0 120 0 143 64 -32 24 129 110 56 129 99 174 9 20 2 0 43 188 29 128 21 128 18 112 7 129 20 127 -21 127 -7 193 -22 112 -5 128 -11 127 2 128 -72 127 -46 1 -175 0
191 105 63 214 152 120 182 104 129 121 170 104 125 121 108 125 117 183 -26 16 112 42 -54 87 -16 0 89 -8 16 56 -51 60 -1 55 -8 56 35 120 56 121 18 104 7 121 1 120 -22 118 1 119 -23 122 -30 122 -36 120 -103 187 -47 121 -41 121 -74 120
176 176 118 64 160 178 138 113 138 112 170 96 123 111 115 96 148 96 92 111 79 112 93 178 73 110 57 111 74 92 51 113 1 0 -70 -16 15 112 21 111 39 111 32 111 -3 114 0 114 -4 114 10 95 -49 116 -53 114 -58 97 -53 114 -43 111 -71 112
83 16 57 -24 112 -6 151 41 16 3 170 9 77 -7 8 -24 116 168 -1 -24 99 169 89 41 -39 72 -73 0 79 41 -39 39 -61 -23 56 -23 -49 1 -16 -24 0 109 9 87 -2 103 -24 104 -32 104 -26 87 -82 40 -10 88 -54 104 -58 104 -67 105 -70 104
191 33 175 39 15 16 164 15 63 30 59 49 48 30 138 32 78 34 3 0 129 64 131 33 95 33 -9 48 -16 32 74 -32 -64 161 -10 32 37 158 41 -32 -66 0 -33 -13 -16 96 -4 98 -13 95 7 80 -45 96 -24 -32 -31 -32 -44 48 -41 26 -84 82
184 32 121 23 51 -6 41 -8 150 7 24 -8 159 40 138 25 -3 23 122 24 125 40 -23 20 -16 15 88 -40 -49 88 -88 55 -48 24 -75 88 -99 24 -85 -6 27 11 12 40 16 -40 -87 -7 -16 72 -8 -40 -79 41 -23 25 -113 40 -133 25 -113 23 -119 55
61 19 63 -15 188 16 165 33 159 32 14 11 15 17 7 -16 66 16 104 32 63 19 -26 18 96 17 25 25 -32 16 -57 16 83 32 22 16 17 8 -89 -16 31 32 -104 -16 -107 17 -88 14 -4 0 1 -1 -75 -29 -15 9 -99 15 -166 16 -55 32 -91 16
66 -56 181 -7 176 6 104 8 91 6 80 9 155 25 50 4 81 4 90 9 32 8 11 9 -32 16 -8 9 -49 68 -57 9 -63 5 -72 -23 -1 0 1 -1 -93 -22 -13 8 -112 -24 -116 -23 19 23 -1 22 -15 9 -118 7 -32 -56 -136 -8 -180 8 -104 7
91 -34 174 -20 155 -24 76 -16 157 7 168 16 161 16 150 1 -7 0 -8 2 -17 4 106 1 111 0 -37 -31 96 32 80 32 1 -1 1 -1 -76 -31 1 -1 -104 2 -103 -2 32 -1 -20 1 11 5 8 30 -139 -29 -154 0 -191 31 -40 -64 -24 16 -72 16
193 -72 180 -27 177 -8 72 -8 152 -8 24 -8 95 -2 135 8 -2 -6 119 8 43 60 -29 -8 0 -8 -8 -8 82 -6 82 8 15 -7 22 -16 0 0 -7 -13 49 -9 10 0 -141 -24 8 -8 -125 -1 -42 -8 -81 -8 -150 -8 -128 -11 -151 -63 -56 -7 -213 23
35 -1 176 0 172 -31 10 -40 62 -16 87 -28 17 -17 8 -13 -2 -13 142 16 -13 -47 -25 48 48 -16 104 -1 78 0 11 -17 3 -17 -9 -15 48 -17 10 -16 -33 -17 -48 -14 -29 -21 -24 -24 2 -15 -135 -47 -127 -40 -89 47 -89 48 -97 48 -108 47 -183 48
77 -25 57 -88 153 -17 183 -24 65 -29 55 -24 64 -21 41 -25 1 -55 88 -24 112 -24 116 -22 29 42 25 41 19 41 15 7 76 -24 -6 -72 35 105 24 105 1 39 -41 -23 -54 -23 -58 -24 -32 -33 -43 -23 -148 -22 2 -23 -38 95 -7 -24 -208 8 -189 7
64 32 55 0 47 32 95 -33 32 -24 57 -49 127 -27 136 -48 49 -16 56 -32 143 -32 41 31 61 -34 51 -39 12 0 10 14 0 4 3 -1 -18 31 -89 32 -34 32 -33 32 -48 35 -126 -36 -129 0 -76 34 -68 0 -87 32 -89 16 -75 -32 -160 -33 -183 79
129 -23 205 -33 83 -24 40 -104 195 24 145 92 111 23 25 -41 144 70 134 2 49 -39 56 -56 71 31 98 -24 30 -8 6 28 1 27 -6 6 -17 56 -29 40 -2 -40 -40 -24 -19 -24 -29 -24 -61 -23 -74 -24 -80 -25 -62 -25 -145 -39 -105 -40 -113 -40 -88 -24
197 -112 9 -40 176 80 173 -32 162 -112 148 -111 14 112 80 -88 126 -57 -8 64 113 -112 104 -48 57 -32 19 -16 19 -13 11 17 -73 -52 5 -43 16 -41 -104 -16 -127 -49 -11 16 -15 15 -23 16 -32 16 -27 -1 -35 18 -55 19 -54 0 -153 81 -72 -1 -80 0
154 8 178 64 32 -87 101 -40 95 -39 116 -55 39 -56 103 -56 1 -87 23 -56 129 -24 72 -55 -35 -24 20 10 17 9 -64 -55 16 -54 -69 -60 29 -49 -88 -24 66 -83 -103 7 -111 6 6 -120 -134 -24 -65 8 -78 7 -88 8 -96 8 -63 7 -58 7 -68 8
193 -128 24 0 175 66 177 -17 24 -32 98 -49 15 95 134 -64 154 -50 151 -64 49 -64 20 -80 -33 -64 23 1 10 16 23 -64 1 -2 -9 -31 -48 -64 -23 -48 13 -1 -13 0 31 47 -7 -1 1 -2 -23 -2 -47 -1 -136 62 -48 66 -65 3 -74 0 -88 1
124 53 118 44 130 80 183 -9 195 -5 169 -9 147 55 136 56 -20 -136 105 -72 -17 -39 -11 -104 -33 -41 21 -38 -49 -70 2 -3 -6 -42 -55 -73 39 51 29 51 7 -24 -24 -119 -113 -41 -121 -40 -129 -40 -137 -41 -145 -24 5 -68 -36 -4 -63 -9 -133 -104 -83 -24
120 50 116 51 109 48 113 45 105 39 169 -16 154 -16 126 -16 144 -17 -22 -80 49 -15 25 -18 16 -23 54 -80 85 -80 9 -16 3 -35 -72 -16 -81 48 -23 16 -31 -14 -37 -14 -45 -14 -53 -14 -61 -14 -69 -14 -77 -13 -85 -14 -58 -79 -72 -16 -67 -15 -76 -14
133 32 125 31 189 -25 114 32 177 -25 168 -44 83 -98 45 44 125 -24 121 -87 50 -21 40 8 29 10 9 -97 -48 -87 38 -87 -1 -15 -9 -25 -14 -23 -23 -36 -31 -15 -48 -47 -48 -56 -58 -55 -63 -23 -67 8 -79 -13 -89 8 -163 -57 -63 -25 -74 -23 -74 -22
128 22 121 24 105 20 185 -32 175 -32 136 -32 -28 -97 120 -48 175 -28 71 -99 -24 -95 33 -23 -39 -95 -56 -91 21 -33 3 -29 0 -49 -15 -16 -20 -62 -22 -30 -1 -96 -9 -95 -49 -63 -59 -65 -1 -96 -71 -29 -151 -97 -88 -18 -91 -48 -108 -31 -57 29 -74 -32
130 24 87 22 116 22 108 16 104 16 168 -39 150 -38 7 9 72 -40 57 -40 47 -41 38 -71 -47 -103 -9 -88 46 -112 84 -99 -2 -71 -8 -27 -16 -27 -23 -57 -95 -104 -12 -112 -64 -104 1 -89 -62 -39 -41 -113 -112 -72 -152 8 -93 -37 -117 -47 -46 25 -43 -41
181 -48 87 16 105 14 77 12 176 -44 57 -100 81 -96 73 -96 60 -47 56 -63 52 -76 56 -128 -14 -114 71 -48 63 -49 43 -50 59 18 -9 -97 12 -112 3 -122 -34 -112 -43 -48 -29 -117 -133 -111 -68 -48 -70 -123 -144 -176 -87 -96 -95 -96 -11 -46 -57 -46 -81 -48
192 -88 177 -56 175 -56 156 12 141 -57 133 -57 131 -57 161 -70 -8 -118 54 -54 -15 -151 47 -113 103 -57 26 0 17 0 2 -4 79 -57 68 -56 64 -56 13 -56 -33 -119 -13 -104 -103 -184 -45 -105 -38 -104 -10 -184 -32 -56 -11 -57 -15 -56 -24 -57 -177 -57 -119 -58
159 -127 209 -127 151 -64 137 -64 148 -64 153 -65 136 -62 7 -128 64 -65 57 -128 64 -123 -24 -189 29 -3 15 -7 -3 -1 -16 0 -30 -4 -25 1 61 -62 -86 -191 39 -63 -5 -63 15 -192 -51 -170 -95 -128 -135 -191 -31 3 -35 -63 -14 -64 -54 -63 -48 -129 -183 -127
129 -70 122 -46 97 -39 107 -136 162 -8 25 -200 88 -128 71 -73 64 -104 111 -119 -16 -136 91 -73 28 -6 24 -8 16 -4 -14 -6 0 -8 70 -69 65 -25 -28 -4 66 -70 55 -137 16 -200 1 -5 -23 -73 -18 -72 -32 -71 -34 -72 -41 -9 -174 -104 -164 -168 -123 -66
118 -112 67 -128 47 -95 168 -114 159 -16 158 -144 79 -84 79 -109 96 -142 113 -129 129 -146 127 1 -30 -48 -40 -112 -48 -81 72 -208 65 -112 28 -80 -81 -113 -24 -80 -25 -80 8 -79 -52 -28 24 -81 47 -63 -5 -16 -19 -79 -56 -80 -99 -129 -102 -144 -112 -128 -55 -15
128 -88 122 -88 109 -122 162 -23 132 -86 152 -136 85 -85 103 -152 128 -216 115 -135 -11 -154 107 -25 86 -19 25 -136 -45 -168 73 -25 95 -87 -6 -137 -17 -151 -87 -168 47 -16 -40 -32 -54 -32 -88 8 -4 -86 -21 -88 -15 -89 -32 -88 -92 -34 -56 -105 -63 -24 -42 -109
80 -169 67 -152 113 -169 141 -96 33 -161 87 -95 114 -159 173 -94 101 -97 28 -143 1 -160 86 -96 82 -96 73 -32 56 -96 60 -91 64 -94 43 -96 62 -96 46 -97 -16 -40 -52 -40 -81 -35 -10 -97 5 -94 5 -95 -64 -40 -22 -92 -45 -92 -7 -95 -31 -97 -42 -97
190 -168 135 -168 48 -41 9 -137 160 -41 200 -104 145 -39 111 -103 4 -232 122 -40 52 -48 109 -101 71 -103 85 -39 81 -40 101 -102 1 -39 -6 -40 -25 -39 -49 -44 0 -41 35 -101 6 -103 -123 -104 -35 -169 -70 -160 -84 -102 -91 -89 -129 -135 -80 -119 -53 -102 -69 -103
160 -160 135 -168 48 -112 104 -209 96 -112 87 -175 113 -113 104 -112 116 -112 113 -110 62 -180 41 -112 41 -143 -42 -145 56 -112 84 -110 -7 -50 -28 -56 -34 -43 -31 -43 64 -128 -104 -240 8 -176 -49 -159 16 -132 -20 -176 -111 -176 1 -193 -40 -196 -51 -47 -47 -176 -52 -174
208 -119 184 -248 164 -180 85 -125 96 -119 138 -54 129 -121 118 -120 135 -55 120 -55 49 -169 35 -153 28 -87 -39 -215 19 -194 7 -68 79 -119 57 -121 49 -49 -49 -56 -61 -56 -5 -119 -45 -195 -5 -120 -4 -121 -26 -121 -47 -121 -34 -52 -43 -51 -40 -56 -59 -51 -56 -55
