4 8 0 6 -15 178 40 189 33 192 26 194 50 186 42 186 33 191 29 188 12 223 7 184 96 256 21 207 13 208 -59 255 -48 241 -8 251 -15 255 -23 255 -32 255 -39 255 -47 255 -55 255 -63 255 -71 258 -78 250 -164 272 -224 240 -200 264 -112 252 -119 251 -129 251 -181 245 -191 255 -154 252 -208 256 -215 256 -223 246 -229 256 -238 256 -248 256 -255 237 -266 256 -234 225 -234 193 -256 193 -266 193 -256 209 -326 264 -320 258 -325 243 -297 191 -423 127 -431 268 -440 292 -448 292 -456 292 -464 292 -472 292 -480 292 -488 293 -496 293 -504 292
0 -6 -1 -7 15 216 41 180 33 184 25 187 50 178 40 183 33 184 -5 196 120 249 19 204 45 197 21 199 -56 248 -59 248 -47 235 -10 242 -15 243 -23 242 -31 247 -39 247 -47 247 -55 247 -60 240 -115 249 -152 247 -212 125 -220 121 -232 124 -159 248 -121 243 -127 241 -135 242 -143 242 -152 243 -161 242 -167 243 -176 243 -186 240 -193 240 -202 240 -256 239 -218 244 -220 209 -279 238 -284 248 -298 247 -323 247 -329 252 -343 248 -211 250 -312 175 -360 183 -366 183 -436 122 -443 121 -451 119 -464 23 -468 261 -480 26 -486 260 -495 260 -503 260
4 244 -7 -15 -8 -12 7 208 34 173 25 177 18 181 40 175 38 172 -5 188 119 242 106 240 45 189 21 191 -51 239 -60 240 -48 226 -12 234 -15 235 -23 235 -31 234 -39 239 -47 239 -55 239 -63 239 -72 230 -81 236 -88 236 -95 235 -102 233 -112 234 -119 235 -127 235 -135 236 -142 235 -154 235 -162 232 -169 234 -175 235 -185 234 -191 235 -201 232 -210 233 -218 233 -228 233 -262 226 -265 224 -296 224 -327 240 -335 239 -274 176 -285 177 -224 240 -232 240 -240 240 -243 241 -351 176 -360 176 -396 176 -409 174 -417 173 -486 160 -496 -8 -502 248
2 237 -5 235 -12 -18 7 199 31 163 25 163 17 172 40 167 38 164 30 164 117 234 103 232 29 166 21 183 14 184 -64 232 -72 232 -41 216 -18 226 -23 225 -31 227 -39 227 -47 226 -55 226 -63 226 -71 226 -78 231 -87 226 -95 227 -103 226 -111 225 -119 226 -127 226 -135 226 -145 226 -154 225 -162 224 -170 224 -175 227 -189 225 -192 227 -247 224 -270 234 -274 244 -291 250 -360 239 -368 230 -277 200 -287 199 -375 249 -205 232 -309 8 -414 242 -424 269 -432 266 -437 215 -351 169 -256 234 -368 167 -376 167 -412 170 -480 157 -495 102 -503 245
4 235 -3 229 -14 -26 -16 -31 -32 151 24 156 17 161 40 158 33 160 25 160 8 190 111 226 103 226 89 225 13 174 5 176 -72 224 -79 232 -78 223 -27 217 -32 219 -41 219 -47 218 -55 219 -63 219 -72 218 -79 219 -87 219 -95 219 -102 219 -114 218 -119 218 -130 216 -135 219 -148 217 -156 217 -162 216 -225 220 -249 240 -248 238 -221 187 -327 233 -336 248 -344 260 -352 260 -360 260 -368 260 -376 260 -384 261 -392 259 -400 260 -408 260 -416 261 -424 260 -432 244 -440 261 -440 243 -256 226 -367 160 -376 158 -401 160 -488 146 -495 95 -503 236
2 223 -6 219 -12 219 -16 -34 -3 188 -37 138 17 152 41 148 33 151 25 151 -65 89 6 144 104 218 -66 -8 -111 225 74 219 -8 153 -73 208 -82 220 -86 217 -64 202 -44 209 -51 208 -55 210 -66 209 -67 208 -139 215 -144 187 -223 216 -232 224 -240 248 -182 215 -130 208 -195 216 -207 185 -214 215 -206 202 -176 154 -300 93 -312 93 -203 149 -326 91 -335 228 -344 236 -352 236 -360 240 -368 252 -376 240 -384 229 -392 252 -400 253 -408 252 -416 252 -424 253 -432 241 -440 254 -394 156 -359 152 -367 151 -376 151 -385 150 -488 140 -496 -34 -502 223
1 217 -6 218 -12 215 -23 205 -32 199 -27 -40 17 141 11 138 30 143 24 143 16 144 9 144 1 145 -7 141 -44 144 54 209 64 209 -8 149 -19 148 -96 208 -104 208 -108 208 -113 212 -118 208 -125 210 -143 208 -81 144 -212 80 -223 221 -232 220 -190 126 -192 214 -184 208 -138 159 -161 145 -224 208 -231 208 -171 159 -182 160 -254 208 -193 147 -203 145 -233 143 -235 159 -290 148 -358 78 -368 223 -376 224 -384 224 -392 224 -400 233 -408 244 -416 244 -424 245 -432 232 -440 206 -358 136 -360 143 -368 143 -377 143 -403 141 -487 191 -495 217 -504 244
0 216 -8 237 -16 236 -24 236 -32 237 -38 212 -31 -43 -50 169 -5 130 19 137 -10 128 9 130 -1 136 -8 135 -16 135 -24 134 -31 137 -40 168 48 202 -44 -22 32 203 -43 141 -112 192 -56 140 -67 140 -9 203 -16 203 -112 -20 -95 149 -110 140 -118 140 -55 216 -133 141 -208 200 -80 203 -183 169 -95 203 -168 140 -179 151 -187 151 -196 152 -201 140 -212 140 -220 151 -274 138 -360 77 -368 -46 -376 206 -383 212 -392 224 -400 214 -408 221 -416 221 -422 212 -431 215 -440 220 -432 78 -376 128 -424 -56 -471 184 -480 235 -488 236 -496 236 -504 236
0 217 -8 228 -16 228 -24 228 -32 201 -38 195 -44 195 -56 195 -56 -59 -53 -54 -76 192 -61 123 -37 122 -36 122 -47 132 -116 200 -128 228 -136 228 -144 224 -151 205 -160 228 -168 226 -176 175 -144 113 -192 207 -200 229 -208 227 -216 228 -224 227 -232 177 -143 161 -246 175 -256 200 -264 177 -272 228 -280 226 -288 192 -198 120 -114 194 -116 192 -184 144 -201 142 -208 132 -152 192 -229 125 -279 158 -364 66 -375 208 -384 199 -392 69 -333 128 -343 136 -357 126 -423 -53 -431 208 -440 191 -448 190 -455 207 -464 228 -472 228 -480 228 -488 228 -496 228 -504 228
0 220 -8 220 -16 220 -24 221 -32 221 -40 208 -48 220 -56 221 -64 220 -71 199 -80 221 -88 219 -96 218 -104 219 -110 217 -120 221 -128 208 -136 221 -144 221 -152 220 -160 220 -168 220 -176 209 -184 221 -192 208 -200 221 -208 220 -216 220 -224 220 -232 220 -240 220 -248 220 -256 220 -264 220 -272 220 -280 221 -288 219 -296 203 -304 114 -311 176 -259 -26 -133 187 -255 143 -344 219 -352 175 -357 -67 -365 56 -372 55 -381 55 -280 120 -263 140 -326 183 -334 184 -345 123 -428 55 -440 221 -448 221 -456 222 -464 221 -468 56 -476 57 -364 248 -370 247 -183 215
0 213 -8 213 -16 213 -24 191 -32 213 -40 213 -48 213 -56 212 -64 212 -72 212 -80 212 -88 213 -96 196 -104 190 -112 200 -120 213 -128 212 -136 213 -144 213 -152 212 -160 212 -168 212 -176 212 -184 190 -192 212 -200 213 -208 213 -216 212 -224 212 -232 213 -240 213 -248 212 -256 213 -264 214 -268 48 -159 240 -163 240 -26 173 -34 175 -42 176 -51 177 -64 176 -79 167 -75 178 -96 168 -112 172 -124 168 -132 169 -138 170 -147 170 -155 171 -161 172 -172 170 -164 178 -172 177 -161 299 -167 302 -182 298 -204 178 -224 174 -233 169 -233 177 -233 173 -75 104
4 39 -4 39 -16 188 -24 188 -28 39 -36 41 73 232 69 232 254 199 247 199 291 112 222 68 159 237 151 238 143 238 149 168 141 168 120 168 112 168 107 168 96 168 89 168 84 168 75 168 77 166 -74 232 -204 40 -93 232 94 199 -216 55 -114 232 126 112 -1 237 0 168 -15 168 -35 162 -43 163 -50 164 -58 164 -65 166 -61 171 -69 168 -77 168 -85 168 -93 168 -99 169 -108 169 -153 295 -158 295 -114 294 -117 296 -138 292 -144 297 -172 296 -178 296 -188 296 -168 300 -231 295 -219 162 -224 163 -232 162 -274 144 -240 238 -54 103
260 162 237 154 244 162 235 161 227 160 217 160 215 159 207 160 200 161 191 161 183 159 175 160 163 160 151 152 143 150 125 152 117 154 89 287 133 285 74 287 65 287 58 287 49 287 40 287 33 288 23 287 15 287 32 154 35 159 32 160 16 160 12 160 -35 144 -26 34 -17 33 -22 158 -27 163 -36 162 -58 154 -43 167 -97 287 -109 262 -113 287 -118 288 -126 288 -135 287 -86 288 -94 288 -101 288 -110 288 -117 289 -137 285 -164 288 -172 288 -180 288 -189 289 -170 288 -179 288 -190 288 -192 288 -204 284 -229 160 -237 160 -247 161
223 279 218 280 210 280 201 279 194 279 237 277 174 247 204 154 199 160 182 24 160 153 166 25 88 360 151 153 128 251 103 279 98 279 141 278 138 279 78 280 67 279 58 279 50 279 42 280 33 279 24 279 16 279 7 279 22 146 13 146 4 151 15 151 0 152 -6 153 -27 146 -35 146 -43 146 -73 279 -81 280 -88 279 -94 280 -103 279 -111 279 -119 279 -75 278 -134 279 -143 280 -131 148 -159 279 -114 284 -129 277 -127 283 -164 280 -172 281 -207 279 -157 280 -192 282 -198 282 -208 282 -249 279 -224 282 -230 284 -265 282 -277 281
265 48 230 18 179 17 99 15 207 17 199 17 196 135 189 139 182 139 187 144 190 143 182 143 164 144 180 271 113 271 98 246 97 271 146 272 138 272 130 271 122 271 57 271 49 271 41 271 34 272 24 271 15 271 29 139 22 138 13 138 20 146 -3 137 -33 271 -41 271 -49 271 -35 139 -65 271 -51 139 -57 139 -66 140 -74 139 -104 272 -111 272 -120 272 -128 272 -114 138 -145 271 -136 242 -159 272 -165 272 -175 272 -133 276 -144 276 -200 272 -188 144 -316 16 -86 272 -327 18 -218 138 -213 144 -225 144 -169 144 -83 344 -376 272
227 137 0 248 368 200 356 200 96 9 215 24 207 8 200 24 164 8 175 136 165 133 160 133 149 133 121 264 112 264 103 263 116 131 79 111 100 131 73 264 67 264 58 264 51 263 43 264 35 264 25 263 18 264 9 263 0 263 -9 263 5 130 -3 130 -11 131 -19 134 -27 133 -65 111 -41 134 -32 140 -45 137 -56 138 -76 128 -84 131 -82 8 -123 8 -102 130 -113 131 -123 133 -132 128 -138 130 -144 132 -159 7 -155 8 -152 40 -297 7 -113 325 -311 135 -129 326 -198 136 -219 130 -212 135 -234 133 -240 132 -227 8 -88 295
0 -1 -8 -122 21 -96 41 97 -31 257 99 30 225 17 372 130 369 64 344 120 305 144 166 1 316 334 84 336 146 32 4 0 0 -1 134 186 242 144 -29 -1 58 1 91 -1 72 126 65 129 54 126 48 126 6 102 -1 -1 7 0 14 126 4 127 0 -1 0 -1 -9 128 -11 127 -25 125 -45 124 -79 0 -56 128 126 126 -69 128 -56 136 -80 128 -86 121 -108 120 -89 136 -113 119 -120 0 -120 129 -165 255 -136 108 36 352 -94 136 -160 127 -114 317 -123 327 -104 190 -331 0 -218 -1 -84 232 -233 124 -241 -1 -102 193 -233 16
36 -92 49 48 49 56 39 60 63 53 56 58 51 59 137 123 -62 104 -72 153 -80 105 -88 118 -43 129 18 111 12 112 7 120 135 186 117 116 127 23 212 120 96 120 90 120 211 139 7 343 -3 326 -6 358 -15 327 40 105 36 120 32 119 145 112 133 135 -4 189 -20 117 -27 116 -19 123 -16 123 101 185 95 112 72 152 74 184 -88 114 -80 8 51 183 -132 -7 -102 -38 -39 184 -119 103 -142 -10 -154 -6 -200 -6 -22 159 -225 279 -246 360 -254 360 -185 312 -65 295 -72 254 -80 248 -84 264 -100 250 -177 120 -95 182 -116 326
145 65 37 56 115 81 106 47 97 65 87 48 73 50 43 111 -61 -16 54 176 -76 -15 31 176 -89 -15 24 80 16 110 9 112 129 94 135 118 -13 313 260 236 85 109 76 109 254 40 -55 110 -63 99 52 304 -65 224 177 176 -101 -15 30 8 147 178 7 112 -37 -16 -19 109 -28 110 -83 -15 -162 -16 93 226 48 20 70 294 34 239 136 240 -194 16 39 171 38 176 -104 18 -12 240 -54 120 -64 120 -25 111 -81 302 -272 208 -31 258 -73 235 -16 271 -41 241 -59 239 -199 112 -50 302 -343 110 -268 352 -232 304 -365 111 -420 111
354 229 58 108 431 103 358 119 289 135 321 137 274 104 9 296 -31 63 -41 200 -62 231 -88 207 -84 216 345 306 277 219 134 171 250 31 249 124 225 103 310 103 124 40 86 172 80 172 197 119 92 167 120 104 160 149 150 104 195 103 128 104 159 296 127 168 5 169 -136 -24 100 168 102 136 69 138 85 40 81 122 49 231 29 232 -39 168 83 120 34 28 -96 171 -95 104 55 103 -112 104 -128 171 -135 171 17 40 -152 171 -161 171 -154 105 -49 38 -72 103 -55 128 -212 96 -47 120 -107 104 -133 231 -45 296 -136 231 -436 295
373 160 123 79 209 97 415 104 352 112 406 99 400 96 351 160 256 127 288 94 191 94 231 127 30 160 281 208 272 207 263 208 328 100 244 128 293 103 206 136 197 136 271 94 84 0 256 95 250 33 176 96 120 96 154 156 162 158 184 156 63 94 191 100 192 96 10 -1 2 -1 -24 -33 -26 -35 -3 31 -46 166 -57 164 -64 163 56 31 88 33 86 96 83 97 78 98 82 40 64 28 24 144 -8 123 -13 99 -11 102 -32 104 -38 160 -147 160 -76 216 -88 224 -57 255 -400 321 -312 320 -350 96 -358 88 -431 100 -378 36
1 100 -7 100 -15 93 -23 89 64 53 149 294 141 294 341 152 192 88 184 88 355 87 168 88 162 89 243 221 16 90 243 216 233 215 227 215 254 216 166 133 233 151 251 160 216 121 198 120 254 23 216 144 176 151 182 152 171 167 167 172 177 151 149 93 125 120 174 89 184 89 171 79 131 24 -6 24 -48 157 -57 158 -64 158 -36 26 40 25 84 87 75 88 73 88 64 89 80 89 73 84 64 89 38 91 14 104 -33 87 -34 89 -101 86 -153 152 -97 213 -94 205 -47 287 -343 285 -237 297 -358 82 -418 80 -445 87
3 -46 -5 -46 -16 -176 -14 6 33 14 24 14 -43 0 167 79 224 208 217 214 159 209 157 206 153 207 97 76 6 64 233 85 188 80 254 208 178 80 167 80 163 80 219 88 262 82 256 13 216 136 192 144 183 146 147 207 178 207 161 145 152 143 136 145 160 137 109 121 166 15 168 80 162 71 111 18 -14 16 -20 15 -12 0 -12 -2 57 15 82 78 75 79 71 80 66 80 58 82 49 81 43 81 35 81 30 82 -32 103 -40 80 -48 78 -24 144 -96 130 -171 143 -64 242 -406 271 -252 304 -359 75 -413 72 -446 80
17 -171 8 -169 -16 11 -2 -173 32 9 -33 -175 -43 64 -36 -169 -32 -176 4 0 -43 -152 -63 3 -17 -1 -9 8 62 72 -24 4 -127 175 104 73 115 74 112 72 99 139 214 9 96 -25 90 -23 258 74 178 136 196 245 -60 232 -152 210 135 200 135 70 103 183 159 141 114 103 184 73 142 72 96 8 -41 142 -48 142 -57 142 -64 142 -73 142 -80 142 -84 142 -96 140 21 7 28 8 40 8 44 72 37 72 28 71 24 72 17 73 14 74 -16 118 -55 72 -144 72 -118 129 -102 192 -68 255 -238 264 -358 71 -366 65 -441 79
5 -192 23 36 -11 66 -21 74 0 0 -38 77 -48 56 -31 -191 20 -2 -7 0 -80 1 -66 -168 -1 -1 -1 -3 -2 -6 -10 -1 -20 0 -60 -8 -51 49 233 127 200 216 146 108 194 104 191 104 224 120 180 151 155 181 196 226 135 188 119 192 -174 65 140 65 129 65 119 90 184 65 149 64 110 0 -2 0 -48 133 -56 134 -65 134 -72 134 -80 134 -88 134 -97 134 -104 132 -56 -17 -84 -3 0 -1 0 -1 0 -1 0 -1 4 0 3 63 2 65 0 -1 -64 65 -40 127 -176 128 -68 228 -356 263 -280 312 -366 62 -372 57
2 56 -6 64 -14 69 -24 52 -28 64 -34 -199 17 -10 9 -10 -1 -10 25 -12 -2 -8 -88 -8 -91 58 -75 -11 81 59 73 58 67 57 60 57 -77 -8 -55 24 -95 177 45 216 162 120 100 121 252 280 -22 296 -78 54 -93 47 -97 55 152 184 122 182 -120 184 138 120 117 120 120 88 160 56 112 -4 -40 125 -41 55 -49 56 -57 55 -65 55 -73 55 -88 126 -96 126 -102 126 -111 125 -121 123 -74 -24 -136 124 -144 125 -149 126 -160 124 -34 -8 -3 55 -5 57 0 -1 -68 58 -102 184 -286 264 -480 41 -367 47 -366 55 -378 48
2 60 -6 60 -12 53 -20 53 -32 50 -16 -185 -24 -33 39 -17 1 -11 26 -24 15 -19 -25 -19 0 -16 -37 -16 0 -1 -10 -17 0 -1 0 -1 -41 -17 -43 -17 63 47 -69 48 207 64 -56 36 113 257 -61 145 -148 57 -88 -12 -159 17 -104 49 14 117 -184 270 -66 270 -112 207 95 177 101 111 160 48 -12 -23 -49 118 -51 45 -57 50 -65 49 -73 47 -87 118 -97 118 -105 118 -113 118 -120 118 -128 118 -137 118 -144 118 -152 118 -160 118 -167 117 -32 -16 -11 48 -13 49 -16 -16 -77 47 -385 51 -480 -183 -488 54 -309 291 -375 41
6 -87 -8 -216 -14 -88 -23 -89 -29 45 48 -26 47 -25 40 9 33 -29 127 41 15 -26 10 -29 33 -8 14 -24 1 -25 -48 41 -50 32 -56 32 -62 40 -20 -9 -35 -24 -40 -24 -111 32 165 76 88 113 -99 24 -113 8 -88 8 -9 73 -104 33 -46 281 -248 4 -128 39 -73 249 -82 232 89 169 129 124 142 40 144 39 -24 -32 -65 110 -97 31 -22 -48 108 28 -96 110 -104 110 -111 110 -76 -47 -128 110 -129 39 -137 39 -145 40 -153 39 -169 110 -176 110 -179 109 -32 -24 -24 40 -81 40 -338 39 -478 49 -488 55 -344 257 -294 283
0 -224 -8 16 15 -33 -24 -212 -26 37 49 -31 48 -34 39 -34 36 -30 32 -36 -1 -32 8 -34 0 0 23 -31 80 33 -44 12 -50 31 -77 39 53 60 -92 -179 -90 -183 -103 -37 -79 32 -63 14 -126 2 165 31 187 56 104 223 -169 31 -104 30 144 143 -162 30 -190 1 -233 160 -207 223 104 144 117 98 102 31 64 62 129 33 132 22 55 0 98 30 36 64 96 32 24 0 32 -31 40 -32 -96 -30 -137 102 -137 31 -145 31 -153 31 -161 32 -176 102 -184 102 -154 -30 -28 32 -25 -31 -386 34 -479 -98 -488 43 -496 30 -437 1
22 -207 -8 -56 -8 -220 -24 -226 -26 -232 1 -195 52 -44 40 -48 31 -42 24 -48 15 -41 9 -48 103 31 9 -40 0 -40 -56 24 -68 32 -11 -34 50 24 -70 -43 -160 -105 -71 -169 -108 -44 -153 -209 -1 25 51 95 52 24 24 10 158 40 -102 224 149 134 144 22 -30 9 -136 88 -151 10 -81 184 114 152 81 90 96 86 67 84 60 56 48 65 73 107 50 88 29 87 26 53 16 55 3 55 57 25 -10 -8 -115 -47 -137 -71 -128 -71 -161 23 -176 94 -184 94 -192 92 -56 -41 -8 24 -351 -24 -420 -42 -485 -103 -496 -198 -504 36
17 -228 17 -211 -8 -240 -11 -63 -30 -64 30 -52 48 -49 8 -49 0 -47 24 -49 113 17 99 18 -32 8 -48 15 -48 7 7 0 -46 16 -18 -15 33 16 -48 -57 -94 -55 -128 -240 -79 -55 -153 -50 -192 -109 27 17 -87 -114 33 17 40 16 164 -41 22 16 9 82 6 81 -1 11 -207 209 -145 112 117 177 29 64 50 80 28 73 92 80 80 78 74 89 10 144 2 144 19 79 17 80 -3 80 -8 80 24 86 49 20 38 17 33 13 -131 -47 -175 86 -184 86 -192 85 -81 -48 -77 49 -343 6 -395 14 -452 -52 -494 27 -504 53
0 -27 1 -238 16 -23 41 -55 -24 -72 25 -59 45 -57 42 -60 46 -61 42 -56 43 -52 41 -56 31 -39 -48 8 -55 7 -56 12 2 -23 -78 8 34 7 -59 -57 -77 -57 -168 -65 -112 -55 -121 -57 -103 -56 -132 -56 -144 -56 -76 23 48 -89 8 8 0 -1 25 17 -33 -7 -6 74 -119 209 91 136 68 72 41 6 50 134 81 73 64 70 87 73 58 72 70 198 32 183 36 135 -16 133 -48 72 18 72 0 -1 46 12 31 9 32 8 -42 -52 -128 -84 -72 -64 -32 -56 0 -1 -77 30 -125 132 -221 217 -356 -11 -387 -55 -504 -116
0 -1 2 -254 51 -65 81 -70 37 -64 -40 -74 26 -72 40 -63 126 0 124 0 48 -46 31 -64 32 -45 -20 0 10 -48 -56 -7 -1 -5 -64 -1 -50 -72 -151 -63 -91 -66 -88 -64 -68 -67 -88 -65 0 -1 -120 -56 -148 -65 -154 -69 -160 -32 22 70 0 -1 0 -1 0 -1 0 -1 50 32 163 200 40 46 110 67 0 -1 7 0 14 0 1 -1 20 65 7 125 32 110 -7 65 -40 0 0 -1 0 -1 0 -1 -4 2 35 -65 1 -1 -2 -64 -1 -1 3 -1 0 -1 -26 0 -81 -65 -92 -68 -142 0 -77 160 -429 192 -376 -10
0 -4 -2 -259 51 -69 70 -73 66 -77 -22 -252 -44 -8 43 -79 8 -56 31 -72 45 -57 47 -56 6 -71 -33 -7 85 -6 3 -56 -46 -24 -12 -68 -66 -8 -70 -10 -44 -68 -20 -52 -51 -70 -70 -57 -92 -74 -84 -72 -144 -68 -150 -72 -169 -64 -7 -7 148 28 161 -25 -33 -136 -13 -16 -7 -7 65 117 -256 125 104 128 77 55 102 56 59 -4 57 0 68 56 -60 57 24 56 56 55 32 0 41 52 0 -1 -5 -6 0 -1 -25 -8 -32 19 14 -77 10 -6 -55 25 -49 -2 -83 33 -210 62 -209 -7 -216 -8 -74 -68 -115 7 -161 0
0 -9 26 -231 50 -84 42 -76 -30 -73 -40 20 -48 20 -56 20 -64 20 -72 17 19 -76 88 -15 7 -87 24 -72 80 -15 73 -14 -4 -76 68 17 -78 -17 -81 -19 -94 -17 -85 -18 -95 -33 -126 -16 -128 -26 -130 -24 -4 -7 -153 -81 -155 -86 -135 -85 -160 -80 -57 -15 141 -32 -10 -144 -52 -143 -24 54 -30 -145 105 -94 81 -15 100 46 80 47 72 -16 55 -17 64 44 35 93 -32 -16 46 60 25 -16 0 -1 28 58 -14 16 -24 14 -34 -16 -40 7 -49 0 -57 -14 -58 45 -75 16 -210 54 -211 -17 -224 -24 -219 -9 -237 -15 -240 -16
0 -17 -2 -280 49 -91 72 -89 105 72 -40 -147 -41 -201 -56 13 -64 12 -72 12 -80 12 -88 10 -96 -40 22 -74 -15 -96 67 -25 64 -24 -14 -90 -89 -24 -88 -16 -96 -32 -89 -26 -110 -24 -60 -33 -116 -40 -72 -70 -119 -25 -134 -38 -107 -87 -168 -80 -143 -88 -152 -88 -191 -55 118 87 169 -24 -22 46 -33 46 31 -105 105 -88 8 -23 35 103 72 112 42 40 42 -6 32 39 9 5 20 -26 31 40 70 -75 -11 -8 -17 -9 -2 -20 -16 -18 -47 9 -52 8 -30 -23 -64 -6 -64 -25 -176 -80 -229 -34 -235 -34 -244 -29 -280 -48 -257 -26
0 -26 -2 -157 53 -98 86 -79 383 -29 382 -32 317 -33 27 -31 -64 -228 -72 4 -80 4 -88 4 -96 4 -72 -12 -50 -90 -19 -103 -30 -96 -32 -97 -79 -23 -88 -31 -65 -48 -103 -32 -119 -32 -54 -63 -119 -34 -7 -32 0 -1 -91 -91 -94 -80 -54 -28 -146 -97 -152 -101 -161 -97 -169 -68 105 32 114 32 -288 71 -28 -127 77 -97 122 -92 0 -1 108 150 -177 81 55 32 15 -32 23 -17 32 -31 10 -24 0 -1 13 -29 55 -33 28 -30 24 -101 -48 9 -44 -1 -25 31 -58 33 -74 34 -175 -87 -230 -40 -252 98 -262 98 -288 -158 -380 -160
0 -34 49 -107 94 -104 118 -88 32 -30 27 -36 394 -39 200 -168 -64 -236 -72 -4 -80 -3 -88 -4 -96 -4 -104 -9 -17 -104 -22 -105 65 -39 58 -38 -72 -79 -88 -48 -80 -57 -84 -44 -41 -88 -129 -40 -64 -88 -72 -104 -33 -40 -91 -96 -160 -48 -97 -89 -64 -38 -171 -105 -230 -120 -200 -102 -162 -103 -155 -39 152 169 -167 89 -36 -136 60 -71 132 -36 56 24 -273 181 -248 104 29 1 49 -38 5 -1 8 -8 0 -7 1 -40 0 -1 34 -41 28 -39 -35 -8 -420 75 -314 121 -77 -96 -73 -23 -209 -54 -208 -40 -160 -40 -368 -103 -485 -163 -500 -168
0 -77 115 -110 113 -48 417 -46 368 -112 285 -16 16 -38 11 -43 -64 -245 -72 -12 -80 -11 -88 -12 -96 -12 -104 -14 0 -112 -9 -111 -9 -112 -14 -112 -63 -49 -71 -48 -30 -49 -38 -49 -46 -48 83 162 -126 143 -72 43 64 161 -91 44 -91 48 -166 143 16 144 -183 143 -122 49 -215 111 169 144 115 101 98 76 72 74 99 89 88 88 78 80 -40 14 -51 13 -58 17 43 38 56 16 49 16 21 -47 1 -49 -8 -50 -10 -45 0 -1 -32 -18 -36 -32 -304 -59 -56 82 -192 -56 -211 -53 -204 -48 -231 -58 -233 -50 -242 -48 -291 -174 -379 -176
128 -56 419 -39 241 -59 243 -55 224 -56 216 -56 210 -56 325 -41 -64 -170 -72 -14 -63 -179 28 8 26 8 26 8 270 128 -56 104 256 128 246 127 240 129 288 136 280 136 261 136 256 136 200 90 236 136 234 151 232 136 207 141 160 86 212 136 183 137 138 89 134 90 104 72 94 72 119 103 116 105 100 80 80 66 78 66 75 67 27 69 -46 5 48 32 60 10 55 7 28 -56 9 -57 -130 -70 -148 -56 -172 74 -177 74 -134 72 -165 -55 -162 -56 -48 -52 -192 -54 -233 71 -189 68 -216 -56 -44 -104 -359 -68 -376 -118 -445 -122
320 -1 314 -95 225 -74 221 -69 193 63 244 62 261 69 170 64 160 36 188 -62 166 -68 160 -69 142 -190 249 65 240 58 264 58 240 54 228 56 240 58 216 60 218 68 202 64 194 64 208 104 208 106 196 96 188 96 176 88 135 48 136 64 204 159 139 88 130 80 120 59 81 64 116 58 67 62 59 63 53 62 41 63 32 60 -1 -1 63 6 48 24 2 -12 -33 -62 -109 -64 -93 61 -124 -65 -274 0 -384 -255 -137 -66 -177 -77 -198 -193 -175 -67 -172 57 -192 -74 -232 63 -192 60 -233 -74 -236 -73 -243 -67 -285 -191 -379 -193
357 52 396 -7 399 -16 195 -200 212 -81 186 56 204 57 225 55 225 56 237 61 227 61 177 -74 233 -71 230 -17 176 -11 235 54 240 48 231 48 218 55 216 56 225 79 236 122 223 121 -104 56 -192 56 200 121 -161 66 192 121 183 111 168 90 128 48 145 57 128 46 147 73 88 53 32 -7 24 -12 58 55 28 -24 -22 -11 -31 -12 -16 -11 51 -6 44 -5 44 -8 -137 55 26 -8 17 -7 11 -9 -143 -201 -157 -80 -184 53 -145 -67 -168 -64 -176 -80 -153 41 -174 52 -231 55 -191 52 -213 -71 -221 -72 -164 -40 -370 -8 -381 -8
381 31 334 -28 382 -15 351 -20 341 -39 413 -76 214 -176 183 -207 175 -207 167 -206 185 -176 349 -73 298 -16 246 52 250 48 296 112 280 112 264 112 -20 97 5 111 24 128 90 104 79 113 -52 16 -64 16 -32 49 -112 48 182 108 184 111 174 111 144 84 137 68 128 72 116 52 96 47 96 48 87 32 92 44 61 45 44 48 48 48 44 48 30 48 22 48 32 47 -87 43 0 42 -8 44 0 38 -5 33 -140 -83 -164 -85 -175 48 -168 -10 -191 -89 -157 46 -200 46 -230 48 -182 47 -223 -86 -236 -89 -244 -81 -241 -209 -125 -15
382 28 346 40 342 38 367 -21 360 -24 353 -24 344 -24 335 -21 298 41 337 106 334 104 -23 65 -31 105 21 56 13 120 72 71 128 104 -4 7 -16 8 7 41 -80 72 -40 104 -16 40 -49 96 -48 90 -68 98 -160 122 -73 71 -128 56 152 104 168 104 164 112 176 124 94 24 132 72 77 27 79 40 93 71 108 104 92 106 90 103 82 104 83 105 51 73 31 23 -140 -250 -350 39 24 102 0 52 -8 24 -120 40 -123 40 -107 45 -165 -87 -145 35 -157 39 -428 -232 -454 -55 -388 -210 -225 -217 -218 -192 -110 -22 -480 40 -372 -96
390 30 368 30 356 32 359 22 352 24 352 30 367 55 312 28 310 32 -60 17 134 65 167 96 175 113 29 136 58 30 -104 16 256 87 260 92 241 95 12 52 -142 32 -33 87 -50 26 -114 94 -96 64 -113 131 -48 32 -202 15 -136 32 -218 31 -144 40 136 96 112 64 136 96 177 112 -266 30 -270 30 -281 32 79 81 -236 40 -237 39 88 96 48 76 40 46 32 33 42 61 -302 -92 -246 -112 -255 -94 -8 34 -89 33 -99 37 -107 37 -113 37 -208 -208 -440 -60 -448 -60 -456 -60 -464 -60 -472 -60 -480 -59 -488 -84 -397 -111 -297 -64
388 32 368 24 376 55 352 32 365 57 357 56 351 56 376 104 -1 57 92 23 16 42 -44 88 32 88 72 57 47 24 -120 24 -104 8 -110 8 -130 8 -136 8 -74 72 -89 57 -16 32 -17 23 -128 56 -72 84 -144 86 -79 87 -154 79 -104 72 -152 56 -230 24 -128 72 136 90 -128 90 -156 88 -208 88 -138 72 -194 40 -270 88 -288 37 104 88 86 86 70 88 -94 -122 -103 -112 -110 -104 -111 -103 -114 -104 -296 -98 -91 29 -99 29 -106 28 -165 -263 -68 -104 -301 -7 -349 -105 -335 -167 -452 -226 -472 -75 -368 -153 -376 -136 -225 -105 -102 -182
416 77 404 76 2 0 38 14 -32 16 336 48 400 111 388 128 352 94 40 32 16 32 30 48 -82 14 -17 16 -32 50 32 16 -64 79 -24 33 -15 75 -24 4 -64 75 -110 80 -48 16 -160 20 -64 84 -58 96 -16 80 -104 129 -128 80 -25 49 -112 78 -184 80 -126 80 -104 82 -112 47 -209 91 -134 48 -136 76 -192 32 -184 64 -208 32 72 81 34 84 72 78 -96 -111 -75 12 -46 14 -71 21 -74 21 -53 -111 -93 3 -99 21 -107 21 -204 -274 -48 16 -434 -241 -448 -100 -456 -103 -464 -113 -434 -358 -354 -175 -361 -112 -108 -49 -492 1
384 52 411 86 45 71 -7 25 -14 -8 -40 9 360 74 337 73 0 7 -54 8 24 56 -72 -8 9 8 -104 7 -112 7 -104 8 -48 90 31 9 -110 73 4 19 -49 24 -4 40 -15 71 -128 70 -56 -24 -74 8 -48 40 -40 63 -64 72 -24 80 -64 71 -96 72 -80 72 -7 65 -196 72 -105 41 -162 67 -160 72 -192 26 -152 8 -224 24 68 72 48 66 56 64 53 1 -201 -246 -119 3 -150 -247 -63 8 -119 3 -88 72 -196 -200 -314 -252 -328 -135 -175 -137 -131 13 -139 13 -146 13 -183 7 -391 -156 -480 -112 -488 -85 -487 -150 -442 -330
0 -1 381 75 68 48 113 52 64 76 117 7 358 64 -56 -1 32 0 72 16 -14 65 -72 2 -32 64 -8 32 -80 8 -73 59 0 8 -118 0 -48 8 -87 63 -80 64 -104 64 -142 -1 -56 15 -82 -16 -49 63 -46 64 -40 60 0 62 -56 48 -80 72 -83 65 -96 62 -103 65 -223 64 -152 56 -239 60 -248 60 -208 80 -264 82 -287 65 56 55 -324 2 42 -19 16 -128 -104 -127 -126 -257 63 -129 -97 -12 -80 2 -127 -4 -141 -131 -405 -257 -387 -180 -145 -15 -191 -5 -204 -129 -131 -1 -140 0 -470 -117 -480 -102 -362 -64 -129 -129 -150 -112
407 48 409 64 20 56 134 -7 48 24 -26 -11 16 13 40 9 23 2 -59 -8 33 8 9 5 0 0 4 9 -16 -4 -58 24 0 24 -121 -4 -32 88 9 23 -32 24 -44 60 -48 54 -56 104 -88 76 -61 88 -44 54 -40 56 -128 56 -48 60 -104 -27 -62 64 -96 52 -136 59 -112 24 -184 64 -192 76 -161 49 -176 49 -166 56 -256 55 56 39 -16 -104 -89 -68 -89 -136 -104 -144 -56 -5 -128 -151 -96 -14 -83 -3 -91 -3 -99 -3 -107 -3 -145 -9 -145 -10 -220 -298 -163 -222 -170 -22 -155 -3 -203 -138 -194 -9 -247 -265 -114 -137 -120 -135
381 37 418 50 79 -15 48 16 -16 -16 40 -11 0 44 318 48 48 -4 90 -16 17 -6 -8 16 32 24 73 15 -16 16 -8 -1 -128 -16 -112 0 -20 32 -54 76 -107 43 -40 -16 -16 47 -9 49 -32 16 4 47 16 48 -24 46 -32 48 -28 56 -48 49 -47 49 -64 47 -106 74 -80 46 -96 54 -130 48 -136 -32 -144 46 -153 48 -224 36 85 62 27 -16 51 -81 -89 -240 -171 -271 -141 -14 -117 -12 -143 -14 -65 -17 -91 -11 -99 -11 -107 -11 -115 -11 -123 -11 -129 -12 -192 -144 -168 -18 -155 -11 -163 -11 -237 -14 -231 -273 -60 -140 -121 -142
416 39 428 40 32 24 360 31 352 32 -29 -25 14 -25 8 73 48 -7 67 21 -48 -10 -72 -24 32 32 26 36 -80 -8 -100 -40 41 -24 -10 24 -88 36 8 38 0 8 -6 41 -8 40 34 39 0 41 5 52 -33 65 -24 44 -64 72 -50 57 -24 34 -56 44 -16 40 -30 76 -68 36 -122 71 -104 40 -78 20 -126 33 -152 40 -256 41 -162 -18 112 84 39 -29 30 -88 56 -81 8 -112 6 -120 58 -152 53 -153 -138 -248 -143 -248 -196 -280 -203 -281 -203 -21 -209 -21 -189 -20 -210 -26 -233 -22 -249 -281 -112 -186 -54 -146 -94 -134 -100 -91
381 -17 392 2 410 40 368 32 376 33 360 32 335 24 0 0 48 0 -24 51 48 -38 3 32 72 -29 58 -32 -48 32 8 -40 -16 -17 -40 32 -48 50 5 31 0 32 -14 32 -15 31 4 39 0 33 -31 33 8 32 -26 48 -32 40 -42 32 -48 40 -57 29 0 40 -42 15 16 32 -78 32 -111 30 -136 0 -143 -1 -136 0 -192 -32 -328 -31 73 27 24 -33 48 -24 -48 -97 24 -97 5 -97 16 -102 7 -103 -24 -120 -34 -120 -34 -127 17 -159 12 -159 4 -160 0 -161 -13 -162 -20 -161 -35 -155 -95 -127 -76 -101 -112 -96 -112 -96
384 -30 390 -8 400 24 368 24 352 18 330 27 368 24 315 25 2 58 8 35 64 14 0 40 -31 25 -36 26 -16 48 -55 24 0 16 -7 19 -16 64 -24 56 -40 -56 -40 68 -16 25 40 40 0 29 8 26 -5 20 20 46 -48 42 -32 16 -25 16 -73 48 -81 24 -42 24 -88 28 -120 28 -160 -55 -200 40 -209 35 -184 -48 -192 -9 -313 -41 48 12 104 65 17 -40 7 -48 32 -30 28 -31 -34 -38 -53 -117 -8 -104 -17 -104 -24 -104 -44 -105 -52 -105 -57 -105 -65 -105 -73 -105 -80 -106 -88 -104 -80 -104 -104 -100 -207 -108 -191 -105
386 -32 390 -16 386 10 369 15 368 10 373 17 0 -1 -2 -40 32 -41 56 15 4 47 56 7 72 -48 56 -41 16 24 8 -48 -17 -33 -8 -56 -25 -50 8 16 -32 12 -105 15 0 0 -44 20 -29 15 -10 20 -8 20 -28 32 8 49 -23 11 -16 32 -39 0 -64 28 -89 17 -112 16 -106 16 -116 16 -136 16 -144 -14 -153 13 -192 -58 -171 -17 -240 0 -248 -34 72 31 48 18 80 49 20 -14 0 -39 -16 -48 -16 -56 0 -34 -16 -40 -57 -56 -33 -40 -83 -50 -96 -48 -101 -49 -136 -112 -160 -115 -194 -115 -135 -49 -141 -50 -151 -49
363 -75 394 -28 390 8 383 9 384 10 -40 -56 -32 -55 80 -4 56 0 64 -4 48 8 72 8 32 10 44 10 48 -23 40 -26 -34 16 -6 4 -48 8 24 0 8 8 24 8 -18 8 8 8 0 18 -24 27 -49 55 -64 60 -56 44 -48 26 -40 10 -58 24 -64 10 -72 8 -80 6 -120 16 -116 8 -154 38 -160 8 -152 -24 -155 -24 -170 8 -185 -1 -207 -24 -224 -24 -296 -7 -272 -55 31 9 64 54 24 8 48 40 -26 -44 -20 -24 -55 -56 -64 -62 -72 -64 -80 -61 -64 -50 -107 -58 -115 -59 -72 -40 -132 -57 -139 -58 -110 -58
396 -32 394 -35 396 -2 375 1 55 -49 91 -9 43 33 0 4 0 -1 88 -29 16 0 40 32 0 0 -12 8 48 -65 1 -1 0 4 -8 -75 32 -8 -28 49 2 0 23 4 0 -1 48 0 0 0 24 -16 31 16 -13 12 -4 -8 -31 -1 -26 2 -40 0 -64 2 -72 0 -40 -16 -49 -16 -96 -4 -144 0 -144 -1 -168 -82 -232 -1 -152 -4 -176 -30 -249 11 -224 -64 -204 -58 25 0 -366 -64 16 0 15 -1 0 -11 8 0 34 32 24 28 -48 -51 -39 -32 -89 -80 -72 -57 -72 -62 -98 -73 -96 -71 -104 -72 -142 -65 -112 -60
388 -52 368 -73 432 48 392 4 342 -8 96 -28 61 -57 40 -8 72 -90 68 24 80 -12 90 -10 72 -8 66 -8 46 -8 8 -12 49 -15 34 -8 31 -5 6 -41 24 -4 7 -10 -1 -4 -10 -8 32 -12 -6 7 0 -16 18 20 -16 2 -62 -8 -16 -24 -47 -8 -64 -8 -64 -8 -112 -8 -104 -12 -161 -103 -144 -16 -146 -10 -184 -8 -160 -8 -152 -24 -176 -12 -184 -8 -224 39 -232 -64 -352 -74 -336 -72 -352 -56 -299 -71 -384 -75 -312 -80 -10 -8 24 41 16 23 -61 -58 -64 -53 -96 -88 -80 -80 -79 -69 -128 -78 -92 -65 -140 -76 -148 -76
359 -86 354 -87 432 17 391 -11 339 -15 96 -33 78 -46 36 16 96 -80 0 17 16 0 40 -20 -8 -16 56 -16 -9 -12 42 -20 30 -17 56 -17 72 -16 72 0 40 -25 20 -1 25 -8 1 -1 0 0 -2 -2 -32 3 -48 16 -32 -14 -56 -1 -48 0 -56 0 -48 -14 -56 -24 -72 -8 -88 -16 -160 30 -168 -80 -147 -19 -150 -20 -232 -16 -168 -20 -180 -45 -202 16 -274 -9 -264 -24 -241 -77 -234 -25 -274 -64 -266 -32 -361 -81 -392 -80 -393 -95 -360 -82 -32 -23 10 32 -52 -39 -92 -96 -80 -73 -102 -84 -96 -88 -96 -80 -112 -88 -112 -80
396 -80 348 -92 388 -55 410 -24 386 -21 24 -55 90 -72 -42 -104 48 -72 24 8 -43 -84 8 4 64 -18 39 8 63 -24 88 -23 74 -24 88 -24 48 -21 45 -33 20 -9 4 -6 60 -4 -21 32 56 24 -1 -1 32 -8 -56 22 -32 -7 -58 -2 -32 -22 -10 0 -32 -11 -64 -24 -80 -26 -106 -24 -130 -24 -136 -9 -176 -24 -72 -15 -160 -54 -170 -26 -176 -28 -182 -30 -177 -24 -176 -20 -208 -56 -215 -33 -296 -24 -215 -56 -353 -29 -358 -26 -312 -8 -264 -88 -32 -28 -21 -21 -24 -20 -60 -51 -73 -68 -80 -84 -89 -85 -80 -74 -139 -92 -118 -96
288 -160 280 -160 390 -63 370 -58 384 -24 353 -29 22 -64 -56 -97 -40 -96 58 -24 16 -22 -16 -32 32 -35 40 -111 -16 -32 106 -20 40 -29 -14 15 32 -36 30 -15 0 -1 8 -16 0 0 2 -11 0 0 45 -12 -16 0 -56 1 16 -14 -48 -10 -64 -16 -56 -17 -54 -27 -88 -15 -81 -30 -92 -32 -64 -32 -136 -36 -176 16 -153 -65 -162 -33 -128 -32 -164 -33 -151 -33 -178 -12 -168 -33 -188 -32 -202 -52 -288 -32 -264 -32 -208 -64 -332 -32 -253 -97 -264 -96 -414 -100 0 -1 0 -1 -96 -112 -90 -96 -80 -93 -96 -102 -133 -99 -142 -97 -148 -99
336 -164 378 -164 368 -112 380 -71 418 -9 376 -33 16 -104 41 -56 48 -71 -31 -39 43 -41 8 -23 30 -32 50 -104 -20 -8 104 -41 0 -112 66 -37 79 -26 14 0 22 -23 -8 -10 -16 16 23 -6 64 13 -4 0 -16 -10 -24 -24 -36 -24 -65 8 -71 3 -81 7 -64 -24 -96 -4 -112 -13 -106 -18 -96 -40 -138 -40 -71 -35 -88 -24 -158 -40 -108 -40 -122 -40 -177 -7 -155 -47 -189 -40 -168 -44 -216 -44 -256 -104 -230 -40 -257 -119 -278 -112 -262 -98 -348 -74 -416 -104 -23 -25 0 -5 -88 -111 -89 -111 -88 -111 -123 -107 -133 -105 -144 -106 -152 -106
331 -260 336 -175 338 -115 353 -109 368 -81 376 -48 360 -48 18 -80 32 -96 40 -92 32 -97 -40 -32 -24 -62 72 -78 53 -47 56 -52 32 -52 40 -48 32 -24 1 -5 24 -16 16 -12 7 -15 62 -30 41 1 36 0 32 4 24 -1 22 -27 9 -31 7 -27 -8 -32 -64 -17 -88 -16 -80 -32 -124 -16 -86 -39 -92 -46 -96 -64 -107 -37 -98 -64 -172 -8 -169 -1 -155 -31 -182 -16 -144 -52 -176 -45 -192 -44 -224 -81 -312 -48 -304 -30 -316 -48 -246 -109 -409 -113 -414 -130 -47 -57 -56 -68 -88 -112 -80 -115 -88 -120 -80 -102 -133 -115 -143 -113 -149 -114
384 -248 322 -248 270 -184 372 -116 324 -127 356 -84 392 -56 361 -44 329 -51 28 -90 -64 -105 24 -73 16 -103 -56 -57 48 -88 -24 -56 32 -57 92 -40 92 -24 8 -24 48 -22 72 -39 64 -1 52 -36 48 0 8 -8 8 -8 24 -6 -24 -2 -103 -249 -33 -5 -24 -7 -32 -9 -17 -35 -28 -8 -36 -40 -99 -40 -104 -39 -104 -64 -136 -40 -145 -33 -134 -40 -128 -32 -106 -40 -114 -34 -136 -36 -211 -39 -201 -57 -256 -128 -266 -127 -240 -121 -312 -120 -288 -72 -393 -116 -337 -119 -41 -60 0 -7 -70 -116 -88 -132 -88 -127 -125 -123 -133 -123 -207 -188 -164 -191
