0 127 -8 228 -8 192 41 190 32 190 29 192 16 195 43 186 32 192 102 258 98 256 4 192 19 189 22 191 -61 230 -59 255 -48 244 -8 250 -15 250 -22 256 -31 256 -38 256 -46 256 -55 256 -62 256 -70 256 -78 250 -154 273 -160 272 -178 266 -112 250 -119 251 -127 251 -137 232 -191 255 -151 226 -207 255 -217 257 -223 257 -230 245 -238 244 -245 255 -251 255 -223 196 -231 195 -292 192 -256 193 -272 192 -328 251 -329 264 -320 244 -327 237 -298 191 -423 128 -431 268 -440 293 -448 293 -456 293 -464 293 -472 293 -480 293 -488 293 -496 293 -504 293
0 119 -8 224 14 185 41 182 32 185 29 182 50 178 44 178 31 184 102 250 96 251 17 181 7 186 20 200 -51 247 -55 243 -48 236 -8 245 -16 242 -24 248 -31 248 -39 248 -47 248 -54 248 -62 242 -116 234 -128 230 -212 121 -219 121 -228 121 -160 233 -120 242 -127 243 -135 243 -143 242 -152 244 -161 241 -168 242 -175 244 -185 241 -188 212 -197 215 -204 212 -213 217 -223 215 -279 237 -284 248 -302 248 -327 249 -326 248 -331 239 -279 199 -321 183 -343 184 -367 183 -436 121 -444 121 -456 269 -461 276 -470 271 -478 262 -487 261 -495 261 -503 261
3 111 -8 111 -16 174 6 214 34 174 25 177 51 171 43 170 33 176 102 242 111 241 103 241 7 178 21 192 -48 240 -55 239 -48 228 -5 204 -16 234 -23 235 -31 234 -38 240 -46 240 -55 240 -62 241 -68 234 -79 231 -88 234 -94 234 -102 235 -113 234 -119 236 -128 234 -136 236 -143 237 -149 208 -161 234 -164 204 -177 236 -183 235 -192 236 -198 236 -205 207 -211 204 -219 204 -229 205 -236 205 -296 228 -316 240 -320 240 -273 176 -304 173 -243 244 -233 241 -241 240 -243 242 -352 175 -389 178 -401 175 -408 174 -395 174 -476 161 -496 111 -502 250
4 237 -8 103 -16 201 -24 161 30 164 25 164 21 162 43 163 33 168 103 234 95 234 103 233 19 167 21 184 -48 225 -55 225 -63 235 -8 200 -17 228 -23 227 -31 228 -39 227 -47 227 -55 227 -63 227 -71 228 -79 227 -87 226 -95 227 -103 228 -111 228 -119 227 -127 226 -135 228 -143 228 -151 194 -156 196 -165 201 -177 194 -181 194 -189 200 -196 196 -207 197 -280 225 -290 249 -359 232 -305 250 -313 248 -322 249 -289 174 -276 184 -216 236 -380 165 -424 252 -432 266 -345 172 -260 232 -281 234 -369 168 -375 162 -416 169 -456 165 -495 103 -503 243
2 228 -8 95 -16 191 -24 157 -1 199 26 158 17 161 42 154 32 161 25 161 119 227 110 227 101 227 -1 162 12 176 4 176 -71 225 -73 225 -14 188 -23 219 -32 220 -39 220 -47 220 -55 219 -63 220 -71 220 -79 220 -87 220 -95 220 -102 220 -113 219 -118 220 -128 220 -135 220 -140 188 -148 190 -157 188 -163 190 -242 241 -246 224 -261 232 -327 223 -336 232 -344 241 -352 261 -360 261 -368 261 -376 261 -384 245 -392 259 -400 243 -408 260 -416 261 -424 261 -432 240 -440 261 -413 179 -280 226 -368 160 -377 160 -401 159 -488 157 -495 95 -503 237
3 221 -3 221 -16 87 -22 186 -32 148 -29 146 16 152 10 156 33 152 24 152 -44 140 5 153 80 217 -69 148 -112 216 5 160 1 151 -40 184 -78 216 -72 203 -30 180 -36 180 -48 212 -57 212 -63 212 -76 193 -75 183 -152 208 -186 148 -231 223 -240 216 -115 180 -127 181 -129 182 -207 208 -215 216 -206 203 -176 153 -304 93 -295 91 -243 154 -328 89 -335 228 -344 237 -352 253 -360 237 -368 253 -376 237 -384 227 -392 253 -400 253 -408 253 -416 253 -424 253 -432 232 -440 253 -414 183 -360 153 -368 152 -377 152 -414 156 -457 150 -496 152 -500 221
2 218 -5 215 -11 212 -24 175 -32 192 -10 145 17 142 13 141 31 144 23 144 15 144 8 144 0 145 -30 144 -99 87 55 209 64 210 -11 160 -48 176 -88 201 -94 201 -102 208 -111 209 -118 208 -122 206 -134 208 -81 160 -212 80 -224 221 -232 229 -207 175 -181 200 -192 200 -128 152 -163 144 -218 208 -219 200 -237 216 -179 154 -256 208 -202 160 -218 159 -277 143 -276 144 -293 143 -358 79 -368 223 -375 223 -384 224 -392 222 -400 229 -408 245 -416 245 -424 245 -432 229 -440 175 -356 144 -361 144 -369 144 -375 139 -401 138 -472 144 -494 213 -504 228
0 211 -8 237 -16 219 -24 219 -32 237 -37 211 -17 168 -26 136 -1 131 20 138 13 136 11 131 2 130 -9 136 -16 138 -24 136 -32 138 39 202 48 202 40 203 51 233 -120 184 -120 201 -117 206 -126 206 -103 169 -83 143 -96 144 -115 152 -122 152 -127 152 -56 217 -132 152 -206 201 -175 169 -177 142 -95 202 -169 144 -179 152 -188 152 -196 152 -204 152 -209 152 -219 152 -352 78 -360 77 -368 73 -375 214 -384 211 -392 216 -400 216 -408 221 -416 221 -422 213 -431 214 -440 220 -445 76 -364 139 -370 135 -435 132 -480 208 -488 236 -496 237 -504 237
0 208 -8 229 -16 229 -24 229 -32 199 -40 63 -47 63 -55 191 -37 156 -40 129 -61 127 -59 125 -16 128 -35 123 -45 124 -100 128 -128 211 -136 212 -137 184 -152 -3 -160 228 -168 227 -79 133 -87 132 -188 195 -200 212 -208 227 -216 208 -224 227 -135 133 -126 123 -211 125 -256 192 -232 125 -272 212 -280 226 -279 184 -201 130 -112 195 -117 193 -184 143 -204 144 -213 144 -208 143 -161 193 -282 128 -364 66 -375 204 -383 199 -387 66 -395 71 -345 127 -331 126 -424 128 -432 207 -438 176 -420 125 -454 201 -464 213 -472 229 -480 229 -488 229 -496 229 -504 229
0 221 -8 221 -16 221 -24 221 -32 220 -40 204 -48 200 -56 221 -64 193 -71 192 -80 221 -88 219 -96 191 -104 219 -105 176 -120 221 -128 199 -136 221 -144 221 -152 220 -160 221 -168 221 -176 200 -184 205 -192 221 -200 221 -208 221 -216 221 -224 221 -232 221 -240 221 -248 220 -256 220 -264 220 -272 221 -280 221 -288 219 -296 193 -270 118 -311 176 -223 125 -130 188 -216 117 -344 218 -352 176 -358 168 -366 55 -376 205 -384 222 -322 120 -273 120 -329 183 -318 184 -340 120 -430 197 -440 221 -448 221 -456 221 -464 221 -472 226 -476 57 -484 57 -492 57 -409 88
0 213 -8 213 -16 213 -23 191 -32 201 -40 214 -48 201 -56 213 -64 213 -72 197 -80 201 -88 197 -96 197 -104 190 -112 213 -120 213 -128 213 -136 213 -144 197 -152 213 -160 213 -168 213 -176 213 -184 192 -192 213 -200 213 -208 213 -216 213 -224 213 -232 213 -240 213 -248 213 -256 213 -264 213 -272 218 -275 49 -288 53 -200 80 15 208 72 111 -50 176 -58 177 -96 160 -74 177 -99 167 -116 165 -127 175 -130 170 -140 166 -146 170 -154 170 -162 170 -170 170 -179 166 -159 185 -167 185 -179 177 -186 176 -193 177 -230 175 -233 171 -227 176 -233 176 -61 176
0 189 -8 189 -16 184 -24 189 -32 180 -40 211 -44 41 -56 45 -48 56 -56 56 16 72 295 103 287 103 280 103 272 103 150 168 142 168 134 168 126 169 118 168 110 168 102 168 94 169 87 168 126 201 -195 41 -204 41 -212 41 -208 56 -228 41 -240 45 71 200 128 103 6 169 -16 169 -35 164 -42 163 -51 164 -59 165 -64 166 -74 159 -69 169 -77 169 -104 155 -111 157 -116 158 -124 163 -132 164 -138 163 -146 163 -155 164 -162 163 -170 163 -178 163 -186 163 -194 163 -202 163 -210 163 -219 163 -228 166 -234 164 -241 164 -239 176 -61 168
251 152 207 134 256 169 249 169 233 161 217 159 208 157 206 157 192 157 182 158 175 158 167 158 166 160 155 155 129 148 125 152 117 154 109 155 102 155 94 155 86 155 78 155 70 155 62 155 54 155 46 155 38 155 32 154 39 165 26 160 16 158 13 161 -14 157 -103 31 -53 33 -21 167 -43 155 -51 156 -59 151 -68 156 -75 155 -82 155 -90 155 -98 155 -106 156 -114 155 -122 155 -130 155 -138 155 -146 155 -154 155 -162 155 -170 155 -178 155 -186 155 -194 155 -202 155 -210 155 -218 155 -226 155 -232 156 -225 167 -235 162 -247 162
246 147 238 147 230 147 222 147 214 147 206 147 198 146 190 145 188 145 182 24 181 164 167 24 340 264 152 147 132 148 126 147 118 147 110 147 102 147 94 147 86 147 78 147 70 147 62 147 54 147 46 147 38 147 30 147 23 147 13 147 -44 25 8 160 8 152 -8 154 -25 146 -35 147 -42 148 -50 147 -58 147 -66 147 -74 147 -82 147 -90 147 -98 147 -106 147 -114 147 -122 148 -131 148 -138 147 -146 147 -154 147 -162 147 -170 147 -178 147 -186 147 -194 147 -202 147 -210 147 -218 147 -227 148 -234 147 -242 147 -251 148 -258 147
254 16 211 16 205 15 197 15 207 17 201 15 196 136 189 140 182 139 199 145 328 80 231 177 175 145 141 140 134 139 126 139 118 139 110 139 102 139 94 139 86 139 78 139 70 139 62 139 54 139 46 139 38 139 29 139 22 139 14 139 8 136 -1 138 -11 140 -18 139 -26 139 -35 139 -42 139 -50 139 -59 140 -67 140 -75 137 -82 139 -90 139 -98 139 -106 139 -114 139 -122 140 -132 140 -138 139 -146 139 -154 139 -162 139 -170 139 -178 140 -184 140 -201 18 -201 16 -224 16 -217 141 -228 140 -218 143 -166 151 -88 289 -345 269
351 297 343 264 370 176 397 198 391 72 311 73 207 7 193 7 124 8 174 134 165 131 159 133 150 132 142 132 133 132 126 131 117 132 108 128 100 132 94 132 86 131 78 131 70 131 62 131 54 131 46 131 38 131 30 131 22 131 14 131 6 131 -2 131 -11 132 -19 132 -26 132 -34 132 -41 134 -48 136 -56 132 -52 134 -76 128 -84 131 -117 9 -123 8 -108 136 -114 132 -124 128 -130 134 -139 132 -144 132 -210 9 -160 6 -196 9 -297 7 -265 263 -311 137 -318 136 -217 120 -218 133 -208 144 -235 133 -240 132 -157 135 -180 248
0 -1 -6 113 13 61 97 120 320 240 217 16 225 16 326 64 368 137 376 129 335 176 166 1 296 193 53 320 138 0 99 1 0 -1 141 -1 294 127 -27 0 64 0 88 1 72 126 47 0 54 125 48 124 37 124 -19 -1 7 0 12 122 -45 0 0 -1 0 -1 -9 126 -16 135 -24 122 -44 119 -80 0 -56 127 -55 33 -75 120 -56 136 -65 129 -87 121 -105 123 -111 125 -124 121 -120 0 -120 129 -147 123 -135 111 -56 256 -93 124 -168 130 -142 256 -152 276 -57 191 -271 -5 -218 -1 -221 36 -233 123 -233 0 -239 33 -255 129
64 55 57 54 51 55 42 60 70 50 137 121 175 121 8 136 -1 137 -10 137 107 329 -26 137 -34 137 18 112 272 248 8 120 128 105 124 119 125 23 211 120 97 118 102 125 210 138 9 313 0 313 -41 245 -48 312 40 105 33 122 24 119 160 128 133 135 207 141 -20 117 -28 117 -33 115 -24 102 100 185 137 121 103 152 83 175 -88 120 -82 -8 -89 24 -129 -7 -118 -8 27 186 -119 103 -143 -9 -173 -8 -202 -8 -72 120 -11 240 -275 247 -245 327 -253 241 -160 248 -72 256 -88 280 -59 281 -101 225 -185 135 -96 182 -174 244
119 51 64 48 118 52 97 51 99 48 87 49 56 67 67 51 -62 -15 -55 -1 -75 -56 -84 -15 -89 -15 24 80 18 81 8 112 129 95 113 105 12 240 216 159 86 108 76 108 80 -17 -55 116 -64 116 -77 103 -17 334 -47 15 30 -16 16 -17 155 173 7 112 1 95 -19 106 -28 109 -83 -15 -162 -16 101 232 28 21 65 279 66 244 -70 1 -81 -16 73 182 32 176 55 41 17 231 24 174 -46 176 -70 143 -72 304 -88 302 -96 233 -13 275 -77 255 -36 256 -51 241 -199 113 -60 272 -225 297 -289 240 -232 304 -365 111 -421 111
392 240 56 108 433 102 296 108 287 136 314 136 289 105 265 312 -3 32 175 -25 376 136 169 -7 290 137 153 151 212 219 134 91 127 112 300 108 225 103 240 104 139 40 88 103 87 96 180 104 189 212 127 104 164 104 102 136 137 103 129 104 83 232 175 177 0 100 -40 96 127 120 102 41 32 108 87 40 81 121 70 218 56 232 56 224 24 104 31 13 -118 89 -102 104 48 34 -118 105 -121 96 -135 104 -145 88 -151 104 -181 89 -154 105 -66 104 -73 103 -61 105 -212 96 -82 40 -107 105 -94 250 -164 232 -119 233 -296 230
381 161 192 224 49 89 414 94 375 144 406 98 400 64 328 147 64 128 21 0 13 0 -72 -16 -80 -17 281 208 270 211 222 160 271 25 304 98 111 1 289 95 282 95 183 60 79 -31 256 97 192 116 177 96 118 96 154 156 148 148 179 174 84 96 164 97 192 94 -13 102 -8 96 -24 92 -25 95 -40 93 -40 96 -49 88 82 40 34 24 76 32 76 96 83 97 77 97 72 100 67 99 32 128 24 128 15 128 -11 101 0 154 -40 158 -38 161 -36 235 -72 224 -58 216 -52 286 -272 220 -227 287 -366 84 -372 88 -444 104
1 99 -7 93 -12 95 -8 23 360 207 311 200 327 238 318 156 196 89 187 89 202 -7 167 89 162 89 284 155 256 280 160 160 268 152 145 159 235 156 244 152 216 148 231 95 205 121 267 92 259 92 175 129 170 148 160 153 176 159 144 152 177 151 147 90 126 117 148 78 177 89 173 80 -38 94 -40 85 -48 85 -56 85 -64 85 -72 85 -81 97 71 27 101 87 58 84 50 82 38 88 34 82 -8 119 -15 119 -23 119 -32 89 -8 155 -63 152 -149 157 -66 196 -68 220 -38 288 -196 212 -280 312 -358 82 -369 52 -444 92
3 -46 -6 -45 -16 -46 58 14 32 15 18 15 16 15 117 80 181 75 174 76 166 75 157 75 150 75 -4 44 144 207 248 80 187 80 265 207 178 80 167 80 158 64 237 130 273 25 201 107 224 104 193 144 185 145 149 150 169 145 168 144 154 142 136 134 160 153 118 114 112 108 168 81 162 72 -46 86 -48 77 -57 77 -64 77 -73 77 -85 86 68 18 74 80 56 80 88 80 36 71 30 78 24 74 8 72 0 72 -32 105 -42 80 -45 79 -32 150 -98 130 -118 127 -62 234 -327 230 -254 256 -358 74 -364 44 -448 80
30 8 24 7 -15 -3 33 3 33 11 -9 7 -20 5 26 8 134 71 109 72 111 41 -60 2 95 40 -9 8 81 75 75 71 122 -56 120 67 121 75 112 72 103 64 212 9 75 78 79 65 237 -1 139 56 156 199 60 183 144 224 165 200 78 56 137 184 158 140 119 104 140 72 135 6 -32 69 -40 69 -48 69 -56 69 -64 69 -72 69 -80 69 -89 69 -96 69 -104 69 40 8 36 8 34 5 32 72 32 73 8 71 2 69 -8 68 -47 104 -56 72 -32 141 -120 135 -57 215 -46 262 -280 200 -222 280 -365 66 -424 60
0 -1 57 -2 0 -1 -23 31 0 -1 -37 -65 -16 31 0 -1 0 -1 26 -4 0 -1 -23 -2 0 -1 0 -1 78 64 55 67 0 -1 42 64 304 177 286 73 236 128 227 128 264 0 252 72 212 122 146 123 180 210 171 210 160 173 195 225 -49 257 139 64 129 65 118 92 142 62 175 56 -38 70 -40 61 -48 61 -56 61 -64 61 -72 61 -80 61 -88 61 -96 61 -104 61 -112 61 -121 73 -128 61 0 1 -8 2 0 0 -8 0 3 63 -15 64 15 16 -62 68 -40 130 -128 130 -124 148 -192 160 -226 270 -366 58 -377 25
21 -11 -3 50 -12 61 -24 -71 -30 -73 -39 -68 11 -9 14 -5 33 -11 103 57 97 60 -54 -11 -66 -9 -1 -1 -15 24 0 -1 82 88 60 57 -79 -8 43 55 31 248 16 184 146 106 172 128 208 214 -38 184 0 296 -92 48 -32 264 152 176 161 248 6 251 144 116 107 96 165 -8 168 57 -32 53 -41 53 -48 53 -56 54 -64 54 -72 54 -80 54 -88 53 -96 53 -104 53 -112 53 -120 53 -129 65 -136 53 -144 53 -153 53 -160 53 -169 53 -4 56 -23 52 0 0 -73 57 -72 122 -87 215 -292 263 -218 264 -366 56 -375 50
4 61 -4 53 -16 -80 -24 -78 -32 14 29 -18 47 -15 138 50 133 50 119 51 39 -21 9 -18 95 50 -36 -15 77 48 -15 -14 -7 0 -17 -17 -26 -16 -57 -17 -98 16 -43 -14 208 65 -56 44 4 180 -69 47 -148 57 -20 48 -160 40 -104 48 -2 31 -48 174 -64 239 172 272 117 187 141 123 161 48 -46 54 -48 45 -56 44 -60 45 -68 45 -74 45 -88 45 -96 45 -104 44 -112 45 -120 45 -128 45 -136 46 -145 45 -152 45 -160 45 -169 45 -176 57 -28 -17 -32 48 -71 78 -75 50 -321 9 -478 -81 -488 51 -269 226 -374 42
5 -87 -8 -88 -16 -25 -24 -23 -32 -88 57 -30 143 40 25 57 128 40 51 -20 36 -29 110 47 -32 33 23 -19 12 -8 -56 38 -47 43 -37 40 -62 41 -32 -8 -38 -24 -40 -28 -110 32 197 137 195 57 -40 232 -149 55 -89 -5 -161 9 -104 38 17 169 -184 40 -127 41 -73 232 -78 232 104 156 81 80 148 42 142 38 -61 46 -65 47 -73 47 -73 40 -93 46 -96 37 -104 37 -112 37 -120 37 -128 37 -136 37 -144 38 -152 38 -160 37 -168 37 -176 37 -184 37 -84 -32 -22 42 -78 40 -339 -6 -478 48 -488 52 -238 166 -239 248
0 -96 45 -37 43 -37 -24 -35 -32 -38 56 -32 143 32 86 -16 59 -29 17 32 49 -33 103 33 -31 37 -24 32 -64 11 -55 27 -47 36 -72 25 -80 24 40 36 40 40 -79 -31 -77 31 -59 14 -131 40 121 64 158 32 104 222 -160 29 -104 30 15 227 -128 -28 -116 -4 -87 224 0 160 104 144 128 104 101 32 141 36 134 34 72 -32 -73 41 92 28 93 -32 96 32 -104 29 -117 38 8 -32 -128 29 -136 29 -144 29 -152 30 -160 29 -169 30 -176 29 -184 29 -192 29 -44 -28 -80 62 -338 32 -478 -97 -488 43 -304 239 -237 240
15 -55 0 -1 22 -48 -24 -44 32 -42 53 -39 78 -38 71 -25 56 -24 52 -24 40 -24 36 -24 24 -24 7 24 12 -24 -40 12 -60 15 -67 28 -24 -44 -70 -43 -160 -104 -114 -39 -115 -43 -155 -45 -129 24 56 6 57 33 32 21 140 24 -17 200 149 135 144 23 12 24 -135 55 -62 264 105 164 108 89 99 87 86 86 96 85 133 -26 60 56 50 58 47 88 47 82 85 27 75 26 8 56 57 25 -142 30 -114 -70 -155 31 -163 31 -168 21 -176 21 -184 21 -192 21 -193 16 -48 21 -338 -24 -396 -40 -488 -104 -494 37 -504 36
32 -47 22 -48 -16 -56 40 -50 38 -48 58 -54 14 8 68 -32 59 -32 -10 20 0 -1 -27 16 32 10 25 1 -46 16 0 -1 0 -1 -51 5 -22 -40 -60 -48 -63 -53 -102 -44 -80 -45 -150 -51 -160 -15 -98 -13 -15 -111 33 16 44 20 158 -50 17 17 15 9 0 -1 -16 8 47 207 41 144 96 159 27 88 51 81 17 14 64 80 79 89 80 84 46 148 -24 88 56 80 18 79 -10 81 -5 80 6 71 51 20 40 18 39 3 -168 13 -176 13 -184 13 -192 13 -200 13 -78 50 -342 -2 -354 -44 -476 -44 -493 23 -504 32
0 -25 -8 -57 -9 -22 49 -59 38 -56 60 -59 16 -14 10 -24 0 -1 6 8 47 -8 -17 7 -16 -5 -24 -4 -48 0 10 -30 0 -1 -69 -1 -9 -48 -57 -58 -80 -56 -121 -65 -111 -54 -119 -56 -122 -58 -131 -56 -133 -64 41 -87 31 15 23 4 0 -1 24 17 -16 7 0 -1 138 216 104 118 39 7 41 7 34 62 84 72 96 88 86 75 58 71 14 135 32 160 39 143 11 120 -48 72 16 71 26 80 -16 36 0 -1 32 8 -174 14 -176 5 -184 5 -32 -53 -6 -2 -81 26 -76 168 -221 218 -401 10 -437 -57 -500 -118
0 -1 -6 -33 51 -65 78 -69 72 -68 62 -70 144 0 0 -1 0 -1 -1 -1 0 -1 40 -48 0 -1 25 -32 -47 -8 -57 0 0 -1 -66 -1 -50 -64 -150 -73 -91 -66 -87 -64 -68 -66 -87 -62 0 -1 0 -1 -138 -64 -154 -69 -97 4 24 -1 0 -1 0 -1 0 -1 0 -1 50 32 40 128 75 67 108 63 0 -1 17 0 1 -17 89 65 33 65 32 127 32 109 -33 -1 -42 0 0 -1 0 -1 1 -1 0 -1 36 2 8 -64 -8 -64 -4 -2 7 -1 0 -1 -5 -6 -208 -3 -64 -63 -144 0 -168 121 -240 209 -376 -17
0 -2 -3 -137 53 -76 70 -72 67 -75 55 -73 47 -72 36 -44 0 -1 25 -8 1 -23 39 -55 -32 1 -35 -11 15 -56 -58 0 5 -40 -61 -37 -23 -68 -29 -69 -39 -68 -46 -68 -48 -71 10 -6 -94 -76 -9 -8 -145 -68 -150 -71 -156 -72 -7 -7 190 0 1 -1 -18 -15 -20 -12 -9 -9 108 138 0 121 96 57 112 76 104 57 77 -7 57 0 70 56 -17 55 16 38 50 56 47 64 36 73 0 -8 -5 25 0 45 2 40 21 -72 16 -7 10 -6 -2 -72 -59 22 -16 -72 -208 -11 -216 -17 -222 -7 -225 -16 -114 9 -112 116
0 -2 -8 -46 14 -81 44 -84 33 -77 31 -82 51 -85 134 -15 0 -10 56 -64 112 -16 39 -64 91 -13 25 -72 80 -15 6 -65 -66 -17 -39 -47 -16 -22 -81 -18 -79 -31 -87 -16 -102 -33 -120 -24 -120 -47 -131 -17 -88 -78 -152 -80 -155 -86 -160 -84 -49 -11 -187 -7 200 1 -9 -144 -52 -143 -17 -16 -23 -17 85 0 81 -15 8 -16 58 45 72 -16 56 -12 72 47 44 116 -33 -19 10 36 25 -16 0 -1 10 -18 -16 14 -24 18 -32 15 -41 9 -48 15 -58 -8 -34 44 -75 16 -206 -6 -228 -22 -235 -21 -242 -22 -237 -14 -240 -15
0 -1 -8 -57 3 -101 39 -90 35 -90 40 -88 23 -92 40 -86 46 -88 106 -24 44 -88 47 -79 0 -87 20 -72 83 -20 71 -20 -3 -72 -32 -87 -72 -39 -87 -31 -96 -31 -42 -24 -98 -26 -53 -37 -121 -25 -73 -70 -152 -25 -112 -33 -105 -87 -167 -85 -144 -89 -153 -91 -191 -19 118 88 167 -25 -24 -28 -32 -27 9 -119 -40 -28 71 -9 79 104 70 41 48 20 36 -8 56 39 14 16 16 -24 42 39 72 -23 -12 -8 -17 -9 -40 8 -43 8 -37 4 -46 8 -29 -29 -66 -8 -39 41 -208 -39 -229 -33 -234 -29 -243 -28 -250 -28 -257 -28
0 -1 -7 -161 15 -64 41 -97 26 -101 19 -101 21 -100 41 -97 39 -89 -72 -24 -80 2 -88 -25 -91 -40 -7 -92 -17 -96 65 -29 -8 -96 -15 -96 -66 -28 -56 -32 -29 -72 -104 -39 -110 -24 -54 -63 -118 -32 -73 -81 -140 -26 -150 -23 -93 -80 -114 -98 -145 -97 -157 -94 -161 -96 -209 -24 152 0 158 -24 160 80 -40 -34 -48 -22 114 -90 69 79 18 68 -144 96 56 28 40 -32 25 -32 29 -33 10 -24 0 -1 24 0 52 -32 28 -30 20 -100 -38 1 -43 -28 -27 31 -53 32 -55 28 -207 -22 -230 -39 -234 -36 -356 -192 -296 -158 -379 -160
0 0 -4 -168 32 -121 57 -110 30 -108 -23 -47 17 -107 -23 -54 -60 -167 -72 2 -80 -3 -88 -3 -96 -3 -104 4 207 -8 154 -144 123 -169 35 -172 104 -46 89 -57 185 -40 -88 -36 -48 -89 -106 -43 -63 -88 -68 -99 -16 -37 -85 -95 -159 -32 -97 -96 -145 -105 -183 -105 -224 -106 -199 -108 -176 -103 -184 -40 -44 45 -104 184 -51 -32 -40 -136 132 -36 56 24 -18 150 -24 87 45 -5 92 -36 69 -104 1 -1 0 -7 0 -40 -16 -10 34 -41 3 -37 -38 -38 -57 154 -117 72 -64 -106 -92 -40 -208 -41 -210 -40 -158 -32 -368 -103 -496 -163 -500 -167
65 -82 53 -113 57 -113 37 -114 34 -112 23 -113 48 -48 262 74 206 -47 198 -48 242 -16 183 -48 147 -50 142 -51 161 -40 151 -48 130 -46 119 -176 293 -49 -152 -11 -65 -64 151 143 144 142 90 144 129 161 57 110 66 143 58 144 -15 80 88 160 34 142 5 112 64 144 55 81 80 98 106 98 87 80 81 63 102 93 94 94 81 88 -6 23 50 61 1 -1 44 34 22 15 44 20 34 26 0 -48 -8 -37 -16 -48 -22 -44 -32 -20 -38 -49 -305 -57 -117 55 -206 -55 -210 -53 -204 -47 -233 -57 -233 -50 -244 -58 -299 -175 -379 -176
319 65 312 65 304 65 296 66 322 89 385 141 161 171 294 52 61 -184 129 -183 164 -62 298 7 288 106 280 103 239 55 137 -59 114 -63 127 -61 292 -117 -152 -19 -160 -19 79 -65 252 139 245 139 235 137 153 88 161 89 214 136 159 101 146 100 140 100 97 40 130 88 120 82 100 75 100 92 97 87 91 89 86 69 73 64 62 59 56 53 0 1 7 -8 63 9 51 8 48 11 8 -56 15 -49 4 -54 -2 -49 -10 -57 -27 -23 -40 -36 -197 -7 -89 9 -206 -63 -210 -61 -216 -60 -216 -58 -44 -56 -356 -57 -376 -118 -504 -178
384 68 368 60 376 88 360 59 361 67 347 47 223 -64 321 59 321 47 316 67 317 -79 319 145 191 33 89 73 208 40 127 -71 128 -66 111 -69 292 -119 -144 -241 163 -162 89 -80 172 64 194 95 256 161 248 162 144 47 136 30 160 63 152 78 108 64 152 96 101 33 123 82 124 62 115 68 90 44 106 73 78 44 88 68 80 64 5 -1 0 -1 54 16 -10 0 -22 0 -18 0 8 0 0 -1 11 -1 -16 0 4 0 -3 -3 -40 -124 -9 -128 -18 -66 -206 -72 -210 -69 -217 -68 -234 -73 -236 -73 -244 -74 -250 -70 -249 -193
383 60 366 55 368 48 368 52 347 35 296 -17 171 -200 80 -215 182 -77 174 -78 165 -75 112 54 155 119 105 168 160 63 124 -79 118 -77 109 -76 122 -73 174 -103 -159 -64 -168 -52 -176 -35 -184 -35 -192 -36 -200 -52 -208 -39 162 80 96 55 139 71 128 47 129 38 128 47 119 47 108 39 -6 -8 26 0 103 56 18 -1 25 -20 20 -20 8 -19 58 -7 52 -7 41 -7 18 -4 -24 1 22 58 -48 -19 -61 -9 -50 -24 8 -7 0 -1 24 -71 -176 -76 -184 -74 -204 -78 -210 -77 -218 -77 -208 -65 -222 -71 -177 63 -370 -135 -488 -185
384 48 376 44 366 43 355 -50 224 -81 216 -78 208 -78 188 -84 180 -84 174 -85 191 -80 297 -145 223 -48 19 -48 -64 -85 124 -84 118 -85 110 -85 99 -208 -62 -192 -160 -202 -164 -207 -167 -256 -184 -43 -192 -42 -200 -41 -208 -43 120 16 189 127 184 120 192 122 146 84 128 80 123 64 112 44 100 42 96 44 84 32 74 28 92 66 56 32 57 39 44 41 37 39 32 42 24 45 9 28 22 56 16 48 -44 -34 0 9 6 -8 -32 -80 -40 -145 -177 -88 -202 -89 -204 -88 -210 -85 -219 -85 -221 -85 -233 -81 -249 -208 -241 -208 -108 -22
384 31 384 44 360 20 320 -36 366 -26 408 -152 205 -216 165 -217 86 -224 174 -92 170 -90 159 -92 152 -94 143 -95 228 -86 137 -107 118 -93 110 -93 99 -215 5 39 -159 -79 -168 -80 -171 -86 -184 -72 -192 -69 -198 -217 113 33 68 9 112 23 100 4 144 76 164 110 160 110 104 31 114 58 104 40 94 38 66 39 80 72 101 100 128 152 91 103 16 24 24 24 0 36 26 58 16 21 20 42 -70 -21 8 -18 -20 -25 8 -24 -4 -28 -8 -86 -68 -88 -143 -87 -192 -105 -211 -92 -218 -93 -208 -77 -222 -92 -100 -54 -117 71 -380 -101
384 27 376 30 376 31 376 44 241 -31 360 -28 336 -36 343 -89 388 -148 367 -96 141 -224 157 -103 44 -236 141 -103 135 -104 4 -140 121 -225 111 -225 13 32 86 -112 86 -102 78 -102 92 -94 16 32 -192 -70 -200 -59 -208 -61 39 98 64 31 55 0 48 0 176 110 120 64 147 95 83 17 0 -1 32 16 -8 -3 48 42 2 2 0 -4 72 95 80 104 50 68 2 28 24 35 17 13 -58 -95 0 -96 -11 -79 -19 -79 -27 -80 -36 -80 -304 -157 -295 -160 -301 -160 -80 32 -211 -101 -218 -101 -195 -225 -88 -36 -109 63 -396 -111 -442 -78
381 15 369 27 356 30 344 8 336 20 344 33 331 7 339 25 288 -40 309 -105 333 -182 157 -109 343 -105 152 -200 134 -109 128 -110 257 -87 -135 -92 -49 -104 93 -111 82 -232 65 -233 70 -109 72 -232 -192 -67 -200 -62 -114 -72 106 88 96 -10 56 -10 80 16 39 -10 32 -8 69 -5 -10 24 22 40 -8 24 -8 -6 -18 -8 -29 -8 -32 24 21 23 80 88 77 88 0 20 23 37 8 6 19 -40 14 -48 49 -105 -133 -199 -149 -233 -110 -200 -161 -112 -46 -72 -60 4 -81 -58 -213 -109 -218 -109 -208 -94 -211 -103 -218 -104 -112 -169 -143 -104
352 13 340 -24 316 9 384 80 353 47 347 32 263 -112 369 -175 192 -113 186 -114 176 -119 158 -117 151 -125 152 -128 134 -117 126 -117 118 -117 110 -117 130 -103 93 -116 275 -102 262 -97 70 -117 83 -114 79 -112 46 -116 35 -238 73 -15 96 16 56 -18 43 -16 96 47 35 -16 8 20 -3 16 -3 15 -32 24 -40 24 -18 -16 -28 -15 -32 -16 20 8 62 81 72 82 26 26 8 -2 1 -1 11 10 0 -1 0 -114 -144 -113 -151 -111 -154 -121 -173 -106 -95 -127 -87 48 -61 3 -215 -112 -218 -117 -221 -115 -224 -116 -230 -240 -110 -48 -349 15
400 68 392 72 272 -24 308 -28 384 79 312 -8 360 28 383 8 193 -215 182 -248 174 -249 105 -248 149 -123 142 -125 134 -125 126 -125 118 -125 110 -125 102 -125 94 -125 113 -111 89 -118 70 -125 62 -125 -25 -252 56 -248 186 -56 228 105 52 -7 -40 72 16 104 -60 8 -64 8 -72 41 -25 40 8 40 -32 15 -34 10 -31 8 -16 8 0 -17 58 43 0 -24 64 83 0 4 -14 -32 0 -4 0 -1 0 -1 -112 -47 -4 -56 -155 -248 -168 -127 -166 -119 -7 -184 -48 4 -128 -89 -212 -125 -218 -125 -249 -281 -30 -91 -332 73 -356 -156 -300 -117
416 64 408 64 277 -36 292 -29 258 -32 374 74 345 -4 328 -18 256 -58 296 -64 326 -47 292 -95 347 -126 335 -128 336 -128 137 -223 128 -224 123 -223 110 -255 68 -255 61 -256 53 -257 79 -256 71 -223 203 -65 153 -50 -17 0 55 81 0 32 40 32 -18 16 -8 32 -6 0 -16 0 0 -1 -9 1 -16 0 112 96 16 -31 -25 -31 0 -9 72 58 -53 -33 24 36 1 -1 -8 -33 16 16 16 18 0 -1 -3 -4 0 -2 -11 -47 -1 -69 -33 -97 14 -192 -2 -128 -11 -129 -191 -223 -244 -255 -216 -256 -116 -128 -170 -96 -374 -96 -381 -96
354 8 417 53 279 -43 384 64 320 -10 339 -1 329 -25 324 -24 341 4 328 2 203 -63 303 -69 300 -71 292 -72 283 -73 264 -70 270 -73 256 -74 251 -72 242 -72 235 -72 211 -68 230 6 169 -26 92 -43 -8 -8 56 24 40 24 40 -8 24 -8 24 -8 -6 -6 0 -1 4 -5 -8 -9 -8 -12 52 26 -26 -8 -32 -12 0 8 -38 -36 -8 -16 -16 -28 -12 -44 64 64 -8 -8 28 24 0 -1 0 -16 -6 -15 -1 -4 -66 -82 -16 -71 -45 -73 -16 -76 -24 -60 -68 -103 -16 -200 -21 -134 -34 -134 -96 -106 -99 -104 -112 -128 -89 -74
416 42 339 -60 400 64 392 56 389 48 316 -31 400 90 328 -16 320 -3 296 -31 305 -4 290 -8 274 -33 273 -25 272 -16 262 -22 246 -15 236 -15 240 -16 211 -16 240 15 248 52 180 11 222 79 64 -5 0 -1 16 16 48 15 32 30 -6 0 24 -18 8 15 7 -16 -81 49 -16 16 -33 -15 -32 -10 -32 -16 -28 -16 -38 -16 -32 -46 -8 -24 28 32 -57 -49 64 56 58 54 64 56 -19 -49 0 -1 -9 -23 -15 -24 -7 -5 -101 -71 -31 -76 -32 -80 -64 -80 -32 -82 -42 -68 -68 -145 -73 -139 -83 -137 -76 -64 -87 -85 -88 -84
357 -35 352 -64 402 52 408 40 389 49 374 46 384 42 344 32 344 50 340 40 312 6 265 -27 256 -24 328 48 272 0 234 -26 248 8 296 49 267 39 134 -58 136 -56 119 -57 128 -24 88 -26 0 -1 20 -4 16 -6 40 8 0 -4 -32 29 16 73 8 -8 0 22 -40 10 -14 -24 -23 40 -24 -28 -47 -24 -40 -24 -48 -24 40 23 -40 -52 -16 -48 -48 -59 64 47 40 35 10 7 44 46 -32 -26 -18 -24 -15 -32 -18 -16 -37 -41 -20 -13 -98 -90 -89 -104 -48 -86 -50 -89 -50 -88 -60 -92 -66 -88 -72 -90 -86 -88 -128 -88
354 -65 380 -16 333 -39 329 -47 360 0 374 32 361 40 376 35 272 -58 346 42 328 36 245 -64 312 24 326 34 316 32 216 -65 290 31 264 32 268 40 135 -65 144 -31 118 -64 96 -31 72 -32 56 -32 56 0 17 0 -24 32 0 -15 56 2 -16 -20 24 -16 -10 -32 -8 6 -16 -17 -32 -32 -33 -32 -44 -32 -40 -28 -56 -28 -48 -29 -144 -24 -23 -41 -32 -59 -32 -62 -57 -35 47 38 2 -2 0 0 -40 -34 -16 -18 -24 -32 -31 -40 -47 -52 -52 -52 -41 -31 -112 -101 -105 -111 -66 -80 -88 -96 -72 -94 -99 -96 -102 -96 -102 -92
368 -48 370 -37 368 -14 392 22 393 28 391 33 368 24 376 26 228 -75 225 -73 208 -72 200 -72 320 32 310 23 224 -73 170 -76 208 -71 184 -64 148 -72 160 -61 160 -47 235 73 164 -9 72 -42 70 -40 24 -40 15 -8 8 -12 0 -1 24 -8 -20 -25 8 -26 0 -38 8 -8 -9 -40 -8 -59 -26 -40 -26 -42 -33 -43 -40 -42 19 -8 -12 -63 8 -12 -44 -44 -32 -74 -70 -75 42 22 24 23 32 31 -44 -74 -32 -54 -32 -50 -32 -44 -39 -49 -56 -60 -56 -59 -47 -32 -128 -95 -130 -106 -128 -108 -144 -104 -141 -121 -152 -116 -166 -116
388 -32 372 -32 416 16 422 57 322 -60 383 11 368 22 336 -7 352 26 225 -83 205 -82 232 -80 320 24 306 24 178 -82 200 -64 280 16 198 -84 176 -82 138 -80 128 -80 106 -46 91 -50 80 -47 74 -48 -8 -24 30 4 -18 7 24 16 24 17 10 -50 0 -47 16 0 -7 -14 -18 -39 -16 -44 -32 -38 -24 -48 -32 -32 -52 -48 -48 -44 -60 -48 -64 -51 -60 -47 -68 -80 -72 -80 -52 -80 -42 -84 48 23 32 20 -16 -32 -20 -32 -34 -40 -50 -48 -48 -52 -56 -56 -64 -67 -72 -68 -80 -68 -72 -50 -144 -114 -157 -117 -158 -123 -102 -42
376 -56 384 -32 407 8 403 8 320 -60 376 16 350 8 264 -88 232 -89 226 -88 208 -89 200 -86 224 -88 182 -88 43 -52 169 -88 192 -68 147 -88 142 -88 39 -63 112 -56 104 -56 96 -56 72 -56 64 -54 -40 0 12 -26 6 -24 -1 -25 23 -24 16 -56 -46 13 0 -28 -40 -24 -16 -57 -24 -56 -32 -38 -31 -54 -57 -56 -48 -56 -52 -56 -56 -72 -72 -56 -72 -53 -12 -24 -73 -85 -80 -88 -42 -92 32 16 16 0 18 0 24 8 -64 -57 -56 -72 -60 -57 -56 -64 -72 -56 -64 -47 -88 -77 -76 -54 -80 -48 -88 -55 -98 -56 -104 -48
388 -49 382 -42 337 -73 404 6 386 14 252 -98 252 -68 216 -64 208 -64 269 -32 190 -62 184 -62 188 -64 184 -96 208 -64 194 -92 188 -95 184 -96 144 -56 121 -65 119 -64 78 -52 87 -64 68 -60 62 -65 48 -65 48 16 41 -32 32 -65 15 -20 16 -63 8 31 0 -30 -2 -64 -17 -27 8 -16 -38 -64 -48 -64 -32 -80 -48 -62 -68 -54 -70 -64 -64 -62 -79 -64 8 -16 -24 -32 -32 -91 -45 -98 -64 -101 20 8 16 7 8 -2 20 6 -70 -66 -65 -79 -86 -96 -64 -63 -72 -68 -86 -85 -98 -84 -101 -85 -106 -84 -98 -64 -108 -58
388 -57 409 -38 340 -80 400 -12 368 -9 248 -105 236 -104 296 -9 222 -104 216 -100 192 -71 320 23 304 25 164 -74 174 -102 176 -104 280 26 128 -70 122 -72 193 -40 92 -68 96 -72 134 -40 64 -72 64 -32 24 -8 48 -41 8 -32 32 -8 20 -66 32 -8 -88 -48 0 -72 24 -40 -18 -63 -16 -77 -16 -76 -36 -70 -39 -71 30 -42 -46 -72 -64 -72 -68 -73 -88 -64 -80 -69 -40 -98 -48 -106 -60 -101 -64 -106 -59 -108 -80 -106 -74 -107 0 0 -49 -58 -78 -74 -88 -104 -64 -57 -72 -75 -84 -88 -85 -79 -93 -79 -94 -69 -115 -93 -110 -68
388 -80 370 -82 384 -48 400 -17 352 -46 244 -112 272 -106 240 -80 256 -88 247 -55 208 -112 186 -82 223 -109 184 -112 175 -112 168 -112 140 -81 128 -80 128 -77 94 -81 112 -48 100 -64 48 -64 73 -79 -20 0 48 16 16 -60 8 -63 32 -47 -40 -16 -80 -2 -23 -65 -33 -49 -38 -60 0 -64 -16 -78 -24 -80 0 -107 -32 -78 -48 -76 -56 -81 -64 -81 -63 -80 -78 -78 -68 -109 18 -4 -80 -110 -88 -109 -64 -100 -72 -112 -80 -87 -75 -107 -6 -16 -8 -8 -16 -9 -72 -80 -64 -64 -78 -88 -80 -85 -80 -79 -101 -97 -92 -79 -100 -80 -121 -100
388 -86 397 -72 372 -69 332 -116 320 -92 292 -95 282 -124 280 -120 256 -117 214 -120 256 -114 215 -92 190 -119 182 -116 160 -88 136 -96 123 -88 120 -88 112 -88 128 -73 64 -75 80 -82 80 -32 34 -46 73 -8 66 -7 63 -10 57 -8 47 -8 24 -40 -16 -56 -24 -57 0 -86 8 -58 -20 -86 -16 -89 -13 -86 -20 -78 -31 -88 -120 -97 -53 -88 -68 -86 -64 -86 -76 -88 -96 -78 -88 -86 -96 -84 -104 -87 -112 -86 -104 -120 -80 -120 -89 -95 -128 -120 -138 -120 0 -14 -88 -120 -76 -80 -89 -96 -80 -80 -82 -84 -84 -88 -89 -83 -98 -83 -108 -86
338 -168 324 -165 377 -95 339 -103 356 -63 400 -32 288 -128 266 -104 226 -97 198 -96 324 0 228 -125 174 -96 199 -95 290 14 136 -96 128 -97 118 -97 112 -90 95 -96 93 -64 35 -25 48 -61 40 -63 56 -39 67 -16 58 -16 -8 -56 48 -16 -8 -79 -16 -80 -56 -33 -64 -96 -40 -96 -32 -56 -18 -97 -24 -95 -40 -96 -40 -96 -40 -91 -52 -92 -72 -64 -72 -96 -152 -97 -80 -64 -88 -90 -112 -96 -111 -97 -80 -96 -72 -80 -112 -128 -123 -126 -96 -105 -105 -103 -112 -114 -73 -88 -80 -96 -84 -98 -76 -96 -94 -116 -97 -107 -89 -98 -182 -154 -105 -99
336 -168 392 -168 388 -84 364 -87 323 -111 391 -31 368 -28 344 -39 256 -136 216 -136 235 -136 202 -136 195 -136 216 -136 178 -104 147 -105 140 -102 123 -104 120 -104 72 -71 98 -72 47 -63 45 -64 63 -44 74 -24 67 -25 64 -24 56 -24 -32 -41 -40 -40 -16 -74 -24 -60 -32 -40 -8 -40 -48 -87 -83 -50 -32 -104 -24 -104 -48 -95 -56 -104 -64 -96 -66 -105 -80 -104 -120 -89 -97 -73 -104 -104 -111 -71 -120 -101 -112 -104 -109 -133 -130 -104 -92 -140 -127 -136 -104 -133 -101 -140 -16 -40 -108 -136 -72 -97 -82 -112 -87 -111 -81 -99 -174 -160 -178 -162 -191 -164
415 -175 327 -244 362 -133 352 -114 336 -113 310 -113 384 -43 276 -119 256 -148 261 -147 238 -132 232 -140 202 -146 216 -137 160 -110 145 -111 144 -112 118 -103 112 -12 86 -69 64 -82 96 -33 95 -33 67 -51 75 -32 51 -51 43 -51 48 -34 43 -32 16 -54 9 -55 19 -31 0 -50 -42 -74 -48 -74 -55 -81 -97 -48 -106 -80 -48 -80 -120 -50 -96 -98 -72 -56 -112 -95 -82 -34 -143 -96 -118 -64 -112 -110 -112 -112 -80 -112 -72 -140 -80 -144 -135 -115 -96 -147 -10 -46 -97 -149 -26 -52 -96 -113 -72 -117 -80 -120 -95 -132 -81 -106 -89 -107 -96 -115 -190 -172
384 -248 378 -188 298 -180 367 -125 342 -122 347 -104 336 -104 296 -121 346 -46 261 -151 208 -152 202 -156 224 -155 184 -154 170 -148 176 -120 144 -122 120 -102 124 -108 56 -103 56 -88 99 -40 90 -40 64 -63 55 -60 51 -59 39 -60 31 -60 27 -59 16 -62 11 -59 3 -59 15 -40 -9 -57 -18 -56 -12 -40 -16 -42 -99 -52 -48 -104 -56 -24 -100 -104 -120 -104 -80 -56 -72 -40 -132 -88 -104 -120 -112 -121 -120 -118 -66 -143 -72 -144 -80 -148 -87 -127 -104 -146 -90 -154 -20 -48 -24 -58 -96 -128 -72 -124 -78 -128 -89 -138 -102 -141 -88 -115 -160 -188 -152 -200
