125 189 109 192 83 184 44 112 11 97 120 96 79 96 -56 87 -63 95 -70 89 -80 64 27 188 28 190 20 189 13 189 -7 187 -7 189 7 192 -21 189 -35 188 -26 192 -35 193 -110 96 -120 112 -50 192 -64 192 -65 192 -80 192 -80 192 -167 96 -174 98 -184 127
129 185 109 180 111 182 94 180 104 184 96 185 -23 95 15 104 135 55 57 47 -16 88 -25 119 50 185 -104 57 13 87 9 89 -3 181 -23 179 -12 184 -27 181 -35 182 -44 181 -50 184 -48 186 -73 180 -101 185 -127 199 -115 184 -118 179 -127 185 -47 215 -143 187
64 111 133 175 99 170 109 177 101 176 93 176 92 177 16 96 -60 72 -67 73 -79 74 -52 87 -25 96 36 176 -45 95 18 175 -3 173 -11 173 -18 173 -28 177 -41 172 -48 174 -58 172 -53 176 -124 96 -63 177 -86 173 -102 172 -114 176 -105 175 -122 172 -138 171
127 166 106 163 109 165 111 169 29 89 104 169 19 88 6 75 2 72 -6 72 -11 88 -19 88 -27 88 23 71 -109 71 -47 88 16 169 31 72 0 169 -38 164 -34 165 -25 168 -53 166 -61 165 -47 169 -69 72 -137 88 -92 164 -101 166 -130 162 -123 168 -154 176
63 65 -8 52 48 64 -23 64 -31 -4 168 32 -48 32 101 65 1 64 -7 40 43 35 32 98 -13 32 20 64 -47 80 -56 80 15 57 -4 91 -81 66 -8 161 -35 158 -40 158 -47 160 -44 160 13 155 8 47 -207 64 -72 161 -224 33 -176 80 -102 162 -138 156
64 58 58 56 47 57 42 56 92 56 151 34 25 24 -30 8 65 24 -10 24 48 56 -43 56 -93 43 -104 23 -27 23 -83 61 23 57 -136 8 -23 55 -26 57 -95 -40 -108 72 -51 149 -53 152 -126 57 -200 8 -51 56 -74 48 -224 9 -168 41 -174 77 -130 148
143 75 200 15 181 17 59 15 53 17 43 17 76 80 43 15 73 32 -9 16 80 16 -2 16 -65 40 -42 48 -47 79 -117 1 -33 0 -1 24 -97 21 -71 16 -95 14 -43 48 -152 -16 -118 49 -59 49 -130 65 -15 16 -87 48 -160 48 -200 -16 -207 48 -184 16
124 40 -7 -23 -15 -23 97 39 96 70 150 40 70 16 9 6 -31 31 61 68 2 10 78 8 36 66 57 35 -30 8 42 12 -63 7 -47 8 -17 102 -8 22 -112 -8 -69 -24 -54 40 -120 40 7 13 -69 37 -2 20 -85 68 -81 32 -40 8 -127 8 -120 72
36 40 21 33 192 -2 171 0 168 1 21 0 16 0 59 9 17 0 -47 -33 45 32 105 0 -15 -8 11 9 -82 -32 -57 15 -62 17 -9 9 -43 -32 -5 7 4 -2 -26 14 -32 16 -105 0 -113 -1 -118 0 -78 33 -153 36 -180 34 -39 20 -169 0 -218 0
62 27 58 24 49 24 100 24 48 -7 38 -11 79 54 72 24 59 24 59 57 -1 -13 -58 24 -15 -8 -19 -25 49 -8 4 25 -60 -10 -13 8 -100 -8 -137 -26 -79 -8 -87 -9 -56 56 -50 -8 -128 -8 -120 -8 -80 54 -151 26 -199 31 -168 8 -114 -8 -121 -8
63 18 63 32 -14 16 167 -2 129 -13 -38 -48 89 43 68 16 -1 1 111 -17 47 16 45 16 96 0 -23 -17 -78 -40 -18 -48 -28 -11 -7 -1 -88 -15 -17 1 -36 17 -48 12 -54 0 8 6 -73 49 -67 43 1 -16 -83 16 -220 8 -232 6 -115 109 -105 112
70 24 57 8 -11 -59 169 -10 -31 -3 151 -9 76 4 25 -31 54 40 -9 -25 8 -32 -23 8 37 9 -39 8 -63 9 9 39 8 36 30 -24 27 -23 -88 -31 -65 -55 -46 38 -129 -47 -57 68 -97 -24 -134 -8 -76 -25 -23 39 -31 40 -39 40 -45 40 -57 105
144 97 56 0 47 1 100 0 31 2 84 0 17 -40 109 -32 137 -31 -11 -31 -14 -16 44 -48 60 57 -8 -48 -29 -33 -119 -32 -63 3 -69 15 -71 21 -143 -5 5 -32 -31 -23 -48 24 -13 -32 -124 -40 -64 28 -51 0 -93 93 -224 -32 -232 -96 -40 -33 -186 4
127 -9 125 -9 48 -8 3 1 31 -7 26 -9 88 -13 80 -14 0 -8 25 55 113 23 -59 -72 -56 -71 64 -41 27 -55 -54 -24 -33 -39 -10 56 -89 -71 41 23 33 24 14 48 -52 54 -87 -57 -128 -40 -168 -59 -81 -30 -89 -39 -82 88 -174 -92 -112 -10 -119 -24
11 -81 0 -40 119 80 110 80 57 80 -39 -24 49 72 51 81 -9 -15 70 -64 47 16 40 16 32 16 -8 -64 -65 -48 73 16 64 48 56 16 49 17 -33 17 27 -19 -49 17 -41 5 -181 -24 -186 -94 -13 -20 -152 -16 -169 -16 -44 -20 -111 -56 -121 17 -53 77
127 72 88 -120 110 71 100 70 89 69 83 72 144 -60 77 98 1 -7 -72 -56 -17 5 24 -40 44 -52 -4 -28 25 -72 -19 -53 31 -58 -5 -1 -135 -92 -152 -32 -91 -8 -100 -8 -110 -8 -41 72 -51 73 -56 72 -74 72 -96 67 -81 -31 -126 67 -123 68 -148 72
97 58 192 -64 130 65 41 -95 159 -53 168 -64 146 0 73 0 63 -32 58 -64 51 -31 -88 -52 -53 -81 62 21 -65 -83 45 -65 0 -32 -136 -96 -14 0 -26 -32 -99 -96 -41 -33 -152 -20 -132 -96 -138 -96 -74 32 -79 -29 -161 -96 -32 96 -114 62 -153 81 -115 68
137 56 126 60 44 -24 101 -71 65 48 131 -64 -47 -104 -24 -40 63 -65 32 -68 39 -82 -72 -72 62 16 -60 -64 0 -60 -9 -68 0 -8 -9 -72 22 -72 -84 -25 -160 -40 -119 -40 -48 54 -43 56 1 87 -11 56 -79 7 -23 57 -97 54 -111 53 -126 52 -56 -73
112 47 132 49 168 -51 92 47 144 -144 151 -48 -19 -48 136 -81 -29 -49 57 -48 68 0 70 -82 64 -82 28 -20 21 -81 71 8 -126 -55 8 48 -77 -47 -152 -144 -16 50 -46 45 -51 45 -61 45 -68 45 -71 64 -81 50 -120 48 -89 48 -40 -64 -116 44 -119 47
94 54 87 60 85 55 80 56 50 57 56 48 56 40 104 -56 35 -119 40 -56 48 -104 68 0 41 -69 16 -88 -18 -103 6 -24 1 -29 25 -53 49 -88 -100 -120 0 -1 -2 -1 -12 -1 -20 -1 -16 -1 -16 -3 -24 -4 -21 -24 -95 39 -103 39 -111 39 -141 37
101 47 92 52 100 33 75 33 95 30 48 32 36 52 25 -92 119 -9 121 -9 78 -8 41 -40 17 -96 59 -1 -66 -88 -89 -65 -33 -96 -3 -112 44 -9 14 -8 20 -9 12 -9 3 -7 -3 -9 -15 -9 -23 -12 -31 -6 -184 -49 -100 29 -119 28 -126 28 -127 29
80 41 74 42 81 45 116 24 81 24 57 45 58 19 8 -86 96 -14 29 -41 108 -16 -8 -112 5 -135 -38 -113 13 -120 56 -8 6 -104 48 -20 46 -11 14 -18 16 -20 -3 -12 -13 -8 8 -39 3 -4 -7 -39 -8 -8 -22 -41 -96 -72 -231 -168 -113 22 -109 24
104 32 80 34 87 16 79 16 92 -112 74 16 80 -176 87 -119 80 -112 72 -97 31 -47 40 -112 61 -23 55 -16 31 -112 24 -103 72 -18 -5 -131 39 -27 -25 -64 -65 -127 -32 -112 -120 -128 -121 -112 -14 -23 -45 -15 -24 -83 -49 -16 -128 -87 -169 -49 -111 16 -146 13
112 24 91 28 65 25 64 24 69 9 28 -105 146 -56 81 -137 65 -137 104 -121 -32 -136 103 -88 104 -128 23 -120 -47 -128 52 -31 36 -31 30 -32 30 -32 -8 -122 -2 -120 -103 -64 -81 -135 23 -56 -37 -122 -5 -56 -146 -120 -72 -111 -31 -56 -104 7 -134 11 -141 4
118 16 87 12 86 1 167 -96 11 -94 -36 -104 21 -113 -8 -144 93 -32 -40 -145 48 -70 45 1 33 0 28 0 26 0 106 33 -2 -136 57 -63 -9 -112 -37 -89 -10 -32 -33 -120 -115 -136 -87 -144 -129 -64 -197 -108 -65 -69 -27 0 -132 0 -125 -3 -96 1 -152 0
100 -8 125 -9 112 -9 92 -11 71 -8 -40 -136 95 -135 79 -135 31 -135 57 -120 48 -7 1 9 -12 9 8 8 -27 11 -16 -8 -23 -7 -29 -7 -81 -116 16 -135 27 -108 25 -72 -131 -104 -51 -77 -190 -137 -65 -8 -103 -7 -115 -7 -123 -9 -232 -136 -111 -104 -192 -168
129 -13 92 -16 84 -16 79 -17 69 -16 120 -147 11 -119 -19 -159 92 -140 58 -89 20 0 13 -5 3 -1 0 0 0 0 0 0 -28 -16 -136 -208 49 -16 -56 -16 -160 -145 -167 -113 -111 -113 -21 -145 -145 -111 -56 -16 -79 -15 -113 -18 -97 -16 -43 -79 -97 -128 -119 -81
193 -88 101 -26 129 -23 103 -25 50 -169 70 -150 124 -58 136 -123 24 -151 130 -20 22 -7 16 -9 9 -7 -12 -8 -15 -9 0 -8 23 -89 -8 -20 -37 -24 36 -120 34 -139 -145 -112 -174 -128 -46 -24 -63 -23 -73 -25 -110 -30 -87 -7 -96 -23 -40 -135 -119 -86 -124 -120
113 -36 89 -13 113 -34 -24 -224 -1 -159 105 -145 33 -137 143 -161 0 -160 52 -33 44 -34 -29 -112 31 -131 -28 0 -34 0 9 -1 18 -32 -136 -175 -91 -192 -21 -129 -32 -32 -37 -32 -52 -33 -42 -28 -63 -129 -113 -31 -96 -36 -93 -132 -158 -160 -111 -97 -143 -191 -199 -128
136 -168 104 -40 83 -39 38 -152 103 -167 88 -112 -48 -142 135 -171 0 -232 32 -39 113 -167 57 -172 104 -104 -40 -72 15 -167 -120 -168 -33 -183 59 -70 48 -56 38 -40 -34 -34 -56 -36 -74 -34 -95 -40 -72 -40 -69 -41 -83 -42 -86 -41 -87 -109 -95 -40 -100 -40 -148 -24
63 -140 91 -48 43 -240 38 -157 16 -176 -38 -152 90 -48 136 -176 73 -148 56 -48 51 -48 48 -46 46 -48 24 -49 0 -32 -32 -48 -40 -48 57 -17 -16 -48 -59 -32 -59 -37 -73 -36 -52 -14 -56 -49 -63 -49 -72 -49 -105 -51 -120 -47 -106 -52 -91 -48 -114 -48 -151 -49
80 -39 -7 -160 -16 -176 150 -183 96 -57 89 -57 96 -55 8 -153 64 -62 23 -61 46 -56 9 -64 30 -154 23 -154 14 -57 -18 -52 -25 -50 -17 -51 -38 -49 -55 -45 -63 -41 -73 -41 -47 -54 -73 -60 -89 -54 -120 -39 -108 -56 -90 -154 -106 -57 -104 -51 -159 -39 -153 -55
