13 37 -3 0 0 0 0 0 -4 5 -4 3 -3 0 -10 7 0 0 2 31 0 0 0 0 0 0 0 0 -4 4 -2 0 -2 0 -1 0 -1 8 -3 0 17 12 18 0 0 5 -2 0 -36 0 -22 18 0 0 0 0 0 0 0 0 0 0 -4 0 12 22 0 0 0 0 0 0 0 0 0 0 0 0 4 0 9 0 2 0 0 0 0 0 1 0 1 0 0 0 0 0 0 0 -1 0 0 0 1 0 1 0 0 0 0 0 0 0 1 0 6 0 1 0 0 0 0 0 -1 0 0 0 0 0
12 28 12 26 18 37 4 9 2 8 0 7 6 30 -7 -2 0 0 3 25 0 0 0 0 0 -5 -1 -3 0 -4 0 0 -2 9 0 0 -2 0 5 8 3 5 11 6 9 6 -6 4 0 0 0 0 0 0 0 0 0 0 0 0 0 0 0 0 -20 15 8 2 0 0 34 1 29 3 16 0 -2 -3 0 -3 -7 -4 2 -3 66 -8 -2 -2 -18 -3 -14 -3 0 -1 1 0 3 -8 -1 0 0 0 1 0 1 0 0 0 0 0 0 0 0 0 0 0 0 0 0 0 0 0 1 0 1 0 0 0
4 22 0 0 1 4 0 2 11 13 2 6 5 19 0 0 2 -8 392 17 -7 10 -4 11 0 12 -2 0 0 1 2 -8 0 1 -3 -5 21 19 4 3 6 10 5 5 -3 2 -9 3 0 0 0 0 0 0 0 0 1 0 0 0 0 0 -73 18 0 4 -85 22 -16 16 50 7 0 17 19 -8 8 -7 1 -7 -10 -5 -48 8 5 5 -5 5 -6 2 -18 6 -206 27 -88 28 -268 1 1 0 0 0 1 0 0 0 0 0 6 1 6 3 1 0 0 0 2 0 0 0 1 0 1 0 0 0 0 0
0 0 8 21 0 9 5 10 -6 -7 -2 1 0 0 -2 -1 0 8 2 -6 -8 -8 -3 2 0 1 -2 1 34 24 -1 0 -8 -6 0 0 -5 -12 106 -9 -10 -7 13 5 -6 3 3 3 0 0 20 -5 13 2 8 0 -69 -4 36 -14 -6 6 18 -5 53 -9 5 0 59 -4 50 -13 42 -14 37 -9 -32 9 0 0 26 -8 13 -3 11 -3 0 0 0 0 0 0 0 0 0 0 0 0 0 0 0 0 0 0 0 0 0 0 0 0 0 0 0 0 1 0 0 -3 3 1 1 -2 1 1 0 0 0 0
0 -2 -2 8 -5 -8 -2 -1 -8 -13 0 0 0 4 -3 -9 0 0 -2 2 -2 1 -11 -2 -8 -3 -12 -19 -6 -6 -6 -1 0 0 0 0 -2 -1 0 1 -3 0 -6 -1 22 3 78 -18 17 1 64 -17 21 -3 -32 8 8 -1 2 0 -55 10 16 -3 48 -14 -8 1 74 -14 61 -11 0 -1 0 0 0 0 0 0 0 0 0 0 0 0 0 0 0 0 0 -1 0 0 0 0 0 0 0 0 0 0 0 0 0 0 0 0 0 0 0 0 0 0 -380 -19 -395 0 2 0 1 0 0 0 0 0 0 0
0 2 -6 -1 0 2 0 2 -3 -4 -1 -2 -1 -4 -1 -2 -4 -15 -3 -3 0 0 0 0 -20 -9 0 0 0 0 0 0 0 0 0 0 -2 0 10 5 18 5 -18 -6 124 -18 78 -12 89 -26 0 0 0 0 0 0 0 0 0 0 0 0 0 0 32 -7 0 0 0 0 0 0 0 0 0 0 0 0 0 0 0 0 0 0 0 0 0 0 0 0 0 0 0 0 0 0 0 0 0 0 0 0 0 0 0 0 0 0 0 0 0 0 0 0 -387 -7 4 1 -11 7 1 1 1 1 0 1 0 0
0 0 0 0 -8 -4 0 0 0 0 0 0 -27 -41 -1 0 0 1 13 4 379 -3 368 -3 3 3 0 0 0 0 0 0 -2 1 0 1 0 0 -8 -3 -17 -6 -38 -21 -16 -2 -23 -4 0 1 -29 2 0 0 0 0 0 0 0 0 0 0 0 0 0 0 0 0 0 0 0 0 -171 -29 0 0 0 0 72 -42 0 0 0 0 0 0 0 0 0 0 0 0 0 0 0 0 0 0 0 0 0 0 0 0 0 0 0 0 0 0 0 0 0 0 5 2 1 2 2 0 2 -1 0 0 0 0 0 0
0 0 0 0 0 0 0 0 0 0 0 0 -24 -28 1 2 33 9 1 1 0 0 -2 0 13 4 365 -12 0 0 343 -16 0 0 0 0 -11 -3 0 0 0 0 3 1 0 0 3 0 -4 1 0 0 0 0 0 0 0 0 0 0 0 0 0 0 0 0 0 0 0 0 0 0 0 0 0 0 16 2 18 1 -215 -36 0 1 2 1 64 -36 0 0 0 0 0 0 0 0 0 0 0 0 0 0 0 0 0 0 0 0 0 0 0 0 0 0 0 0 0 0 0 0 0 0 0 0 -7 2 -1 -2
0 0 0 0 0 0 0 0 0 0 -29 -22 0 0 0 0 0 0 0 0 0 0 0 0 0 1 3 1 -19 -2 0 0 0 0 0 0 0 0 0 0 0 0 0 0 0 0 0 0 0 0 0 0 0 0 0 0 0 0 0 0 0 0 0 0 0 0 0 0 0 0 0 0 0 0 0 0 0 1 0 0 0 0 -194 -14 10 -2 0 1 -266 -36 0 0 0 0 0 0 0 0 0 0 0 0 0 0 0 0 0 0 0 0 0 0 0 0 0 0 0 0 0 0 0 0 1 0 1 0 0 -1
0 0 0 0 0 0 0 0 0 0 0 0 0 0 0 0 0 0 0 0 0 0 0 0 0 0 0 0 0 0 0 0 0 0 0 0 0 0 0 0 0 0 0 0 0 0 0 0 0 0 0 0 0 0 0 0 0 0 0 0 0 0 0 0 0 0 0 0 0 0 0 0 0 0 0 0 0 0 0 0 0 0 0 0 0 0 0 0 0 0 0 0 0 0 0 0 0 0 0 0 0 0 0 0 0 0 0 0 0 0 0 0 0 0 0 0 0 0 0 0 0 0 0 0 0 0 0 0
1 0 0 0 0 0 0 0 0 0 0 0 0 0 0 0 0 0 0 0 0 0 0 0 0 0 0 0 0 0 -1 0 0 0 0 0 0 0 1 0 0 0 0 0 0 0 0 0 0 0 0 0 0 0 0 0 0 0 0 0 0 0 0 0 0 0 0 0 0 0 0 0 0 0 0 0 0 0 0 0 0 0 0 0 0 0 0 0 0 0 0 0 0 0 0 0 0 0 0 0 0 0 0 0 0 0 0 0 0 0 0 0 0 0 0 0 0 0 0 0 0 0 0 0 0 0 0 0
0 0 0 0 0 0 0 0 0 0 0 0 0 0 0 0 0 0 0 0 0 0 0 0 0 0 0 0 0 0 0 0 0 0 0 0 0 0 0 0 0 0 0 0 0 0 0 0 0 0 0 0 0 0 0 0 0 0 0 0 0 0 0 0 0 0 0 0 0 0 0 0 0 0 0 0 0 0 0 0 0 0 0 0 0 0 0 0 0 0 0 0 0 0 0 0 0 0 0 0 0 0 0 0 0 0 0 0 0 0 0 0 0 0 0 0 0 0 0 0 0 0 0 0 0 0 0 0
0 0 0 0 0 0 0 0 0 0 0 0 0 0 0 0 0 0 0 0 0 0 0 0 0 0 0 0 0 0 0 0 0 0 0 0 5 0 16 7 0 0 6 0 0 -1 0 0 0 0 -2 -1 -11 -2 0 0 0 0 0 0 0 0 0 0 0 0 0 0 0 0 0 0 0 0 0 0 0 0 0 0 0 0 0 0 0 0 0 0 0 0 0 0 0 0 0 0 0 0 0 0 0 0 -8 4 0 0 0 1 0 0 0 0 0 0 0 0 0 0 0 0 0 0 0 0 0 0 0 0
0 0 0 0 160 -2 152 3 0 1 0 0 0 0 0 0 0 0 0 0 0 0 0 0 0 0 0 0 0 0 0 0 0 0 0 0 3 3 14 3 0 -1 0 2 -1 0 0 -1 0 0 -1 0 0 1 -18 -5 0 0 0 0 0 0 0 0 0 0 0 0 0 0 0 0 0 0 0 0 0 0 0 0 0 0 0 0 0 0 0 0 0 0 0 0 0 0 0 0 0 0 0 0 0 0 0 0 0 0 0 0 0 0 0 0 0 0 0 0 0 0 0 0 0 0 0 0 0 0 0 0
0 0 0 0 0 0 0 0 0 0 0 0 0 0 0 0 0 0 0 0 0 0 0 0 0 0 0 0 0 0 0 0 0 0 0 0 0 0 -2 -2 0 0 0 0 3 -8 2 -7 0 -3 -1 -9 0 0 0 0 0 0 0 0 0 0 0 0 0 0 0 0 0 0 0 0 0 0 0 0 0 0 0 0 0 0 0 0 0 0 0 0 0 0 0 0 0 0 0 0 0 0 0 0 0 0 0 0 0 0 0 0 0 0 0 0 0 0 0 0 0 0 0 0 0 0 0 0 0 0 0 0
0 0 0 0 0 0 0 0 0 0 0 0 0 0 0 0 0 0 0 0 0 0 0 0 0 0 0 0 0 0 0 0 0 0 0 0 0 0 0 0 0 0 0 0 0 0 -1 -1 0 0 -22 -15 -30 -25 0 0 -25 -15 0 0 0 0 0 0 0 0 0 0 0 0 0 0 0 0 0 0 0 0 0 0 0 0 0 0 0 0 0 0 0 0 0 0 0 0 0 0 0 0 0 0 0 0 0 0 0 0 0 0 0 0 0 0 0 0 0 0 0 0 0 0 0 0 0 0 0 0 0 0
0 0 0 0 0 0 0 0 0 0 0 0 0 0 0 0 0 0 0 0 0 0 0 0 0 0 0 0 0 0 0 0 0 0 0 0 0 0 0 0 0 0 0 0 0 0 0 0 0 0 0 0 0 0 0 0 0 0 0 0 0 0 0 0 0 0 0 0 0 0 0 0 0 0 0 0 0 0 0 0 0 0 0 0 0 0 0 0 0 0 0 0 0 0 0 0 0 0 0 0 0 0 0 0 0 0 0 0 0 0 0 0 0 0 0 0 0 0 0 0 0 0 0 0 0 0 0 0
0 0 0 0 0 0 0 0 0 0 0 0 0 0 0 0 0 0 0 0 0 0 0 0 0 0 0 0 0 0 0 0 0 0 0 0 0 0 0 0 0 0 0 0 0 0 0 0 0 0 0 0 0 0 0 0 0 0 0 0 0 0 0 0 0 0 0 0 0 0 0 0 0 0 0 0 0 0 0 0 0 0 0 0 0 0 0 0 0 0 0 0 0 0 0 0 0 0 0 0 0 0 0 0 0 0 0 0 0 0 0 0 0 0 0 0 0 0 0 0 0 0 0 0 0 0 0 0
0 0 0 0 0 0 0 0 0 0 0 0 0 0 0 0 0 0 0 0 0 0 0 0 0 0 0 0 0 0 0 0 0 0 0 0 0 0 0 0 0 0 0 0 0 0 0 0 0 0 0 0 0 0 0 0 0 0 0 0 0 0 0 0 0 0 0 0 0 0 0 0 0 0 0 0 0 0 0 0 0 0 0 0 0 0 0 0 0 0 0 0 0 0 0 0 0 0 0 0 0 0 0 0 0 0 0 0 0 0 0 0 0 0 0 0 0 0 0 0 0 0 0 0 0 0 0 0
0 0 0 0 0 0 0 0 0 0 0 0 0 0 0 0 0 0 0 0 0 0 0 0 0 0 0 0 0 0 0 0 0 0 0 0 0 0 0 0 0 0 0 0 0 0 0 0 0 0 0 0 0 0 0 0 0 0 0 0 0 0 0 0 0 0 0 0 0 0 0 0 0 0 0 0 0 0 0 0 0 0 0 0 0 0 0 0 0 0 0 0 0 0 0 0 0 0 0 0 0 0 0 0 0 0 0 0 0 0 0 0 0 0 0 0 0 0 0 0 0 0 0 0 0 0 0 0
0 0 0 0 0 0 0 0 0 0 0 0 0 0 0 0 0 0 0 0 0 0 0 0 0 0 0 0 0 0 0 0 0 0 0 0 0 0 0 0 0 0 0 0 0 0 0 0 0 0 0 0 0 0 0 0 0 0 0 0 0 0 0 0 0 0 0 0 0 0 0 0 0 0 0 0 0 0 0 0 0 0 3 0 0 0 0 0 3 0 3 0 0 0 19 0 0 0 0 0 0 0 0 0 0 0 2 0 1 0 0 0 0 0 0 0 0 0 0 0 0 0 0 0 0 0 0 0
0 0 0 0 0 0 0 0 0 0 0 0 0 0 0 0 0 0 0 0 0 0 0 0 0 0 0 0 0 0 0 0 0 0 0 0 0 0 0 0 0 0 0 0 0 0 0 0 0 0 0 0 0 0 0 0 0 0 0 0 210 232 124 141 0 0 198 223 7 8 -2 27 3 7 -2 -1 -2 4 -2 0 -22 23 34 20 0 8 38 17 50 15 19 6 46 14 -16 -7 8 1 0 0 21 9 2 -1 0 0 0 0 -431 323 1 0 0 0 1 0 0 0 -340 322 0 0 1 0 0 0 0 0
0 0 0 0 0 0 0 0 0 0 0 0 0 0 0 0 0 0 0 0 0 0 0 0 0 0 0 0 0 0 0 0 0 0 0 0 0 0 0 0 0 0 -1 0 0 0 1 0 1 0 0 0 0 0 0 0 0 0 0 0 0 0 0 0 0 0 0 0 -1 0 0 0 -8 19 -2 1 -8 1 109 30 88 24 100 33 10 -6 47 10 72 16 18 -4 11 -1 18 -6 -16 -13 0 -6 22 6 -32 -14 0 0 -13 -15 0 0 0 -1 0 0 -438 328 0 0 -362 320 0 0 0 0 1 0 0 0
0 0 0 0 0 0 0 0 0 0 0 0 0 0 0 0 0 0 0 0 0 0 0 0 0 0 0 0 0 0 0 0 0 0 0 0 0 0 0 0 0 0 0 0 0 0 0 0 0 0 0 0 0 0 0 0 0 0 0 0 0 0 0 0 201 222 -2 0 -2 0 0 0 0 7 -1 -1 40 18 -8 0 -22 -1 10 0 6 -1 -18 -23 32 8 16 0 32 4 0 -3 16 -2 -32 -12 32 9 -35 -10 1 -1 0 0 0 0 -8 -7 -448 313 0 0 1 0 1 0 0 0 0 0 0 0 0 0
0 0 0 0 0 0 0 0 0 0 0 0 0 0 0 0 0 0 0 0 0 0 0 0 0 0 0 0 0 0 0 0 0 0 0 0 0 0 0 0 0 0 0 0 0 0 1 0 0 0 1 0 0 0 -2 0 0 0 0 0 0 0 0 0 -2 0 2 -9 0 0 -3 0 -4 0 -3 6 72 17 -2 1 -8 -27 -24 -30 64 12 34 12 12 -1 46 3 -30 -16 38 3 16 0 10 -3 -2 -4 -14 -4 -23 -10 0 -2 -34 -17 0 0 0 0 0 0 -454 302 1 0 0 0 0 0 0 0 0 0
0 0 0 0 0 0 0 0 0 0 0 0 0 0 0 0 0 0 0 0 0 0 0 0 0 0 0 0 0 0 0 0 0 0 0 0 0 0 0 0 0 0 0 0 0 0 0 0 0 0 0 0 0 0 0 0 0 0 0 0 0 0 0 0 0 0 0 0 -1 0 -1 0 -1 0 0 -20 0 0 0 0 0 0 0 -1 -21 -18 12 0 18 1 12 0 45 -2 30 -6 22 -6 24 -1 -30 -14 -66 -21 -11 -7 -79 -23 0 0 -24 -18 0 0 0 0 1 0 0 0 0 0 0 0 0 0 0 0
0 0 0 0 0 0 0 0 0 0 0 0 0 0 0 0 0 0 0 0 0 0 0 0 0 0 0 0 0 0 0 0 0 0 0 0 0 0 0 0 0 0 0 0 0 0 0 0 0 0 0 0 0 0 0 0 0 0 0 0 0 0 0 0 0 0 0 0 0 0 0 0 0 0 0 0 0 0 0 -1 0 0 1 -1 0 0 0 0 -40 -16 0 0 10 1 32 -4 -64 -46 -92 -45 -74 -43 -82 -45 -83 -28 -14 -12 -53 -21 0 0 0 0 -24 -26 0 0 0 0 1 0 0 0 0 0 0 0
0 0 0 -1 0 0 0 0 0 0 0 0 0 0 0 0 0 0 0 0 0 0 0 0 0 0 0 0 0 0 0 0 0 0 0 0 0 0 0 0 0 0 0 0 0 0 0 0 0 0 0 0 0 0 0 0 0 0 0 0 0 0 0 0 0 0 0 0 0 0 0 0 0 0 0 0 0 0 0 0 0 0 0 0 0 0 0 0 0 0 0 0 0 0 0 0 0 0 0 0 -80 -30 -102 -33 -4 -4 -112 -36 2 -1 -54 -25 0 0 0 0 0 0 1 7 1 0 0 1 0 0 0 0
4 72 27 -203 0 0 461 -194 -27 76 0 0 0 0 283 -166 0 0 0 0 0 0 0 0 0 0 0 0 0 0 0 0 0 0 0 0 0 0 0 0 0 0 0 0 0 0 0 0 0 0 0 0 0 0 0 0 0 0 0 0 0 0 0 0 0 0 0 0 0 0 0 0 0 0 0 0 0 0 0 0 0 0 0 0 0 0 0 0 0 0 0 0 0 0 0 0 0 0 0 0 0 0 0 0 -96 -33 0 0 -16 -11 -114 -47 0 0 0 0 0 -1 0 -6 1 0 0 0 0 0 0 0
26 -210 45 -184 15 -208 461 -201 -1 -232 -20 17 257 -180 143 56 235 -176 232 -173 0 0 0 0 0 0 0 0 0 0 0 0 0 0 0 0 0 0 0 0 0 0 0 0 0 0 0 0 0 0 0 0 0 0 0 0 0 0 0 0 0 0 0 0 0 0 0 0 0 0 0 0 0 0 0 0 0 0 0 0 0 0 0 0 0 0 0 0 0 0 0 0 0 0 0 0 0 0 0 0 0 0 0 0 0 0 -104 -45 -100 -39 0 0 -80 -31 0 0 0 -6 0 1 0 0 1 0 0 0 0 0
43 -55 34 -197 26 -204 455 -221 26 -199 -1 0 71 14 46 -228 38 -220 0 0 0 0 0 0 0 0 0 0 0 0 0 0 0 0 0 0 0 0 0 0 0 0 0 0 0 0 0 0 0 0 0 0 0 0 0 0 0 0 0 0 0 0 0 0 0 0 0 0 0 0 0 0 0 0 0 0 0 0 0 0 0 0 0 0 0 0 0 0 0 0 0 0 0 0 0 0 0 0 0 0 0 0 0 0 0 0 0 0 0 0 -138 -44 -140 -67 -119 -68 0 1 0 0 0 0 0 0 0 0 0 0
3 42 479 -221 64 -188 36 -206 19 -248 22 -228 0 0 55 -28 57 -244 50 -238 0 0 0 0 0 0 0 0 0 0 0 0 0 0 0 0 0 0 0 0 0 0 0 0 0 0 0 0 0 0 0 0 0 0 0 0 0 0 0 0 0 0 0 0 0 0 0 0 0 0 0 0 0 0 0 0 0 0 0 0 0 0 0 0 0 0 0 0 0 0 0 0 0 0 0 0 0 0 0 0 0 0 0 0 0 0 0 0 -126 -71 -61 -51 -102 -72 0 0 0 0 0 0 0 0 0 0 0 0 0 0
1 11 42 -67 -4 -1 424 -237 70 -66 36 -222 57 -226 331 -241 12 -10 426 -91 0 0 0 0 0 0 0 0 0 0 0 0 0 0 0 0 0 0 0 0 0 0 0 0 0 0 0 0 0 0 0 0 0 0 0 0 0 0 0 0 0 0 0 0 0 0 0 0 0 0 0 0 0 0 0 0 0 0 0 0 0 0 0 0 0 0 0 0 0 0 0 0 0 0 0 0 0 0 0 0 0 0 0 0 0 0 0 0 0 0 0 0 0 0 0 0 0 0 0 0 0 0 0 0 0 0 0 0
33 -200 -3 4 0 -7 24 -9 10 -8 7 -8 -7 -7 8 -8 -8 -7 0 -7 421 -79 0 0 0 0 0 0 0 0 0 0 0 0 0 0 0 0 0 0 0 0 0 0 0 0 0 0 0 0 0 0 0 0 0 0 0 0 0 0 0 0 0 0 0 0 0 0 0 0 0 0 0 0 0 0 0 0 0 0 0 0 0 0 0 0 0 0 0 0 0 0 0 0 0 0 0 0 0 0 0 0 0 0 0 0 0 0 0 0 0 0 0 0 0 0 -1 -2 0 1 0 0 0 0 0 0 0 0
32 -208 -3 0 0 -8 0 -8 24 -9 5 -8 4 -8 3 -8 2 -8 -1 -8 -1 -7 0 0 0 0 0 0 0 0 0 0 0 0 0 0 0 0 0 0 0 0 0 0 0 0 0 0 0 0 0 0 0 0 0 0 0 0 0 0 0 0 0 0 0 0 0 0 0 0 0 0 0 0 0 0 0 0 0 0 0 0 0 0 0 0 0 0 0 0 0 0 0 0 0 0 0 0 0 0 0 0 0 0 0 0 0 0 0 0 0 0 0 0 0 0 -1 1 0 0 0 0 0 0 0 0 0 0
31 -217 -6 -9 1 -3 0 -8 2 -8 4 -8 6 -8 -12 -7 -14 -7 -1 -8 -1 -6 0 0 0 0 0 0 0 0 0 0 0 0 0 0 0 0 0 0 0 0 0 0 0 0 0 0 0 0 0 0 0 0 0 0 0 0 0 0 0 0 0 0 0 0 0 0 0 0 0 0 0 0 0 0 0 0 0 0 0 0 0 0 0 0 0 0 0 0 0 0 0 0 0 0 0 0 0 0 0 0 0 0 0 0 0 0 0 0 0 0 0 0 0 0 0 0 0 0 0 0 1 -1 0 0 0 0
31 -225 -3 -254 0 -21 0 -5 4 -8 0 -8 0 -8 -1 -8 0 -8 -1 -8 -2 -18 0 0 0 0 0 0 0 0 0 0 0 0 0 0 0 0 0 0 0 0 0 0 0 0 0 0 0 0 0 0 0 0 0 0 0 0 0 0 0 0 0 0 0 0 0 0 0 0 0 0 0 0 0 0 0 0 0 0 0 0 0 0 0 0 0 0 0 0 0 0 0 0 0 0 0 0 0 0 0 0 0 0 0 0 0 0 0 0 0 0 0 0 0 0 0 0 0 0 0 0 1 0 1 0 0 0
31 -232 -6 -25 0 -7 0 -8 -1 -8 -1 -8 -1 -8 -2 -8 -2 -8 -1 -8 -1 -8 0 0 0 0 0 0 0 0 0 0 0 0 0 0 0 0 0 0 0 0 0 0 0 0 0 0 0 0 0 0 0 0 0 0 0 0 0 0 0 0 0 0 0 0 0 0 0 0 0 0 0 0 0 0 0 0 0 0 0 0 0 0 0 0 0 0 0 0 -22 -68 -108 -97 4 1 -18 -27 -19 25 58 -30 9 2 6 2 42 -97 0 0 0 0 0 0 4 -155 -20 6 0 0 0 0 0 0 0 0 0 0
0 0 469 -288 1 -6 0 -8 22 -10 -4 -8 8 -9 -1 -8 -2 -8 -2 -8 -1 -8 11 0 12 0 10 0 12 0 11 0 9 0 0 0 14 0 32 -1 25 0 0 1 18 0 47 -1 0 0 31 -1 0 0 -11 1 0 0 1 0 0 0 -48 2 6 0 -8 1 -4 1 -6 1 -134 13 1 0 0 1 -1 1 0 1 -35 15 167 165 -109 -117 117 -105 45 0 37 1 30 2 24 2 -332 13 -356 15 -236 -232 -24 -240 -188 -294 0 0 0 2 0 2 30 -32 -422 -208 1 0 2 17 0 0 0 0 0 0
0 0 242 -8 366 12 -1 -8 -1 -8 -1 -8 -7 -8 -7 -8 -2 -9 -2 -8 -2 -8 406 -92 80 -3 73 -3 -68 157 -60 184 67 -1 -91 159 -16 0 0 0 -56 3 -144 115 0 1 -78 2 0 0 0 0 -168 182 -188 145 -30 1 0 0 0 0 -64 1 0 0 5 -1 0 0 2 0 0 0 1 0 0 0 162 155 142 171 -94 -125 69 -4 49 8 50 9 42 9 34 9 26 9 26 11 19 12 11 13 9 15 2 28 72 -49 0 0 0 1 1 0 0 11 0 0 0 0 0 0 0 0 0 0 0 0
225 -131 218 -130 436 -174 -1 -9 -2 -9 -1 -8 -2 -14 -7 -9 -2 -11 -2 -8 -2 -8 -2 -7 71 -7 348 182 43 -5 0 0 181 -9 18 -2 142 -14 272 110 -4 -1 269 119 268 139 263 145 202 93 0 0 216 130 0 0 0 0 42 -10 0 0 0 0 0 0 -1 0 0 0 193 158 160 111 170 119 -176 10 -190 11 72 -6 65 -2 75 -3 72 -4 -286 -4 56 5 -125 -233 -233 -235 -120 -235 -252 -233 -316 -230 -131 -234 -401 10 -6 37 1 1 0 1 1 -4 1 -2 0 0 0 0 -475 15 2 0 0 0 0 0
10 -9 1 -8 0 -8 -1 -9 -1 -9 -1 -9 4 -9 4 -9 -13 -8 -2 -9 -2 -9 -2 -8 208 -10 368 145 -92 25 131 0 334 161 324 132 277 104 0 0 0 0 195 71 222 123 0 0 0 0 0 0 0 0 0 0 0 0 0 0 0 0 218 133 192 108 0 0 0 0 1 0 0 0 0 0 0 0 71 -4 129 -328 81 -4 132 -325 68 -2 115 -255 -323 -208 -298 -200 -115 -174 -108 -42 108 -186 -342 -195 -360 -160 26 11 -74 -113 -118 -118 0 2 2 -1 2 -13 0 0 0 0 0 0 0 0 0 0 0 0
0 -9 0 -9 -1 -4 -1 -9 1 -9 2 -9 1 -9 -15 -8 1 -9 -1 -9 -2 -9 -2 -9 -96 153 362 101 -5 3 290 77 208 3 -18 5 -35 34 0 0 0 0 0 0 0 0 -5 1 0 0 0 0 -135 166 0 0 -172 33 0 0 130 73 0 0 144 103 173 117 83 43 -114 -11 128 86 66 35 0 0 -265 -185 74 -2 75 -2 154 -329 47 -286 86 -285 -271 -199 127 -110 -158 -333 -274 -295 -27 -287 -400 -167 -171 -329 33 40 -129 -168 2 0 1 0 1 0 0 0 0 -243 0 0 1 0 0 0 0 0 0 0
0 -9 472 -67 -1 -9 -1 -9 -8 -9 2 -9 0 -9 -2 -9 0 -9 -1 -9 0 -9 -2 -8 -85 146 20 -11 -1 0 -7 1 0 0 0 0 9 -2 0 0 0 0 -74 139 137 19 0 0 -125 33 0 1 -123 158 -104 80 0 0 2 -1 0 0 0 0 0 0 176 108 1 0 0 0 0 0 0 0 -284 21 -56 -207 -21 -74 74 -4 69 -5 159 -48 -296 -258 -303 -257 108 -270 101 -269 -362 -249 -370 -248 -342 -88 24 -260 -320 -166 0 0 -1 0 1 0 0 0 0 0 0 0 0 0 0 0 0 0 0 0 0 0
0 -9 -1 -9 -1 -9 -2 -9 0 -9 22 -10 3 -9 3 -9 -16 -8 -6 -8 417 -12 107 -154 -7 1 -2 0 0 0 0 0 310 152 0 0 0 0 0 0 0 0 0 0 168 84 98 74 107 7 -88 127 -1 0 0 0 0 0 0 0 110 66 -112 13 0 0 0 0 0 0 -220 52 -272 18 20 -6 19 15 160 -262 77 -3 142 -48 -94 -106 -337 -256 -86 -246 -88 -246 -192 -256 -362 -246 -350 -244 48 -255 -346 -20 32 -261 0 0 0 0 0 0 0 0 0 0 0 0 0 0 0 0 0 0 0 0 0 0 0 0
270 -32 93 -18 402 73 353 18 276 -54 267 -19 -21 4 236 -13 0 0 2 0 120 -44 110 -39 274 63 264 67 -68 13 0 0 0 0 0 0 0 0 0 0 0 0 0 0 176 102 3 -6 0 0 0 0 0 0 78 22 0 0 0 0 0 0 0 0 0 0 0 0 0 0 16 66 61 101 150 15 -303 -44 -281 -92 -285 -93 -293 -93 -54 -264 157 -75 115 -263 110 18 -336 -247 13 -235 12 3 -328 -24 -326 -24 -14 5 0 10 0 0 0 0 0 0 0 0 0 0 0 0 0 0 0 0 0 0 0 0 0 0
0 -1 8 82 362 62 150 -41 335 32 -8 51 48 1 324 40 88 -35 112 -41 296 41 266 20 0 0 0 0 9 -2 0 0 0 0 -40 92 1 0 0 0 0 0 -1 0 0 0 0 0 -6 6 0 0 0 0 0 0 0 0 0 0 0 0 0 0 0 0 -71 29 104 123 16 28 -176 86 -133 -177 64 -5 65 -4 64 -3 59 -3 -280 -106 -286 -29 -293 -28 -307 -27 -169 -184 -323 -25 -358 -23 73 -105 -283 -273 46 -58 1 3 0 0 0 0 0 0 0 0 0 0 0 0 0 1 0 0 0 0 0 0 0 0
0 0 0 0 78 128 350 35 -1 0 372 86 286 -9 -27 -7 179 -27 86 -43 360 120 -24 -10 281 36 -8 -10 -8 -11 -64 95 -54 115 0 0 200 46 0 0 0 0 -106 84 160 103 90 63 96 79 0 0 0 0 -74 112 -82 110 29 38 0 0 0 0 0 0 16 41 -7 64 -176 73 -212 112 102 60 0 -70 -7 -72 -279 -28 -285 -29 -280 -29 -304 -27 -43 -72 -54 -71 -64 -71 -62 -71 -70 -72 -1 0 2 1 0 0 0 0 0 0 0 0 0 0 0 0 0 0 0 0 0 0 0 0 0 0 0 0 0 0
0 0 0 0 411 90 0 -1 -8 2 20 70 22 46 -14 72 0 -1 63 -7 48 11 264 29 1 -11 -58 14 -4 11 258 71 0 0 0 0 0 0 17 -26 -2 16 227 107 0 0 0 0 0 0 -28 72 58 60 16 16 -24 14 0 0 0 0 32 68 -64 46 77 62 -176 102 35 70 106 92 48 35 80 81 -153 -5 -174 -20 -263 -14 -152 -15 -137 -35 61 80 -297 -15 64 90 42 55 8 29 64 76 -381 -33 48 32 0 0 0 0 0 0 -1 0 0 0 0 0 0 0 0 0 0 0 0 0 0 0 0 0
48 24 451 -228 42 -17 0 0 68 110 31 22 320 31 288 10 -10 92 48 4 0 109 254 5 0 0 317 80 0 0 -2 15 295 81 0 0 20 0 0 0 261 83 -94 61 5 57 91 7 80 -2 52 23 16 7 13 7 72 11 -112 80 -80 52 4 24 0 0 66 47 -1 0 -208 60 8 -12 -144 13 -164 64 25 56 -178 75 -39 62 -28 48 -174 -2 -266 91 -156 -51 44 71 -344 26 0 15 -243 -68 0 0 72 47 0 0 -10 -7 0 0 -67 -77 14 6 0 0 0 0 -2 0 -6 2 0 0 0 0 0 0
0 -1 0 -1 360 10 40 17 357 49 24 23 0 0 0 0 48 14 -1 0 1 0 22 -10 16 0 17 -32 8 -20 -24 1 0 -1 214 14 -16 45 182 45 162 53 146 11 82 -25 150 78 48 39 -62 74 -59 92 34 20 0 0 18 59 50 91 26 85 0 38 0 0 -11 16 2 15 -38 14 8 28 -166 66 -60 -5 -171 51 16 37 -197 74 -35 53 -232 61 -12 17 -319 -2 -39 -27 23 37 60 95 48 42 0 0 12 10 10 7 0 0 0 0 0 -1 -28 -11 -7 -2 0 0 -4 1 -2 1 4 -5 -50 1
19 49 11 53 215 -71 0 0 40 -45 19 -16 358 46 164 -66 0 0 0 71 -16 80 290 38 0 0 272 52 0 0 -46 10 0 0 220 40 156 58 162 41 188 59 146 9 118 23 67 1 13 -8 51 49 16 -3 -17 17 114 86 -6 -2 -60 55 24 69 0 0 -48 13 0 0 0 0 -20 33 -56 9 -128 51 -48 37 -26 9 -195 80 -29 51 -211 38 -224 -3 -13 10 -304 -1 -304 -15 -8 -1 52 58 0 1 -48 -28 0 0 34 25 2 -1 -30 -18 0 0 -32 -17 29 2 0 1 0 0 0 -1 -28 2 -28 7
444 47 0 0 94 -101 352 -6 0 9 0 0 120 -106 320 -5 368 77 0 0 33 7 326 79 0 0 329 78 -48 -14 0 0 -110 -42 228 21 256 66 -20 30 -25 68 178 63 -38 38 79 -1 80 26 70 -12 -2 10 2 52 114 79 -93 57 28 27 3 -1 0 -1 -59 -10 16 74 -71 -9 -54 -1 -111 36 -53 -3 -132 43 -136 4 -59 45 -80 -37 -36 38 -37 38 32 66 -240 -37 -243 -22 0 5 22 41 0 -1 -16 -10 40 40 50 69 52 33 0 1 -16 -8 0 0 32 1 24 0 0 0 0 2 0 1 -24 16
222 -105 0 5 400 20 -8 -14 40 -60 353 14 328 -14 44 -66 146 -75 74 8 -18 32 56 -27 0 0 0 0 -1 0 0 0 -8 18 0 0 -3 31 3 -14 -47 52 148 -2 -32 59 72 -44 80 -5 166 80 26 50 4 -3 27 45 -30 -24 -16 17 13 -8 0 -25 -3 -11 8 -8 -46 -5 -2 -19 -162 31 -40 -37 -8 56 -56 -39 -192 42 -33 -10 -159 -68 -48 -28 -254 -17 -288 6 -280 -49 -36 -21 -8 0 -6 -8 1 11 38 71 24 17 32 68 6 10 -8 -1 24 16 0 1 13 14 -30 -7 8 9 -62 -17 -8 13
394 -26 0 0 18 -13 329 -27 312 -81 322 -32 13 -7 -19 -32 336 23 242 -73 0 0 258 -15 0 0 302 40 182 27 0 0 -54 59 -93 25 0 0 16 -16 136 19 -16 -35 94 8 0 0 -6 -11 29 7 0 0 51 55 -26 32 -13 12 21 -19 20 8 0 0 8 52 16 53 2 -30 -6 -31 80 63 -121 -12 -88 -34 -56 15 -128 -23 -40 -11 -88 -53 28 52 -286 24 -232 -60 -28 -17 -336 -30 -376 -21 48 67 -14 -10 -21 -25 10 8 24 66 -26 -22 -24 -22 -10 2 18 32 -29 -13 -70 -41 6 50 -53 -15 -390 -105
394 -37 0 0 10 -1 16 36 10 35 355 -1 168 -99 68 -4 328 23 29 -42 -4 13 209 48 200 26 0 0 128 -70 24 -6 8 10 -66 15 236 43 65 -74 112 2 103 -44 22 -2 -44 38 64 -35 12 13 -16 38 -53 56 -5 14 -15 -24 -114 35 -46 22 -16 27 48 56 -40 -32 -27 -30 77 64 38 41 0 0 -124 -24 -48 -45 -179 24 -42 57 -110 -23 -19 8 -8 23 -36 -5 -32 -18 -286 -25 -48 -44 -32 -29 1 9 -392 -3 -66 -53 0 0 -166 -103 -14 -1 -19 -11 -20 -8 8 32 -460 -88 -24 -8 -36 -9 -44 -3
0 0 0 0 0 0 366 -28 346 -15 66 -27 352 47 222 -87 40 10 4 13 216 -27 192 7 238 11 192 35 0 0 24 -38 170 -19 22 -41 124 2 107 -26 8 10 39 -42 90 -15 184 39 -11 15 25 -6 -11 17 0 0 -60 31 58 52 -36 13 -95 48 -16 34 -7 -32 -24 -54 -50 -46 -22 -8 -8 40 -120 -46 -43 -8 -136 -17 -62 -50 -136 -26 -92 -26 -192 8 -67 36 50 52 -330 9 -80 -86 -338 -62 -336 41 -184 -109 -80 -74 -62 -51 -48 -30 -231 -132 4 50 -58 -44 0 44 -5 32 -12 35 -66 -40 -205 -129 -36 5
34 47 0 -19 10 13 24 38 8 -58 242 -98 74 4 18 4 16 -13 4 2 -6 6 218 -12 170 -83 164 -5 0 0 0 0 64 -25 16 10 80 -78 25 -24 96 -44 94 -77 80 -42 82 -40 0 0 31 21 -50 24 18 29 -1 0 18 1 10 3 -35 -39 0 0 -33 -29 -68 -38 80 42 -101 -26 -17 -36 -162 23 -180 43 -184 -1 -58 -14 -206 29 -122 -10 -232 23 -48 -42 -224 -21 -103 -70 -38 -38 -44 -42 -54 -41 11 38 -310 -99 -57 -53 -48 -37 -46 -33 -48 -23 -58 -46 -30 -27 -5 9 -21 -8 -12 -7 -12 -3 -31 24
26 36 0 0 16 26 32 34 384 -1 6 -7 0 0 0 0 0 0 226 -42 83 -52 207 -88 8 -17 -24 -10 46 -70 174 21 28 -16 138 -24 106 -52 55 -55 132 33 60 11 43 -43 108 37 48 27 47 27 -6 -1 133 37 87 37 -6 -59 -16 -55 -65 1 8 23 -17 27 18 32 -6 14 -9 -19 51 -1 -6 -46 -131 -58 -128 -24 -86 -79 -72 -18 -90 -86 -32 26 -63 -20 -70 -37 -219 -48 -282 27 -2 32 -258 -55 -20 -1 -336 -90 -3 36 6 37 -31 -21 -11 5 -77 -67 -74 -68 -10 1 -62 -54 -8 -11 -13 -11 -112 -80
26 32 0 -4 -16 -22 195 -152 0 -1 134 -163 256 -108 162 -130 56 -34 280 -24 5 29 272 -31 264 -1 192 -71 154 -43 98 -69 134 0 83 -71 80 -51 69 -49 23 -8 58 -51 66 20 16 5 9 21 -23 28 -8 11 -8 12 18 21 -31 -6 -56 3 0 0 0 -28 -40 -50 -44 -66 -47 -97 86 24 -157 1 -160 10 -14 19 -70 -63 -146 -12 -200 -15 -87 -56 -147 -71 -89 -35 -82 -71 -66 -28 -213 -62 -45 -11 -322 -17 -55 -6 -32 24 -128 -92 0 6 -10 -10 -424 -46 -78 -73 -73 -66 -15 -25 -8 11 -12 12 -10 -19 -34 31
504 -48 0 -4 0 0 0 0 0 -114 -12 -81 173 -137 375 5 0 0 282 -19 219 -64 207 -59 256 -21 197 -66 211 -31 110 -77 24 -12 116 -74 65 -75 106 -76 56 -3 33 -12 16 -2 -8 5 48 14 -2 10 -10 9 10 2 42 19 -38 -11 -8 1 -24 -9 -48 -50 -28 0 -34 -5 -128 -12 -27 -65 -105 -79 -128 -22 -174 -21 -181 -10 -101 -41 -80 -47 -138 -61 -98 9 -156 -80 -162 -53 -106 -41 -144 -89 -256 -24 -248 -47 -253 -67 -58 -25 -282 -45 0 0 -65 -74 -408 -114 -101 -102 -434 22 -80 -89 -116 -132 -7 9 -18 -38 -56 -53
499 -60 0 1 443 2 -3 -5 394 -30 327 -87 -24 -117 62 -81 48 -85 68 -113 69 -58 211 -94 217 -71 51 -63 0 0 171 -83 136 -42 220 -6 108 -72 21 -6 192 14 -3 16 -8 16 0 0 0 0 48 11 -6 3 -15 -2 24 1 -67 16 24 3 -85 16 -64 -10 -81 -12 -42 -10 -27 2 74 10 -24 -46 -48 -56 -92 -40 -64 -51 36 12 -111 -19 -133 -13 0 0 -152 -56 -107 -10 -120 -70 -256 8 -214 -67 -224 -81 0 0 -120 -106 -290 -112 -16 9 -47 -50 -408 -64 -57 -81 -28 -47 -24 -50 -16 -53 -24 -57 8 -30 -8 -21
0 0 0 0 458 -41 353 -108 180 -179 367 -53 291 -122 0 0 -48 -108 35 -13 48 -58 267 -53 58 -106 312 -5 6 -18 156 -22 174 -77 108 -116 144 1 20 -4 23 -23 14 -6 28 -9 45 0 -8 2 0 0 22 3 36 8 -39 8 0 1 -9 1 -18 -1 -53 -8 -101 8 -25 -3 -86 -25 0 6 -48 -54 -64 -12 -47 -10 -96 -87 0 0 -122 -20 -140 -12 0 0 -78 -3 -136 -22 -155 -97 -200 -145 -80 -100 -98 -99 -280 -6 0 0 -365 -122 -48 -38 -66 -82 0 0 -57 -84 -16 -53 -3 -13 -32 -63 -9 -7 2 -27 -36 -64
438 -321 0 0 0 -5 2 0 1 -2 364 -85 144 -189 -2 -6 310 -76 330 0 40 -101 2 0 224 -51 174 -140 265 -14 179 -83 8 -41 124 -89 122 -42 79 -26 28 -13 24 -15 66 0 0 0 0 0 1 0 -25 -3 30 0 0 0 0 0 0 0 -21 -4 0 0 -33 -9 -41 -9 -32 -6 -84 -37 -72 -26 -88 -29 -74 -32 -88 -35 -118 -31 -128 -1 -154 -20 -176 -19 -119 -15 -107 -92 -177 -91 0 0 -27 -37 -320 -10 -316 -89 -320 -49 -383 -48 -320 -98 -64 -78 -16 -35 0 0 -311 -185 -9 -12 -3 -35 -16 -27 -9 -20 -51 -87
