192 112 101 145 76 130 104 120 94 116 56 129 17 160 23 161 51 111 -10 160 46 119 120 95 33 126 -48 64 73 121 40 96 66 96 59 106 -42 64 53 112 -96 62 25 137 -36 190 -45 190 -54 189 -63 189 -69 189 -81 189 -96 192 -104 192 -121 189 -130 188
127 119 186 130 203 119 208 88 200 96 120 120 81 88 156 95 -1 153 101 92 128 83 -27 153 84 104 74 104 111 81 40 88 0 120 84 102 -83 59 -89 125 -97 57 -33 116 -48 187 -44 182 -48 179 -60 182 -75 185 -82 185 -87 185 -98 185 -122 183 -126 184
135 108 121 208 114 176 113 173 142 96 174 89 1 110 -47 80 -63 79 104 86 48 113 136 82 -32 145 119 80 17 112 -65 47 -70 48 4 174 -80 55 -16 112 -20 176 -29 175 -40 176 -47 177 -55 174 -60 174 -72 177 -82 177 -89 179 -97 177 -108 177 -127 176
129 96 120 41 121 168 115 172 30 136 27 55 17 101 104 88 99 104 120 72 -16 104 88 90 112 88 32 104 -48 40 -55 41 65 96 -70 39 73 92 -83 32 -23 169 -33 167 -39 169 -44 172 -54 166 -60 167 -72 169 -77 168 -87 169 -98 168 -119 168 -129 168
56 24 57 127 114 49 111 164 189 78 53 63 176 64 115 64 96 95 -4 32 132 81 131 80 129 77 -38 30 -48 33 15 158 -63 32 -72 32 -4 158 -16 156 -96 36 -104 32 -103 23 0 -1 -46 48 -136 38 -63 -1 -155 38 -160 96 -169 37 -110 49 -120 49
219 70 88 88 77 55 117 151 184 54 23 120 120 57 120 62 64 88 153 71 145 71 -20 19 -32 24 -41 25 80 86 -58 16 12 152 -46 73 -9 89 -87 7 26 76 -103 9 25 72 -69 71 -17 76 -123 121 -71 152 -83 150 -97 150 -58 70 -38 56 -87 56
136 76 57 80 120 80 40 79 97 48 120 64 115 80 136 48 0 82 -7 14 139 65 -22 17 59 50 16 80 27 141 13 143 69 64 60 68 79 53 64 68 -37 144 -105 17 -55 144 8 81 33 79 28 48 -69 144 -102 144 -99 144 -48 72 -30 81 -21 53
136 75 120 69 112 134 104 71 113 55 132 40 13 24 9 5 152 57 -11 14 -16 74 73 39 -35 76 37 39 -39 -1 -58 12 99 52 96 72 -10 133 -19 136 -27 138 -33 137 -55 136 -61 136 -73 136 -87 136 -94 136 -132 127 -111 136 -120 136 -128 136 -135 136
119 124 185 127 48 96 40 96 129 32 160 31 81 59 165 49 0 -1 -9 66 142 28 72 31 112 32 0 -1 21 125 -57 127 -10 128 -21 128 -32 127 -37 127 -52 128 -39 16 -55 128 -52 128 -73 126 -85 128 -87 129 -102 128 -115 127 -119 128 -128 128 -137 128
63 -6 131 -41 39 -16 112 54 101 120 183 24 -48 120 127 44 4 -23 155 27 141 17 71 41 33 55 -103 117 -35 113 -10 115 60 152 4 124 -80 -7 -12 120 19 -13 48 43 -56 118 -50 124 -67 119 -82 120 -88 120 -96 120 -107 119 -115 119 -123 119 -132 119
77 81 120 48 207 18 71 50 -32 16 35 20 15 -16 164 30 164 12 56 38 -24 -16 112 48 135 48 -40 48 18 -14 87 -22 -4 112 -14 112 -14 112 -17 113 -27 112 -44 111 -113 49 -105 80 -64 40 -120 80 -119 33 -126 33 -161 41 -98 3 -93 2 -105 1
145 39 55 73 144 10 169 7 87 43 23 -24 19 -26 8 42 15 9 -8 68 82 8 48 38 18 104 88 41 -52 103 6 103 -64 40 -8 40 48 41 -89 39 -32 40 -73 41 5 0 -8 4 -16 8 7 6 -21 4 -41 8 -47 3 -55 4 -47 11 -40 4
8 0 120 0 192 0 184 -1 24 -40 24 -32 174 20 1 -2 104 9 136 -4 148 2 141 -11 128 1 -49 29 -44 27 -39 63 96 -9 -23 -17 -80 34 -56 32 0 -1 6 -7 0 -4 -8 -4 -17 -4 -11 -4 -15 -7 -8 -4 -33 1 -40 0 -64 -4 -55 -1
209 -9 149 -8 111 0 104 24 31 -40 18 -32 177 -13 176 -20 145 0 5 -6 -16 -50 131 7 121 12 112 12 108 8 -57 -50 48 14 87 -11 80 -9 57 -1 35 -12 40 -13 -4 -6 -7 -13 -12 -8 -23 -8 -7 -3 -23 -5 -23 -2 -57 -10 -47 -5 -45 -18
65 16 184 -17 175 -16 42 -48 32 16 135 5 167 -9 89 -1 169 16 120 16 -16 -57 -17 -57 -32 -41 -47 -48 85 -1 107 -19 99 -13 34 0 18 -16 44 -16 -94 -16 7 -1 -1 -2 -8 8 17 -1 -1 -2 21 -13 8 -25 -45 1 -8 -18 -32 -18 -32 -24
169 -25 54 41 110 26 41 8 160 -8 89 7 173 -21 38 -24 69 -52 73 -40 79 -26 70 -24 111 -8 104 -8 17 8 40 -25 48 -4 89 -9 76 -24 80 -19 -94 -39 -105 41 0 -2 -7 -9 -8 -8 -7 -8 -11 -8 -151 -66 -48 -3 -24 -26 -65 -4 -70 -10
129 -7 111 3 48 -56 184 -16 49 -31 11 -1 13 35 166 -31 0 -2 97 -37 75 -1 40 3 -33 0 69 -32 60 -18 42 -24 0 -2 0 -2 0 -2 0 -2 0 -2 49 -27 -60 1 -27 -33 -18 -18 28 -36 -64 -24 10 -30 7 -31 -4 -32 -13 -33 -87 -33
208 -41 54 -66 158 -20 104 -16 61 -24 88 -34 81 -7 141 -24 94 -41 118 -41 119 -40 147 -8 112 -40 55 -8 -48 -10 17 -12 63 -9 40 -40 65 -38 49 -40 64 -51 10 -18 49 -8 48 -9 -63 -9 -105 -40 -36 -21 -25 -10 -129 57 -167 -8 -13 -24 -96 -8
136 -16 217 -33 41 -80 169 -16 120 -22 120 -16 106 -19 64 48 103 -41 108 -40 114 0 -28 -84 139 -54 24 -13 16 -24 -56 16 0 -2 58 -49 -80 -16 57 -32 -15 -64 -104 -15 -11 -112 -120 -96 -127 -18 -43 -49 -81 1 -88 -17 -128 -16 -164 -88 -143 -49 -23 -59
65 -24 56 -94 69 -40 124 -71 197 -24 22 -89 102 -26 63 -8 124 -40 -9 -22 152 -50 68 -56 61 -56 67 -57 44 -28 38 -58 -23 -24 38 -50 16 -24 4 -56 -20 40 48 -41 49 -52 -54 -58 -64 -25 -136 -26 -129 -55 -153 -22 -32 -24 -104 -27 -45 -40 -41 -40
193 -49 147 -62 113 -32 193 -49 150 -48 153 -16 19 -112 40 -32 108 -48 112 -40 -18 -39 64 -30 59 -33 51 -33 43 -33 35 -32 0 -2 56 -31 11 -33 88 -32 -95 -96 46 -33 16 -32 47 -32 -128 -33 -71 -36 -68 33 -151 -31 -51 -48 -166 4 -44 -48 -59 -44
199 -56 128 -40 188 -55 113 25 106 24 97 22 89 21 9 -103 155 -57 129 -56 147 -68 139 -70 101 -63 41 -41 33 -41 25 -41 47 -70 56 -40 2 -42 36 -52 -96 -96 -103 -47 -41 -41 -120 -40 -192 23 -104 28 -145 -38 -25 -63 -95 -74 -24 -71 -175 -40 -183 -104
223 -80 132 20 124 14 104 17 88 16 79 16 71 16 68 16 66 15 65 17 58 16 106 -39 123 -62 -47 -112 91 -64 57 -65 95 -89 89 -83 76 -80 -32 -80 -31 -48 -39 -49 -113 -47 -121 -56 -20 -60 -108 -65 12 -66 3 -64 -153 -128 -40 16 -22 -60 -108 17
136 -58 119 -104 106 7 94 6 86 6 75 7 77 7 56 7 48 7 43 7 44 8 31 8 25 6 24 6 79 -72 59 -70 95 -95 92 -88 73 -73 39 -56 -97 8 -103 -54 47 -55 -120 -56 19 -72 25 -84 -78 -64 -22 -46 -168 -120 -169 -55 -182 -111 -121 6
0 -2 95 12 88 16 88 16 72 16 69 15 54 0 46 -10 22 1 28 0 32 0 0 -6 18 0 17 0 14 0 0 -2 3 0 0 -2 0 -2 -74 -32 17 -82 -7 -97 -10 -97 24 -96 -30 8 -71 -1 -146 -130 -23 -63 -125 -127 -8 -106 -20 -64 -128 0
58 28 23 0 49 24 55 8 28 24 68 8 19 -1 3 25 10 -2 3 -3 -24 4 20 8 -70 -9 -80 -8 -87 8 -16 7 -16 -8 -8 -6 -91 -76 71 -95 -104 -134 63 -72 -31 -72 -176 -104 -76 -74 -71 -80 -145 -71 -81 -6 -5 -88 -39 -80 -114 -9 -134 -9
39 1 9 0 49 -9 4 -16 -4 -16 29 -7 16 -9 16 -8 34 17 -37 7 -18 20 18 0 -68 -12 -77 -11 -41 -8 -88 -16 -64 14 -72 -78 -80 -48 -23 17 -23 -17 -58 -15 -73 -17 -71 -17 -66 -17 -69 -16 -76 -17 -105 -19 -95 -15 -110 -17 -113 -17 -185 -138
8 8 -8 -8 48 9 40 8 -5 8 -40 7 -9 -4 -56 8 -29 8 -48 4 -80 4 -74 8 -73 -8 -6 16 -86 -24 -51 -16 -65 -86 -22 -104 -81 -25 -41 -23 -81 -26 -90 -26 -120 -16 16 -156 -71 -25 -80 -25 -76 -136 -128 -26 -87 -22 -168 -145 -175 -167 -135 -120
18 -1 -6 0 15 0 8 0 -16 0 -40 -1 -47 -1 -54 0 -63 4 -72 -1 -80 -4 -87 -1 -81 -4 -104 -1 -6 0 -56 -94 -23 -108 -72 -32 -28 -29 -152 -17 -56 0 -13 -160 -52 -144 -43 -33 -52 -32 -61 -30 -81 -32 -82 -31 -160 -155 -167 -158 -107 -33 -153 -31
20 -4 27 -11 75 -12 -24 -11 -16 -8 7 -11 -47 -9 -29 -8 -46 0 -55 -12 -56 -8 -56 -8 0 -2 9 -40 -55 -73 -57 -41 -62 -40 -57 -23 -49 -4 56 -216 -97 -162 -28 -38 -111 -166 -123 -164 -54 -39 -61 -40 -132 -48 -151 -167 -165 -166 -100 -42 -236 -41 -135 -40
30 -27 111 -33 18 -24 8 -8 48 -24 -16 -13 -23 -16 -16 -16 35 -17 -24 -16 -80 -17 10 -18 -7 -16 -41 -109 -112 -52 -32 -33 -128 -20 -134 -17 -36 -34 -87 -174 -94 -176 -103 -174 -37 -48 -56 -50 -59 -47 -63 -47 -72 -47 -78 -50 -99 -49 -127 -37 -153 -32 -193 -32
64 -24 55 -24 41 -49 31 -48 23 -48 15 -48 33 -43 -40 -32 35 -23 -57 -25 -45 -24 -69 -17 -31 -120 32 -126 3 -57 -6 -55 -100 -52 -22 -36 -111 -28 -104 -40 -33 -58 -35 -57 -39 -55 -64 -57 -60 -57 -75 -56 -86 -56 -116 -63 -114 -56 -172 -50 -177 -23 -245 -22
