1 65 105 56 141 120 38 0 49 129 48 128 95 128 21 120 83 128 124 129 57 129 8 137 15 127 8 128 -5 55 27 50 82 96 38 96 35 95 22 96 -2 98 61 48 -34 56 -51 48 -63 64 -103 63 -83 128 -107 120 -63 96 -79 94 -85 96 -185 0
241 120 53 119 49 119 78 119 78 121 -40 89 -48 90 70 40 -64 88 16 120 9 120 7 121 21 121 -16 128 -24 128 5 119 -6 122 -14 121 -21 121 -24 120 -17 120 -26 116 -25 121 -134 120 16 128 -67 123 -96 136 -216 89 -92 41 -86 42 -208 2 -167 126
59 119 206 128 -15 49 153 80 148 15 70 112 -18 -9 55 32 64 33 41 41 39 112 28 128 30 114 33 112 9 113 25 119 19 113 -9 120 -25 113 -55 144 68 112 -93 105 -73 113 -82 115 -64 112 -38 124 -145 112 -97 112 -102 110 -153 120 -160 119 -170 114
104 40 135 26 217 64 105 38 125 72 95 21 47 105 43 106 61 104 12 104 27 103 38 103 37 106 -40 152 -26 104 25 104 23 104 104 96 20 97 47 107 -107 168 -168 72 -79 105 -100 104 -108 95 -30 107 -124 94 -47 108 -120 104 -139 105 -239 40 -140 104
65 -32 105 96 179 97 50 88 97 112 89 99 81 112 61 97 71 98 51 96 -41 99 41 111 12 16 7 24 -33 95 21 96 -41 96 -49 97 -41 97 -71 98 -160 30 -22 16 0 64 -28 65 -32 64 -42 65 -47 66 -45 66 -45 63 -58 64 -64 64 -74 66
110 86 155 56 -15 25 70 89 92 85 104 88 45 87 76 90 17 87 -7 86 -32 90 -16 90 0 88 17 87 14 89 -23 90 69 97 -135 25 13 55 -77 88 -160 56 -69 90 -15 56 -27 56 -35 56 -200 56 -34 56 -41 56 -51 58 -55 56 -81 33 -75 56
122 80 120 32 163 47 151 48 68 85 105 80 47 81 25 77 169 92 139 81 23 80 17 80 16 76 15 80 43 47 -55 -48 -127 49 20 44 -16 49 2 46 1 47 -12 49 -16 48 -5 47 -35 48 -45 50 -30 47 -40 48 -50 48 -55 47 -66 50 -72 48
84 70 105 0 157 40 154 40 48 79 89 69 54 77 83 79 9 64 64 70 -15 -56 25 72 4 75 -1 73 -51 -56 35 41 28 40 -74 -56 12 40 -87 -56 -17 -5 -10 42 -19 40 -26 42 -15 40 -43 41 -48 40 -42 40 -47 40 -58 42 -63 40 -88 16
88 73 103 64 95 56 104 -1 32 -64 86 64 79 64 7 62 -16 66 -10 26 26 66 -88 -2 -96 -1 -44 -64 44 32 25 -16 87 -48 81 -48 40 -33 8 32 -47 -16 27 -47 -93 72 -74 56 -62 1 -71 -16 -208 33 -55 34 -222 1 -111 55 -119 65 -127 65
155 23 55 -72 128 56 165 14 111 72 88 70 171 57 96 54 39 56 38 57 -19 -72 -88 -9 47 -23 27 -24 -49 -72 -22 56 -1 -9 8 72 -3 52 -69 62 -159 -7 -64 56 -90 60 -56 90 -67 58 -80 55 -53 24 -65 7 -64 11 -119 56 -97 56 -110 60
125 47 56 -78 96 48 100 -32 73 48 104 46 18 48 79 49 46 48 -72 -15 76 16 40 -17 -14 50 28 -2 65 16 40 24 -14 51 -49 48 -53 48 -151 -15 13 17 11 15 -1 15 8 -8 -191 -15 -199 -14 -66 0 -58 5 -74 0 -99 1 -239 -15 -247 -15
123 5 119 68 110 -23 55 47 104 39 25 38 16 -24 6 1 64 -39 -14 -88 24 46 52 44 25 41 28 42 -9 39 -120 8 32 -23 21 -8 0 -8 0 -8 -4 -8 1 -8 1 -8 -9 9 -36 -7 -46 -5 -48 -4 -67 -5 -78 -6 -78 -3 -82 -4 -105 -5
146 -48 145 -16 79 32 61 27 65 33 64 32 56 30 9 -96 -64 1 9 31 63 33 55 33 -7 31 -1 33 44 -16 26 -15 1 -31 15 -16 75 -8 -7 -47 -2 -11 -56 -47 1 -17 -7 0 -39 -13 -51 -14 -55 -15 -84 -11 -67 -11 -73 -11 -82 -11 -89 -11
31 -96 57 -103 97 24 96 22 97 -41 96 22 90 -56 8 -102 15 20 20 32 28 24 -4 25 41 25 41 -16 95 -18 35 -21 39 -26 40 -8 -35 -8 24 -7 16 -8 8 -7 1 -6 -55 -41 -63 -41 -72 -42 -79 -42 -12 -8 -17 -8 -58 -8 -66 -6 -85 -27
145 21 125 20 119 16 193 16 195 32 65 16 12 -112 7 -112 61 17 32 16 37 15 6 24 64 -32 40 -1 32 -16 41 -15 55 -32 -8 -49 -16 -47 -24 -49 -31 -49 -20 -62 -49 15 -32 17 -40 15 -49 16 7 17 -1 17 -7 17 -96 16 -103 16 -103 23
65 8 120 22 112 24 113 8 101 12 88 -72 7 -119 68 8 55 8 56 8 -33 23 59 8 33 -56 24 -72 16 -58 75 -24 -1 24 21 -27 9 -40 -152 -33 -40 8 -36 8 42 8 33 7 26 9 15 9 -74 8 2 8 -9 9 -81 7 -90 10 -33 9
140 6 136 -2 48 0 40 0 -32 -65 24 -128 59 1 62 2 73 0 64 -2 -79 -66 16 4 15 0 4 0 -8 0 -26 0 -50 5 -8 -3 -17 -1 -9 -3 -7 -1 -18 -2 41 1 34 1 -54 -4 -62 -4 9 2 1 1 -86 -4 -94 0 -103 0 -96 -1
136 -10 123 -5 136 -9 79 -8 -32 -40 40 -10 79 -11 83 -7 27 -11 23 -7 21 -4 80 -103 58 -41 52 -40 -1 -88 6 -9 -2 -8 -12 -4 -27 -7 -8 -9 -22 -12 -80 -9 -36 -9 -47 -3 -55 -3 -59 -9 -67 -10 -79 -4 -87 -4 -87 -7 -105 -11 -108 -9
128 -2 176 0 50 -16 130 -48 45 -16 101 -15 36 -16 87 -15 88 -48 70 -62 35 -15 35 -16 7 -12 10 -14 -3 -15 7 -16 -51 -8 -59 -8 -17 -7 -65 -17 -16 -15 -47 -18 -58 -19 -108 -16 -112 -11 -75 -19 -126 -12 -140 -16 -107 -17 -99 -18 -103 -11 -107 -15
49 -24 120 -10 -16 -91 57 -24 96 -26 -13 -152 33 -17 69 -24 47 -24 53 -25 -19 -25 -22 -24 15 -24 19 -23 2 -24 5 -27 -8 -26 -41 -8 -15 -20 47 -26 65 -24 -42 -8 -48 -8 -63 -24 -79 -27 -77 -26 -97 -8 -73 -24 -88 -23 -96 -26 -114 -24 -120 -22
136 -24 126 -28 48 -160 95 -32 135 -60 55 -31 49 -22 44 -24 0 -72 56 -16 100 -31 96 -31 31 -17 -48 -29 -17 -32 -37 -31 -1 0 0 -31 -9 -32 0 -30 33 -28 -80 -32 -65 -23 37 -29 -103 -25 -115 -31 -89 -33 -97 -32 -119 -32 -107 -64 -145 -32 -54 -160
64 -40 55 -104 95 -40 88 -39 100 -40 23 -37 113 -41 98 -96 51 -39 143 -36 -16 -90 24 -120 -15 -41 32 -39 -16 -23 -8 -121 -16 -118 0 -42 -42 -40 -31 -41 -159 -103 -56 -39 -17 -73 -45 -112 -48 -120 -75 -42 -123 -35 -119 -41 -97 -104 -121 -40 -158 -41 -108 -38
127 -4 89 -38 63 -43 137 -104 149 -47 120 -16 17 -49 16 -50 15 -48 34 -48 48 -32 -11 -52 34 -48 16 -48 83 -113 1 -40 -6 -50 0 -52 -81 -46 -30 -47 13 -80 -86 -48 -73 -57 -99 -49 -66 -128 -97 -48 -111 -48 -159 -176 -112 -48 -97 -48 -115 -48 -139 -136
80 -56 117 -58 103 -57 77 -56 88 -137 88 -120 98 -128 6 -184 15 -48 26 -53 -79 -118 55 -51 -5 9 -8 8 -13 8 -3 9 -20 9 -42 -55 18 -58 17 -54 -15 -137 -41 -40 -80 -60 -86 -56 -192 -116 -120 -55 -54 -88 -151 -184 -126 -56 -161 -55 -166 -56 -128 -56
87 -64 124 -62 88 -64 131 -100 125 -95 115 -95 -47 -127 54 -64 48 -66 -69 -96 33 -65 -5 -65 83 -63 75 -63 72 -63 64 -64 82 -72 -11 -120 79 -83 -87 -111 -31 -128 -39 -89 -45 -48 -3 -95 -34 -126 -32 -112 -27 -95 13 -63 -161 -61 -74 -72 -24 -95 -158 -60
116 -72 87 -105 192 -104 150 -104 145 -104 115 -115 105 -119 100 -120 104 -120 98 -121 75 -102 67 -103 -66 -192 4 -73 -19 -72 -39 -72 9 -66 -57 -67 -7 -68 -24 -136 -31 -152 -86 -66 45 -105 8 -174 -62 -135 -73 -137 -105 -73 -126 -69 -128 -68 -102 -121 -218 -198 -93 -104
136 -81 198 -112 145 -136 129 -123 123 -127 107 -127 114 -124 106 -126 80 -126 70 -124 78 -123 66 -125 48 -127 65 -128 2 -81 -44 -80 1 -81 -12 -78 -61 -74 -40 -80 -31 -129 -41 -144 -96 -81 -80 -80 -104 -79 -99 -81 -97 -79 -61 -116 -160 -208 -75 -112 -84 -112 -75 -112
105 -90 130 -136 124 -136 137 -133 113 -135 101 -132 102 -132 101 -133 97 -119 79 -133 61 -132 66 -132 62 -132 55 -131 56 -136 20 -136 40 -136 -25 -120 13 -113 -22 -151 -31 -152 -37 -88 -21 -96 -51 -87 -81 -88 -139 -216 -107 -87 -104 -88 -77 -88 -177 -24 -162 -96 -74 -118
159 -134 134 -142 125 -141 115 -142 109 -142 102 -142 94 -142 86 -142 78 -142 70 -142 61 -142 55 -143 52 -145 38 -142 31 -143 24 -143 11 -139 29 -142 -79 -224 -14 -90 -160 -162 -68 -96 -7 -92 19 -92 -63 -160 -96 -159 1 -127 -23 -208 -123 -95 -86 -128 -66 -144 -95 -143
141 -150 134 -150 123 -148 117 -150 109 -149 101 -150 94 -149 86 -150 77 -150 70 -150 62 -150 53 -149 45 -150 38 -150 30 -150 22 -150 13 -150 -7 -169 -59 -96 -152 -168 15 -135 -6 -151 -22 -148 -41 -151 -53 -152 -87 -120 -207 -167 -49 -153 -63 -154 -79 -151 -80 -152 -102 -184
142 -158 134 -158 126 -158 118 -158 110 -158 102 -158 94 -158 86 -158 78 -158 70 -158 62 -158 54 -158 54 -156 35 -158 29 -157 24 -157 1 -177 -55 -105 -41 -111 11 -157 -13 -156 -23 -157 -35 -158 -26 -156 -37 -158 -54 -160 -30 -144 -55 -144 -50 -144 -73 -143 -126 -198 -135 -191
142 -166 134 -166 126 -166 118 -166 110 -166 102 -166 94 -166 86 -166 78 -166 70 -166 62 -166 54 -166 46 -166 38 -166 30 -166 9 -185 -17 -105 -135 -183 18 -164 10 -164 -18 -166 -26 -165 3 -156 -25 -144 -31 -151 -26 -150 -49 -168 -37 -152 -66 -151 -171 -248 -85 -153 -89 -175
