126 129 55 128 128 190 101 128 53 127 48 124 41 129 104 65 124 65 128 131 136 128 -11 127 18 145 -21 128 -31 125 2 128 -17 145 7 0 -33 144 -73 138 -33 129 -39 129 -44 129 -7 111 -16 114 -141 128 -130 192 -58 34 -96 66 -135 63 -126 0 -116 0
173 116 59 120 110 90 77 57 127 57 40 127 39 122 40 55 33 58 46 120 0 128 37 120 112 122 40 121 17 121 11 121 60 120 -69 119 27 124 7 120 31 119 -103 119 -21 128 -79 119 -96 152 -50 119 -55 136 -91 120 -96 136 -108 120 -154 116 -164 116
100 49 99 53 112 50 105 50 77 45 117 48 32 110 44 112 64 112 -7 104 74 125 53 111 105 113 -41 113 68 104 38 112 57 92 -74 111 27 108 19 109 -94 112 -72 47 -51 111 -56 115 -135 112 -139 115 -32 113 -42 98 -79 128 -105 113 -152 112 -129 112
91 96 120 105 112 105 105 106 92 105 86 104 76 104 67 106 85 118 24 104 57 104 -24 104 94 41 56 40 19 102 81 105 -61 104 46 108 38 108 -24 134 0 40 -73 41 -71 41 -40 29 -86 43 -94 43 -61 33 -88 42 -97 42 -105 43 -113 42 -120 42
85 104 120 33 172 33 104 112 112 96 136 96 47 94 152 100 1 96 -7 95 -16 96 4 90 31 109 36 97 31 96 87 80 4 97 23 24 -36 34 -34 96 -56 32 -56 104 -48 34 -79 34 -96 32 -95 36 -64 22 -88 34 -104 20 -104 34 -112 34 -120 34
96 104 121 17 112 27 82 26 111 100 177 89 28 88 80 129 128 71 104 88 112 24 56 104 47 89 32 86 -17 24 -7 6 -17 102 8 14 16 26 -56 56 -36 15 -25 14 -47 23 -37 17 -72 17 -56 18 -80 26 -88 25 -105 12 -104 26 -112 26 -120 26
122 78 136 -48 112 16 105 16 89 80 104 81 111 -48 160 71 113 76 85 98 15 -48 40 95 23 81 -11 76 20 -48 -15 16 -28 13 -30 14 -41 16 -37 -48 -32 10 -25 8 -31 10 -40 7 -48 4 -72 15 -79 18 -88 15 -105 10 -104 18 -112 17 -120 18
96 9 115 71 128 -56 104 9 57 71 96 73 80 85 7 72 1 70 88 -32 48 85 3 73 -11 70 -1 5 -9 6 8 8 -27 6 -31 7 0 1 -24 8 -55 10 -37 1 -25 -56 -51 -56 -72 3 -67 -56 -72 -56 -80 -56 -81 -56 -94 -56 -104 -56 -110 -56
158 0 80 65 129 80 103 0 184 56 104 63 16 62 120 64 128 0 8 72 9 65 71 -9 0 0 0 1 2 64 4 64 0 1 -10 65 -33 80 -21 -64 0 1 -56 71 -33 65 -48 64 -56 68 -60 60 -73 -5 -88 2 -96 2 -95 63 -63 64 -54 46
84 64 86 -72 96 76 117 -72 89 55 176 47 124 57 -55 56 16 56 89 -7 23 -8 19 -9 97 41 -20 62 18 -11 7 -6 -8 56 1 61 1 71 8 -14 -32 -8 -40 -8 -81 -7 -70 56 -113 119 -99 56 -81 -8 -88 -7 -96 -7 -72 -4 -148 52 -155 52
130 67 98 46 112 -13 55 57 172 47 24 48 17 46 41 -17 24 49 38 -20 41 48 129 41 23 47 16 39 38 -80 -16 -12 -38 47 -37 16 -17 -15 -24 -15 -32 -15 -46 -28 -48 -14 -56 -14 -64 -15 -72 -14 -80 -15 -88 -14 -96 -14 -104 -14 -112 -15 -120 -14
128 -23 89 -24 64 40 39 73 34 38 135 41 143 -24 102 -29 44 -28 51 40 51 41 113 40 101 32 50 48 -15 -24 8 -23 0 -22 -8 -22 -16 -22 -24 -22 -32 -22 -49 -29 -48 -22 -56 -22 -64 -23 -72 -23 -80 -23 -88 -22 -96 -22 -104 -23 -112 -22 -120 -23
128 -39 134 -96 72 32 40 -30 65 -31 -32 32 79 -30 103 -33 32 -96 72 45 60 32 44 31 0 0 -8 -32 15 -31 8 -31 0 0 -8 -34 -15 -39 -47 -30 -32 -30 -62 -31 -48 -31 -56 -30 -64 -30 -72 -30 -80 -31 -88 -30 -96 -30 -104 -30 -112 -30 -120 -31
125 25 86 -23 143 41 146 9 95 27 154 -41 58 -44 102 -40 83 21 56 40 4 29 33 22 90 -40 57 -104 25 -104 7 -36 0 -38 -7 -40 -16 -38 -24 -38 -32 -38 -41 -41 -35 -104 -57 25 -65 25 -73 25 -80 24 -91 24 -104 15 -113 15 -100 -104 -104 -104
68 14 144 16 171 -3 149 16 185 5 68 -110 85 -112 67 17 41 16 55 15 114 16 10 20 32 -46 42 -64 16 -47 6 -47 13 -112 -10 -48 -14 48 -56 40 -79 24 -45 17 5 2 16 0 -16 10 8 0 -32 8 -41 10 -66 14 -39 13 -35 16 -57 7
128 50 185 -56 50 8 41 8 128 -56 59 -57 80 8 79 11 152 2 -8 8 107 -55 101 -55 42 12 15 8 -4 15 5 9 63 -54 4 -119 -33 22 -29 8 -103 7 -107 9 0 -2 -9 3 -16 4 -40 8 -24 8 -57 9 -33 3 -31 9 -48 4 -60 0
1 0 56 -8 175 -18 167 -64 72 -64 49 10 80 0 159 1 0 0 14 1 0 0 1 -1 0 0 55 -64 49 -62 -44 8 0 0 0 0 1 0 57 1 0 -2 0 0 -4 -4 -24 -3 -32 0 -16 -16 -4 0 -56 -2 -23 0 -41 -17 -44 1 -64 0
152 -8 169 -17 -15 -8 80 -77 116 -136 96 -4 167 -7 8 -16 40 -76 88 -70 1 0 6 -136 36 -136 -24 -1 26 -4 19 -9 11 -9 -47 -12 57 -7 60 -8 55 -8 -27 -5 -39 -4 -44 -6 -52 -6 -61 -7 -69 -7 -77 -7 -87 -3 -81 -8 -52 -24 -31 -13
63 -16 56 18 144 -120 56 -17 96 -16 34 -46 88 -16 80 -14 31 -80 68 -144 95 -32 -28 -18 0 0 22 0 5 -11 -24 15 0 0 -54 -16 0 0 -20 -18 0 0 -39 -16 -49 -14 -47 -12 -54 -12 -63 -12 -125 -16 -136 -16 -94 -16 -168 -16 -109 -17 -113 -17
216 -24 209 -31 112 -152 96 -25 72 -24 87 -25 41 -25 81 -20 26 -80 136 -24 63 36 40 42 -15 -28 73 -25 27 -23 -56 -32 55 -88 -43 -12 -81 -24 -88 -24 -97 -24 -113 -22 -109 -33 -53 -23 -65 -9 -73 -21 -72 -25 -150 -45 -10 -20 -33 -80 -93 -24 -191 -25
1 0 88 -94 110 -32 112 -32 85 -41 88 -32 81 -32 45 -32 63 -29 86 -31 -12 -30 -7 32 64 -16 66 -36 83 -99 72 -96 0 0 60 -48 51 -33 21 -30 30 -96 -37 -32 -86 -34 -27 -24 2 -99 -64 -32 -80 -32 -95 -30 -98 -95 -101 -48 -122 -32 -189 -29
191 -104 183 -104 72 -38 72 -40 141 -47 24 -40 96 20 71 -99 -7 -40 -3 -40 49 -41 38 -40 49 -35 29 -35 20 -39 7 -40 -9 -40 28 -40 -16 -55 -23 -40 -40 -109 -44 -41 -32 -168 -103 -40 -33 -168 -68 -40 -88 -40 -103 -26 -94 -56 -71 -136 -90 -27 -173 -45
128 -32 72 -40 65 -51 121 -176 62 16 128 -112 127 -47 72 -16 24 -48 53 -48 66 -44 39 -45 -35 -47 72 -64 62 -52 76 -48 2 -47 38 -48 16 -48 -32 -32 -32 -110 -27 -48 -96 -48 -36 -32 -96 -80 -40 -113 -105 -47 -63 -176 -128 -24 -13 -53 -146 -55 -171 -48
90 -60 193 -58 63 -46 73 -120 127 -120 40 -56 85 -184 68 -56 75 -52 88 -118 51 -184 10 -24 -3 0 -3 0 0 0 1 0 18 2 -39 -132 -19 4 -56 -18 -49 -116 -87 8 -87 -57 -84 -88 -31 -119 -9 -120 -81 -120 -88 -71 -135 -56 -85 -40 -160 -55 -129 -51
127 -64 97 -65 78 -128 103 -126 96 -127 88 -127 80 -128 50 -132 25 -63 31 -65 14 -68 -23 -83 -29 -64 78 -62 -46 -63 49 -67 0 0 -8 -58 -34 0 -71 -64 -24 -192 -57 -49 -32 13 -58 -192 -65 -126 -73 -126 -79 -85 -150 -64 -94 4 -232 -64 -112 -192 -152 -128
64 -80 119 -137 114 -143 104 -135 96 -135 88 -135 80 -135 72 -135 64 -134 56 -134 48 -135 40 -136 65 -134 -17 -71 -28 -72 20 -71 0 -56 -8 -72 0 -72 -26 -72 -84 -65 -63 -72 -33 -200 -95 -63 -69 -70 -121 -64 -113 -135 -113 -135 -143 -72 -126 -133 -107 -200 -103 -146
113 -61 131 -208 111 -141 104 -142 96 -142 88 -143 80 -142 72 -142 64 -143 56 -142 48 -143 40 -142 32 -142 24 -142 49 -142 7 -65 13 -80 -88 -70 -51 -80 -69 -136 -32 -142 -43 -80 -81 -112 -87 -64 -97 -64 -114 -81 -114 -67 -117 -145 -123 -72 -87 -208 -117 -208 -121 -143
127 -150 120 -150 112 -150 104 -151 96 -150 88 -150 80 -150 72 -151 63 -151 56 -150 48 -151 40 -149 32 -150 24 -151 16 -150 8 -150 0 -150 -8 -153 -6 -216 -26 -88 -23 -89 9 -103 -2 -102 9 -88 -95 -156 -71 -148 -110 -152 -100 -88 1 -105 -43 -151 -159 -24 -120 -150
128 -158 120 -159 112 -158 104 -159 96 -158 88 -158 80 -158 72 -159 64 -158 56 -159 48 -158 40 -159 32 -158 24 -158 16 -158 8 -158 0 -159 -7 -159 -17 -97 -58 -101 0 -164 42 -162 -1 -92 -23 -160 -65 -96 -75 -95 -62 -224 -85 -168 -121 -159 -125 -159 -113 -158 -120 -158
128 -166 120 -166 112 -166 104 -166 96 -166 88 -166 80 -166 72 -166 64 -167 56 -166 48 -166 40 -166 32 -166 24 -166 16 -166 8 -166 0 -167 -58 -96 -21 -104 -25 -167 -33 -167 -40 -167 -48 -167 -56 -166 -64 -166 -72 -166 -81 -167 -88 -166 -96 -166 -104 -166 -112 -166 -111 -232
128 -174 120 -174 112 -174 104 -174 96 -174 88 -174 80 -174 72 -174 64 -174 56 -174 48 -174 40 -174 32 -174 24 -174 16 -174 8 -175 -12 -120 -31 -112 -49 -175 -24 -174 -32 -174 -40 -175 -48 -174 -56 -173 -64 -174 -72 -173 -90 -180 -88 -176 -75 -181 -101 -239 -163 -112 -121 -182
128 -182 120 -182 112 -182 104 -182 96 -182 88 -182 80 -182 72 -182 64 -182 56 -182 48 -182 40 -182 32 -182 24 -182 16 -182 -5 -103 1 -104 -9 -183 -16 -182 -24 -182 -32 -182 -40 -181 -57 -188 -48 -248 -64 -185 -72 -182 -80 -183 -96 -189 -118 -180 -132 -184 -113 -182 -121 -183
