167 120 153 122 48 128 47 193 53 128 48 124 26 128 -56 63 0 0 -7 127 -8 193 56 129 33 128 15 128 17 127 20 128 2 129 -9 128 82 112 60 130 78 121 54 112 -17 128 -13 129 32 120 14 128 -97 144 -104 58 -224 101 -129 65 -163 136 -130 130
68 118 0 185 131 71 38 -7 -32 55 41 119 69 119 31 129 50 136 51 120 50 119 49 120 95 53 23 121 47 111 64 120 88 104 -3 116 12 112 13 111 0 118 -102 120 -47 160 -68 121 -64 122 24 104 -83 184 -87 117 -93 118 -92 120 -161 129 -169 128
98 16 118 47 111 47 104 48 1 -16 73 113 13 175 -21 -15 -6 111 -8 104 47 113 71 104 65 108 -38 111 24 117 104 108 49 102 25 106 17 106 19 115 -94 112 -93 112 -121 176 -124 177 -129 160 -133 111 -145 160 -153 160 -160 159 -137 112 -225 176 -152 112
80 104 178 104 145 100 201 97 101 100 185 89 15 106 73 104 62 104 55 108 143 103 -23 104 -25 41 15 105 -48 104 128 93 -59 103 -88 106 -54 103 -8 104 -84 112 -40 40 -114 -23 -29 72 -34 72 -22 72 -28 71 21 73 15 73 -9 73 1 72 -27 70
65 156 199 2 32 158 53 161 168 96 183 96 79 95 140 97 177 94 91 92 -16 96 52 96 -16 96 32 93 -47 96 -21 88 -48 161 -136 32 12 63 -30 96 -159 31 -105 145 10 48 -184 65 -192 65 -200 32 -32 48 -216 63 -36 50 -10 65 -63 48 -40 62
65 88 -8 55 160 56 39 -40 101 84 200 70 23 154 11 84 101 79 95 84 -15 32 49 92 45 90 -31 80 -111 23 -46 89 -34 98 17 54 -68 24 -78 143 -7 57 -168 57 -23 57 -3 55 -13 56 -200 56 15 57 24 56 -40 53 4 56 -16 56 -12 56
131 72 138 4 165 47 41 -46 89 82 21 82 80 79 104 74 176 80 -1 76 42 80 -3 79 -12 79 -44 143 -112 16 35 48 -127 16 -136 16 -143 16 -121 -44 -30 3 -168 49 -22 48 -181 49 -18 48 -19 47 -30 48 -36 46 -47 48 -52 46 -3 48 -71 32
80 72 123 72 127 -4 39 -56 94 72 104 88 192 72 104 75 -1 72 1 72 56 76 0 72 -8 72 -104 7 -112 7 9 7 32 -24 -134 9 -144 9 27 41 -82 8 -167 8 -100 80 -48 94 -64 9 -72 -7 -205 41 -63 36 -163 -56 -158 72 -121 72 -129 73
61 130 120 66 49 64 39 -64 33 64 24 64 114 57 112 60 32 32 7 73 2 66 -88 0 -1 -1 49 30 2 62 -43 72 -5 -17 3 64 -85 63 -152 -33 -97 -64 -104 128 -112 64 -57 94 -55 64 -63 66 -56 31 24 34 -10 16 -152 62 -48 65 -72 66
95 67 114 48 81 -8 99 56 96 57 120 50 193 54 13 54 14 64 -72 -9 -80 -8 21 -24 -41 56 -88 120 68 23 8 -9 0 51 3 57 -71 121 -57 56 75 24 -107 -71 -176 24 -24 -6 -94 56 -186 122 -206 -6 30 7 23 4 -65 9 -238 -6 -235 121
229 25 9 -16 113 -16 102 49 208 48 120 52 15 48 -24 -79 16 56 -71 -17 42 48 -26 42 20 48 15 49 -111 -17 5 -32 -76 110 -73 -80 -40 15 89 16 80 16 0 -1 16 -2 -4 12 47 16 16 8 31 1 5 9 4 7 16 1 7 0 0 -1
160 -8 56 -88 48 42 41 40 152 40 168 40 12 104 -56 -25 -63 -25 51 40 48 40 112 39 78 41 -37 40 -51 -88 68 0 0 -25 79 0 84 0 88 -7 85 0 -41 -24 65 10 59 9 47 -8 48 -6 37 -10 16 0 10 0 10 0 8 -1 0 -1
143 -64 175 -72 111 30 41 -34 46 -20 26 32 79 -34 -55 -34 -64 -32 1 97 57 37 42 32 -36 96 -100 -8 97 -1 37 -17 -65 -95 -75 -95 -144 0 -151 -31 -12 -43 -106 -95 72 2 22 0 51 2 15 -7 -1 -1 26 0 20 0 16 0 4 -1 -1 -1
127 23 104 24 225 23 189 15 97 25 24 -29 -19 -104 33 23 74 20 -4 88 28 -56 27 19 2 24 -9 -39 34 -52 26 -56 67 -8 99 -7 1 -55 -6 -55 28 -8 16 -16 -83 -39 -53 23 17 24 -73 24 -79 23 -89 23 -97 23 -113 25 -143 -39 -152 -40
171 16 56 16 147 8 208 16 -32 0 -39 -49 27 -47 67 16 38 16 55 16 145 16 41 -16 143 -31 -104 -49 25 -33 90 -16 1 -48 -119 80 -20 46 -56 32 -89 80 -46 16 31 15 50 16 31 0 25 0 14 -5 -57 17 16 12 5 1 0 0 -11 -1
128 9 119 9 48 8 39 8 128 -88 -39 -57 76 8 63 8 75 4 120 8 -13 8 -24 8 41 11 9 24 -1 24 -1 -1 72 -58 -40 -56 -47 -57 -59 -54 -29 9 -8 4 50 -8 -25 8 -32 8 -1 0 -48 8 22 0 16 3 8 -8 -30 8 -39 8
240 0 155 -8 111 1 -24 0 -31 -65 80 0 88 -1 175 0 146 -1 -7 64 -2 0 -2 0 -4 0 -17 2 -32 6 -3 0 -5 1 1 -2 -7 0 90 -14 -1 -5 0 -2 -16 -5 -25 -4 31 -16 24 0 27 -12 21 -18 13 -18 4 -16 -3 -15 -7 -13
222 -24 231 -7 49 -8 127 -42 83 -7 92 -12 92 -7 8 -8 -4 57 42 -9 -1 1 -88 -38 -11 -73 -23 -3 25 -6 8 -8 8 -5 3 -5 -13 -8 60 -7 -101 -6 -32 -4 -38 -6 -46 -6 -55 -3 -61 -8 -65 -6 -142 57 -161 55 -89 -6 -1 -26 -187 -13
160 -12 160 -16 48 -80 85 -1 108 -18 -39 -33 15 -24 7 -14 135 -62 57 -80 48 -16 43 -15 -18 -12 14 -14 0 -2 9 -14 16 -16 -58 -8 -83 -22 -13 -11 -97 -19 -47 -16 -31 -16 -48 -13 -99 -4 -106 0 -130 -16 -136 -7 -108 -16 -80 -16 -176 48 -112 -17
136 8 -8 12 59 -88 112 -18 33 36 104 -24 88 -19 -8 -23 1 -88 96 -25 81 -30 -88 -24 32 17 -45 -24 32 -8 10 -25 -65 -23 -71 -24 79 -24 32 -25 64 -32 43 -23 -32 -8 -61 -24 -72 -20 -56 -25 -69 -23 -166 -24 -169 -24 -94 -24 -118 -23 -121 -23
64 -32 27 -156 126 -30 41 28 5 -160 77 -32 69 -35 24 -24 63 -31 102 -32 96 -32 52 -32 33 -30 60 -38 -48 -158 -54 24 0 -2 107 -33 69 -33 16 -33 20 -32 -55 -30 -36 -31 -9 -31 -113 -95 -57 -32 -71 -27 -104 -16 -140 -28 -104 -98 -79 -64 -121 -26
0 -40 67 -38 55 25 125 -24 177 -52 136 -42 79 19 73 -106 104 -40 -12 -44 -3 -32 -88 -104 48 -44 -41 -38 16 -28 -8 -24 -50 -40 63 -40 -80 -166 -25 -43 -47 -56 -57 -45 -176 -72 -55 -104 -67 -104 -73 -44 -144 -38 -89 -120 -160 -104 -137 -40 -159 -42 -113 -38
78 -39 70 -128 -16 -79 -24 16 75 8 87 -41 59 16 67 -47 3 -48 42 -47 66 -49 39 -46 31 -53 23 -47 118 -67 7 -32 0 -2 28 -48 17 -48 -24 -38 0 -80 -21 -48 -70 -31 -108 -48 -84 -128 -127 18 -144 -48 -141 -114 -130 -48 -109 -48 -159 -48 -136 -33
137 -51 120 -40 128 -57 51 -56 49 -142 89 -120 112 -118 39 -120 15 -56 0 9 -14 -184 82 -68 0 0 0 0 0 0 0 0 -19 -3 91 -53 23 -65 33 -56 -104 -180 -31 -48 -47 -64 -43 -56 -132 7 -77 -55 -208 -88 -153 -183 -143 -58 -151 9 -164 -48 -156 -46
127 -63 55 -62 -15 -129 133 -96 -32 -128 -40 -129 7 0 5 0 21 -65 5 -55 43 -63 98 -64 65 -69 56 -70 48 -70 41 -70 0 -2 -7 -81 16 -66 -23 -143 2 -96 -164 -106 -64 -48 -120 -192 -64 -143 -86 -96 16 -95 -88 -64 -80 -2 -105 -65 -106 -112 -161 -63
64 -72 -8 -103 165 -106 185 -104 209 -102 205 -103 63 -103 54 -104 -2 -200 -9 -200 -80 -137 -53 -191 -35 -9 -27 -7 -38 -8 24 -72 112 -72 -14 -72 -81 -79 -24 -136 -29 -104 -119 -72 -170 -4 -19 -106 -63 -136 -56 -150 -136 -8 -125 -71 -137 -72 -177 -8 -175 -200 -248 -103
6 -13 101 -112 193 -112 218 -130 177 -112 201 -112 193 -111 186 -129 180 -128 176 -128 153 -128 49 -128 63 -144 -40 -206 -34 -70 -2 -80 12 -80 -8 -78 -79 -81 -16 -74 -94 -24 -104 -145 -57 -78 -106 -80 -56 -75 -63 -77 -129 -143 -132 -144 -61 -175 -87 -160 -77 -174 -96 -114
2 -151 -6 -127 224 -120 220 -118 207 -129 208 -120 141 -127 71 -152 63 -153 165 -133 135 -128 127 -128 126 -128 136 -133 -50 -216 -58 -216 -68 -23 -75 -23 -143 -151 -32 -161 -33 -151 -106 -96 -58 -88 -61 -88 -75 -87 -199 -151 -128 -24 -136 -152 -99 -88 -106 -86 -115 -88 -104 -170
248 -136 240 -137 232 -136 224 -136 216 -135 208 -138 200 -136 188 -136 180 -144 168 -136 168 -136 135 -160 144 -136 141 -136 130 -136 126 -126 114 -137 42 -128 -79 -160 -16 -96 -86 -30 -8 -100 -15 -102 -22 -100 -64 -161 -81 -168 -58 -129 -214 -158 -140 -97 -141 -96 -153 -95 -38 -153
248 -144 240 -143 232 -146 224 -143 216 -145 207 -145 200 -144 192 -144 184 -145 176 -144 168 -145 160 -144 152 -144 144 -144 136 -144 128 -144 120 -145 -8 -170 -65 -104 -99 -41 -160 -167 -56 -135 -35 -152 -122 -232 -94 -104 -120 -39 -115 -104 -153 -231 -46 -136 -22 -136 6 -135 -25 -151
248 -152 240 -152 232 -152 224 -152 216 -152 208 -152 200 -153 192 -152 184 -152 176 -152 168 -152 160 -152 152 -151 144 -152 136 -152 128 -153 1 -179 4 -112 -4 -112 54 -143 80 -160 73 -159 68 -152 64 -152 52 -161 40 -144 35 -144 -1 -152 -31 -151 -6 -147 -97 -209 -21 -208
248 -160 240 -160 232 -160 224 -160 216 -160 208 -160 200 -160 192 -160 184 -160 176 -160 168 -160 131 -171 152 -160 144 -160 136 -160 101 -182 -47 -122 -45 -120 -29 -151 96 -160 88 -160 80 -160 72 -160 37 -167 52 -152 -57 -217 -49 -151 -9 -152 -10 -152 -122 -199 -145 -120 -196 -57
