225 111 217 111 204 136 85 126 89 129 83 129 72 128 40 141 31 133 48 126 46 128 43 128 -34 121 -39 120 -49 121 -71 143 40 128 -80 129 -79 127 -89 128 48 129 23 112 -110 127 -25 137 -40 128 0 128 -151 127 -89 129 -97 145 -98 124 -113 145 -113 129
147 137 118 56 112 55 79 55 73 120 97 130 32 120 24 128 65 122 55 137 -17 120 54 124 -34 118 -41 119 87 102 41 119 29 120 -85 120 -80 120 71 103 65 103 -3 152 -75 124 -57 123 -136 120 2 104 16 102 -152 118 -170 121 -184 135 -99 124 -109 125
124 114 89 49 80 49 75 50 67 128 40 112 51 109 26 110 4 111 52 110 45 121 -22 110 128 109 44 130 21 112 39 113 75 97 88 96 79 96 72 112 -10 127 -64 112 -101 57 -105 55 -82 126 -92 113 -144 -16 -49 17 -86 64 -104 47 -114 81 -120 48
120 103 230 101 228 103 215 97 164 39 168 87 111 113 8 104 -15 105 135 104 -16 104 -88 104 9 121 -40 138 -49 144 41 104 6 112 -1 109 -36 102 -23 104 -67 120 -89 104 -49 39 -84 36 -93 36 -94 41 -104 41 -95 28 -105 28 -128 40 -120 26 -124 24
95 110 121 32 104 95 98 94 128 99 16 96 80 100 -56 96 152 97 154 78 97 94 44 100 25 97 23 112 20 103 -13 97 38 102 -35 30 -39 34 -31 101 -56 31 -58 110 -58 16 -81 30 -87 32 -112 32 -104 33 -89 16 -100 16 -125 32 -116 16 -125 16
121 96 112 12 88 24 137 24 18 86 19 95 71 88 -3 88 110 88 136 89 21 92 43 89 41 95 33 90 -7 22 45 23 -43 89 -31 26 -46 23 -31 87 -53 17 -42 8 -72 25 -81 24 -87 25 -97 24 -104 25 -99 8 -120 25 -112 12 -136 25 -129 12
129 112 97 8 133 8 55 81 95 94 25 60 14 116 152 80 161 65 133 16 47 81 36 77 32 80 17 79 -26 20 -12 10 -29 15 -47 15 -40 15 -51 89 -48 81 -64 16 -71 17 -78 15 -64 15 -83 0 -104 17 -96 0 -101 -1 -127 17 -135 17 -128 0
127 72 57 66 85 11 138 10 95 88 8 73 168 73 176 56 113 70 42 72 41 72 6 72 9 73 8 73 -2 72 -24 8 -19 0 24 -19 24 -16 -31 -6 -49 73 -68 8 -94 73 -50 69 -80 80 -71 90 -111 80 -56 -25 -65 8 -153 88 -176 106 -183 62
114 64 56 108 97 77 137 1 151 48 19 61 129 62 152 64 64 98 33 63 16 64 19 68 -1 1 0 -4 -32 65 -31 63 -32 0 -72 64 -80 57 -73 74 -1 1 -47 62 -46 64 -58 61 -60 68 -65 64 -103 80 -88 0 -96 0 -104 64 -61 68 -23 69
96 70 121 56 66 72 40 86 32 56 168 56 176 54 71 87 23 56 33 55 14 -8 17 62 -30 56 23 24 7 -16 8 -7 4 57 -104 73 -8 57 8 -41 -32 -8 -9 -6 -49 -9 -55 -8 -62 10 -70 10 -81 -9 -88 -8 -96 -8 -104 -8 -101 8 -110 8
62 40 88 63 80 -16 25 49 184 49 200 49 112 51 55 48 48 48 41 48 48 52 -38 61 -17 48 -47 64 -21 59 -7 48 -9 47 -9 -17 -17 -17 -24 -16 -32 -16 -45 -32 -47 -18 -66 -23 -64 -16 -72 -16 -80 -16 -88 -16 -96 -16 -104 -16 -112 -16 -120 -16
128 -24 102 41 112 59 32 40 191 24 157 41 80 72 54 40 43 41 47 45 -22 40 -24 41 61 48 46 54 15 -25 7 -25 0 -23 -8 -24 -16 -24 -24 -24 -32 -24 -72 -24 0 -57 -56 -24 -64 -24 -72 -24 -80 -24 -88 -24 -96 -24 -104 -24 -112 -24 -120 -24
95 -32 119 33 112 37 103 -32 65 -32 152 -31 80 -32 55 32 15 34 75 48 61 32 -25 31 -1 1 23 -33 37 -40 8 -33 -63 -33 -14 -48 -37 -34 10 -61 -65 -32 -8 -63 -49 -32 -56 -32 -64 -32 -72 -32 -80 -32 -88 -32 -95 -35 -112 -45 -111 -35 -120 -34
127 27 88 24 201 17 41 24 33 24 55 26 51 38 45 20 -11 24 16 24 15 24 41 24 -33 7 -23 23 -6 -36 8 -44 0 -40 -8 -42 -17 -39 -24 -39 -32 -40 -40 -39 -82 -38 -120 57 -129 24 -137 24 -144 16 -153 58 -161 57 -169 57 -129 32 -187 57
230 -1 47 26 188 1 201 17 96 46 56 16 49 29 71 32 32 32 55 33 -18 16 24 32 32 -48 -5 20 16 -48 24 -62 -31 -48 -41 -16 -64 18 -55 33 -68 32 -87 15 -111 16 -9 4 -7 17 48 -1 17 10 -25 16 3 9 -1 1 -24 8 -16 10
64 8 199 8 224 10 152 6 47 16 37 9 81 12 71 40 -1 1 -8 9 -13 9 -36 26 -11 8 -17 8 -30 7 -11 16 64 -54 -49 20 -47 -55 -74 8 -98 0 -103 8 49 8 8 8 32 12 26 5 -17 8 -9 -4 11 2 -8 9 -30 0 -17 8
215 1 168 1 192 -2 104 32 77 1 40 -1 0 0 0 1 -1 1 56 32 -1 1 1 1 -1 1 0 0 -1 1 -29 -4 1 1 -87 14 -104 9 -91 2 37 -12 24 -2 58 -4 -1 1 31 0 -5 1 -31 -1 -24 0 -34 -8 -4 0 8 -12 -31 0
208 -6 216 -10 208 -10 72 2 47 -8 11 -12 11 -10 -1 1 24 -5 32 -8 32 -8 2 0 7 -78 -7 -8 9 -3 17 -3 -79 8 3 -6 -79 -11 8 -4 -2 0 -31 0 -35 -8 -34 -7 -42 -8 -154 0 -57 -8 -66 -8 -77 9 -31 -70 -84 -7 -72 -8
240 -15 56 -16 -16 -80 56 -16 107 -16 27 -36 9 -7 7 -17 84 -87 91 -75 0 1 40 1 -3 1 23 1 8 -14 -57 20 1 -11 -7 -16 -1 0 -15 -12 -113 -4 -40 14 -53 -9 -52 -15 -65 1 -61 -12 -69 -12 -94 -16 -94 -18 -168 -16 -65 -28 -87 -16
217 -32 185 -87 80 -25 111 -23 32 40 95 -20 90 -20 83 -21 32 -72 -7 -24 144 -41 143 -39 9 -24 -41 -32 23 -19 8 -10 4 -23 -7 -6 -82 12 22 -25 39 -39 -102 -26 -40 -25 -51 -25 -59 -23 -72 -8 -145 -32 -154 -32 -27 -41 -64 -26 -191 -25 -92 -24
176 -48 102 -32 110 -32 88 -20 81 -31 79 -32 69 -31 41 -32 65 -28 119 -37 144 -48 -26 -32 31 -16 69 -34 16 -33 30 -16 -1 0 -73 -38 -84 -31 16 -30 25 -34 -47 -33 -40 -32 7 -32 -64 1 -67 -32 -64 -32 -88 -15 -96 -15 -105 -96 -112 -32 -97 -31
128 -8 120 -39 45 -47 101 -32 32 -40 167 -55 15 -48 73 -105 113 -45 82 -32 44 -40 37 -40 -40 -32 47 -40 -17 -40 -9 -40 -3 -39 89 -40 7 -40 -24 -10 -63 -71 -65 -39 -80 -24 -56 -104 -84 -36 -81 -39 -148 -36 -120 -40 -103 -42 -151 -41 -111 -9 -201 -40
130 -47 72 -49 129 -128 145 -46 80 10 21 -8 80 14 69 -46 4 -48 79 -32 49 -32 39 -28 32 -40 -40 -112 -52 -42 -55 -48 -32 -48 48 -64 -81 -48 -27 -40 -31 -112 -89 -46 -47 -18 -56 -33 -86 -48 -153 -31 -112 -48 -82 -42 -143 -47 -169 -111 -172 -19 -120 -31
137 -47 119 -39 63 -40 103 -56 43 -88 57 -87 94 -42 72 -57 63 -56 55 -38 63 -40 -23 -57 128 -76 119 -73 113 -73 87 -72 -63 -57 46 -59 81 -71 56 -72 -32 -133 -45 -52 -136 -48 -54 -55 -135 8 -120 -57 -113 -40 -131 -125 -88 -24 -167 -56 -116 -56 -112 -48
50 -64 152 -55 92 -64 72 -130 77 -66 49 -63 33 -64 79 -59 71 -63 8 -65 45 -63 133 -81 -5 0 -12 0 -7 0 -3 0 0 -2 -5 -130 79 -81 -25 -66 -33 -128 -9 -129 -48 -64 -59 -64 -96 -128 -92 -66 -79 -128 -105 -128 -161 -72 -105 -64 -103 -64 -121 -66
56 -64 99 -71 111 -137 103 -136 96 -136 87 -153 59 -138 51 -143 49 -56 34 -72 44 -74 32 -75 49 -57 44 -58 83 -135 33 -73 112 -90 1 -65 96 -71 -19 -121 -58 -72 -89 -56 -35 -72 -73 -135 -66 -137 -110 -136 -98 -136 -167 -56 -64 -64 -94 -66 -113 -40 -144 -71
136 -50 96 -145 111 -147 104 -144 96 -144 88 -144 80 -144 72 -146 64 -144 56 -144 48 -145 72 -142 2 -78 0 -80 11 -80 17 -72 5 -80 -8 -72 -93 -83 -14 -76 -96 -18 -50 -80 -98 -80 -102 -81 -70 -76 -80 -76 -112 -64 -117 -144 -145 -78 -120 -62 -143 -144 -153 -79
95 -150 119 -151 112 -152 104 -152 96 -152 88 -152 80 -152 72 -152 64 -152 56 -152 48 -152 40 -152 32 -152 24 -152 -4 -87 1 -90 15 -87 -88 -72 -58 -84 -54 -84 -34 -152 -57 -80 -48 -70 -89 -88 -66 -84 -71 -88 -64 -66 -120 -160 -129 -88 -152 -70 -156 -72 -154 -72
128 -161 120 -160 112 -160 104 -160 96 -160 88 -160 80 -161 72 -176 64 -176 56 -160 48 -160 40 -160 32 -160 24 -160 16 -160 8 -160 0 -160 -8 -160 -51 -160 -25 -79 -47 -87 -102 -100 33 -117 -9 -98 -125 -49 -73 -160 -98 -79 -122 -91 -169 -89 -81 -96 -95 -96 -136 -83
128 -168 120 -168 112 -168 104 -168 96 -168 88 -168 80 -168 72 -168 64 -168 56 -168 48 -168 40 -168 32 -168 24 -168 16 -168 8 -168 0 -168 -8 -169 -64 -104 -19 -97 -64 -104 -52 -106 -23 -105 -26 -96 -187 -45 -79 -100 -104 -88 -135 -105 -107 -105 -155 -160 -142 -135 -120 -168
128 -176 120 -176 112 -176 104 -176 96 -176 88 -176 80 -176 72 -176 64 -176 56 -176 48 -176 40 -176 32 -176 24 -176 16 -176 8 -176 0 -176 -40 -176 -47 -113 -54 -104 -32 -177 -40 -177 -48 -176 -56 -176 -64 -176 -71 -177 -80 -176 -88 -176 -97 -177 -104 -176 -112 -176 -119 -176
128 -184 120 -184 112 -184 104 -184 96 -184 88 -184 80 -184 72 -184 64 -184 56 -184 48 -184 40 -184 32 -184 24 -184 16 -184 8 -184 0 -182 -48 -120 -44 -152 -25 -185 -32 -184 -40 -184 -48 -184 -56 -184 -64 -184 -72 -184 -80 -184 -120 -184 -118 -182 -116 -200 -127 -119 -121 -104
