192 112 147 97 140 95 135 96 119 97 63 123 107 96 99 97 60 111 9 161 71 104 74 127 32 129 -45 129 -43 129 41 96 27 128 9 128 -43 65 43 128 -96 112 24 128 -38 189 -46 190 -52 188 -61 188 -69 189 -77 193 -93 192 -108 191 -107 191 -127 188
60 49 218 122 227 121 176 120 128 104 119 120 81 88 152 89 8 132 104 90 81 119 -25 152 -3 88 -10 87 123 104 104 97 33 85 80 103 90 120 -88 150 55 108 -32 116 -41 184 -121 59 -128 58 -135 56 -73 185 -82 184 -87 184 -97 184 -106 184 -113 185
92 80 121 207 119 176 41 50 32 80 199 72 127 97 7 144 96 111 87 111 48 114 38 96 -31 64 -16 41 122 111 -57 113 -66 113 3 176 47 128 -55 97 31 128 -29 175 -36 171 -45 175 -54 176 -63 176 -72 176 -82 175 -89 177 -97 175 -105 176 -114 177
136 106 106 56 122 168 112 170 31 135 200 72 15 106 73 105 93 102 78 86 -17 107 6 71 78 86 24 104 -47 40 -58 43 65 104 -70 39 73 89 -89 32 -98 42 -28 167 -36 165 -47 168 -53 167 -62 166 -70 167 -78 166 -89 169 -95 168 -106 169 -110 166
64 80 57 126 112 34 115 159 30 130 159 65 160 60 102 72 88 96 -8 94 14 63 127 84 96 80 -40 25 -45 28 20 161 -66 32 56 101 -81 32 -11 161 -91 23 -101 32 -111 16 -119 88 -63 32 -139 34 -143 38 -216 32 -160 16 -169 97 -175 88 -184 88
220 70 89 88 176 57 167 88 175 58 24 120 -47 132 103 86 64 89 25 56 143 73 129 73 -31 25 87 88 83 88 -57 -40 65 97 -32 88 -8 88 -77 15 34 88 39 72 71 72 -57 77 -56 60 -110 58 -70 151 -82 155 -96 154 -38 57 -79 87 -64 64
79 64 56 0 121 83 40 80 97 48 127 48 117 79 64 81 4 -48 145 65 140 64 104 80 72 56 23 79 23 145 19 145 97 41 -72 110 -23 49 72 80 -26 145 24 80 -41 141 45 79 35 79 28 80 -69 143 -103 142 -94 148 -4 79 -13 79 -21 79
145 56 120 70 111 7 105 71 103 74 115 70 15 23 8 70 152 56 1 0 16 74 113 40 -17 104 -9 72 -39 0 -58 0 95 72 90 73 -18 132 -29 136 -38 135 -34 137 -42 137 -49 136 -70 136 -73 137 -80 137 -89 137 -110 136 -118 135 -126 135 -128 153
138 129 127 126 217 48 41 77 120 64 88 67 80 65 162 48 153 49 9 97 79 32 74 32 65 64 16 66 23 125 -39 112 1 0 -15 126 -17 129 -20 130 -32 128 -39 -1 -41 129 -46 128 -71 125 -87 127 -81 128 -89 127 -98 128 -120 127 -126 128 -138 128
191 63 55 -23 48 56 -24 116 25 -2 110 36 160 -6 4 -15 -1 59 119 36 168 40 74 22 33 55 30 118 27 119 17 120 64 56 -1 120 48 56 38 66 -25 120 -37 153 -42 121 -46 119 -66 117 -79 117 -74 122 -78 120 -90 120 -112 118 -121 119 -130 118
160 32 121 47 112 46 137 16 31 79 23 80 170 35 9 -24 175 8 30 -16 -17 51 -24 78 135 48 -40 50 1 0 14 112 5 111 -12 112 1 0 -17 112 -26 111 -33 113 -107 43 -25 15 -57 59 -49 25 -113 50 -121 50 -156 -4 -136 49 -147 48 -153 48
156 38 57 55 48 -10 104 41 96 40 23 -28 12 -32 7 -8 -47 72 -9 -8 81 8 48 40 106 -14 25 136 23 106 3 104 -63 41 -9 55 49 40 73 39 -31 40 -105 -7 2 10 -7 6 -14 13 -22 10 -31 8 -7 8 -89 11 -39 6 -64 12 -71 12
96 32 176 -9 140 34 40 -16 160 32 178 16 16 61 173 -8 128 0 102 -1 101 16 94 12 -2 -1 -42 65 96 16 -40 66 -128 71 -40 33 -79 34 -89 -15 1 0 12 4 1 -4 -8 3 -14 -4 -23 1 -32 -5 -40 -8 -4 8 -42 2 -63 -4 -82 1
121 23 152 -8 -16 -8 104 26 160 24 41 57 111 10 111 -7 116 -10 6 -6 129 9 130 9 120 12 116 6 -48 -44 -55 55 28 -8 -82 -9 98 8 32 -6 19 -12 1 0 -18 24 -3 -12 -20 -1 9 -7 -9 -10 5 -11 -131 -8 -232 68 -64 -10 -74 -13
72 25 120 16 119 17 191 4 32 18 -36 51 175 -9 132 -16 159 18 120 16 -15 -112 -25 17 -33 -53 -40 -55 129 14 -56 47 -122 48 62 18 22 -16 39 -16 74 -16 0 -1 -85 -16 1 -1 -2 -1 1 -1 -1 -1 -150 -112 -159 49 -168 -32 -60 -24 -55 -17
179 -27 56 24 200 -4 57 41 32 38 88 -24 44 -24 9 -40 -64 -52 -7 9 80 -24 74 -16 -31 39 57 -8 20 -4 88 -32 32 -8 0 4 16 -8 9 -26 23 -25 -104 40 -113 39 -12 -8 -12 -6 -112 -24 -114 -26 -135 40 -67 -24 -24 -20 -176 -40 -25 -31
184 -41 120 0 63 -72 38 31 183 -15 37 34 146 -18 125 -16 1 0 104 -30 75 -2 -88 -32 0 -1 52 -4 92 -16 7 -32 1 -1 1 0 1 -1 1 -2 0 -1 -41 -16 14 -33 -22 -33 4 0 -193 33 -115 -61 -24 -20 0 -1 -7 -1 -22 -22 -72 -30
180 -43 184 -8 125 -30 105 -40 63 -7 116 -40 113 -41 175 -9 91 -32 104 -46 112 -8 104 -9 80 -48 52 -8 -48 -8 12 -22 56 -24 39 -35 69 -40 39 -30 69 -10 36 -20 50 -8 53 -8 0 -1 -138 24 -17 -26 -22 -11 -95 55 -195 -112 -176 -8 -72 -38
126 0 207 -31 48 -89 169 -16 123 -21 -40 16 107 -19 9 -18 91 -47 55 -48 152 -34 -9 17 129 -40 25 -15 52 -50 36 -48 -64 -18 64 -48 -47 -15 52 -32 -50 80 -67 -28 -114 -32 -48 -20 -130 -12 -97 -96 -113 -24 -121 -28 -163 -1 -168 -16 -150 -48 -7 -16
176 26 70 10 188 -40 88 -73 205 -23 186 -24 178 -25 161 -25 1 -24 -7 9 139 -27 -88 20 65 -56 51 -29 44 -28 39 -55 29 -56 22 -25 15 -25 -25 12 -96 -84 -103 -74 -95 8 -184 17 -65 -11 -135 -24 26 -25 -21 -9 -127 -24 -103 -25 -59 -40 -51 -40
65 -2 167 -64 113 -32 40 -105 160 -31 201 -32 26 -103 191 -49 1 -1 -8 -32 1 -1 88 -62 28 0 19 -1 12 -1 -1 -1 1 0 -75 -20 -35 -5 32 -16 31 -17 47 -32 57 -48 43 -30 0 -1 16 -49 -88 27 -153 -80 -89 -39 -105 -45 -48 -34 0 -48
63 -9 120 -39 111 59 114 24 107 24 99 24 80 20 136 -40 141 -56 125 -56 115 -56 97 -60 91 -61 49 -33 50 -40 33 -40 29 -40 56 -40 1 -40 42 -24 -43 -68 -89 -57 -48 -38 9 -8 -128 -42 -103 24 -134 -6 -61 -58 -96 -72 -104 -76 -176 -118 -185 -104
169 -72 183 -48 122 15 98 16 102 18 81 15 72 15 66 16 55 15 65 17 58 16 49 16 96 -49 120 -65 -15 -80 -55 -20 96 -85 91 -85 97 -77 -25 -71 -33 -32 23 -49 -106 -53 -105 -17 -54 -73 -64 -56 -133 -123 -144 -121 -11 -63 -107 -97 -143 -64 -185 -112
129 -55 85 8 108 8 110 10 89 7 78 6 87 10 70 9 63 9 56 8 43 7 40 9 27 7 18 4 81 -56 105 -57 85 -78 63 -78 81 -57 40 -55 -33 26 64 -96 -97 -88 -119 -24 -69 -78 17 -74 -72 -58 -152 -56 -128 -64 -153 -73 -144 -64 -109 8
1 -1 96 1 1 -1 -1 -1 1 -1 2 3 1 -1 6 0 1 -1 -23 0 34 1 31 0 0 -1 10 0 9 0 1 -1 1 -1 1 -1 -79 -65 64 -97 -65 -127 -8 -93 -21 -67 -20 -64 1 -2 -135 -65 -16 -64 -20 -56 -135 -97 -170 -33 -27 -64 -132 -4
116 8 110 8 98 8 7 -5 83 9 79 8 -15 -9 59 9 -32 -9 -47 -8 23 8 17 8 -31 23 -104 6 -111 7 -104 -8 -28 -8 -8 -8 71 -83 71 -71 69 -72 -168 -11 51 -72 43 -73 33 -73 -67 -104 -32 -24 -25 -61 -91 21 -99 -12 -106 -9 -127 -10
25 8 86 8 12 -16 -8 8 7 0 -7 -17 17 32 -13 0 21 -1 -48 8 33 0 28 1 18 1 -73 -15 -97 -16 -110 0 0 0 -13 -103 -79 -128 -19 -20 -22 -15 -37 -14 -68 -16 -71 -17 -69 -16 -73 -17 -79 -15 -84 -17 -90 -17 -98 -16 -106 -17 -183 -144
25 7 23 12 48 0 35 1 -2 -23 -8 -8 -32 0 24 0 -39 11 -40 16 -78 7 10 5 -64 -8 -96 -4 -48 -7 9 -10 -54 -54 75 -105 -143 -24 -98 -24 -113 -24 -120 -25 -66 -23 -65 -25 -61 -24 -69 -136 -119 -27 -77 -25 -159 -149 -170 -160 1 -89 -17 -88
0 -1 0 0 48 0 24 0 -7 0 -8 8 -48 0 -47 0 -33 8 -39 4 -80 1 -8 8 1 -2 -71 -1 15 -14 -56 -143 -14 -113 -108 -36 -112 -35 -48 -1 -49 -23 -45 -145 -112 -154 7 -80 -127 -158 -65 -34 -75 -30 -149 -160 -147 -168 -169 -161 -102 -32 -125 -30
32 -4 -8 -8 64 8 0 -8 1 -1 -40 -9 48 -16 -8 -8 -41 -11 -41 0 -40 -8 -8 0 -65 -41 15 -40 -15 -138 -120 -40 -17 -36 -107 -37 -33 -40 39 -88 -93 -170 -104 -163 -113 -165 -123 -169 -53 -40 -65 -40 -69 -41 -25 -88 -7 -119 -108 -38 -209 -40 -126 -43
28 -43 112 -32 31 1 -8 -12 71 -35 -14 -42 -34 -7 -42 -16 -1 -17 -40 -7 -80 -16 -32 -7 -32 -18 -42 -156 -112 -50 -27 -33 -95 -16 -47 -24 -113 -50 40 -112 32 -112 -103 -176 -45 -17 -49 -49 -55 -50 -62 -47 -71 -47 -121 -48 -97 -49 -136 -33 -141 -57 -211 -48
17 -56 96 -46 15 -56 80 -40 -15 -56 -23 -56 -31 -57 -7 -47 2 -44 -68 -36 -79 -25 -72 -26 -15 -88 -104 -60 7 -41 -8 -55 -9 -41 -133 -52 -127 -33 -70 -18 -32 -56 -33 -53 -41 -54 -50 -54 -58 -56 -65 -56 -85 -56 -106 -57 -104 -58 -204 -60 -207 -8 -171 -24
