122 130 167 129 129 190 61 126 102 128 100 132 92 133 27 124 4 130 88 128 81 128 45 129 -13 127 -16 127 -16 128 4 130 -50 138 -13 1 14 0 20 0 -37 131 -47 132 21 0 10 128 5 112 -7 128 -141 128 -121 64 -95 67 -134 65 -122 0 -135 132
144 182 153 119 47 169 80 53 77 119 84 120 39 117 23 123 43 48 56 136 1 128 40 123 137 121 88 100 81 119 80 121 51 119 43 119 16 119 7 121 20 108 9 108 -20 128 -119 104 33 104 23 112 -144 104 -138 130 -137 119 -109 123 -109 118 -124 126
124 111 119 48 125 -16 98 43 71 49 55 112 78 113 31 113 65 114 120 96 -13 113 131 112 96 111 73 96 47 112 40 113 45 114 57 112 16 109 9 110 1 112 -72 48 -50 112 10 112 -10 111 -39 111 -80 178 -16 95 -160 95 -145 112 -150 112 -156 111
96 103 113 108 105 107 164 -24 91 105 88 105 73 106 65 108 1 86 25 104 164 88 66 104 -31 88 -5 100 17 107 53 95 32 104 24 104 -77 85 -7 105 -64 40 -62 40 -40 32 -47 32 -55 32 -94 44 -74 32 -88 43 -96 43 -105 44 -113 43 -120 43
84 105 94 34 49 79 42 92 159 96 120 97 18 80 169 79 136 96 104 97 79 94 -24 95 43 99 -40 80 111 92 55 90 0 95 -51 99 -48 33 -23 97 -74 37 -41 63 -47 36 -63 22 -64 32 -60 25 -80 36 -76 -32 -96 33 -103 36 -100 -32 -119 36
88 86 112 -40 113 28 83 25 111 101 183 89 80 96 183 81 110 82 113 80 -8 88 -25 72 32 87 139 86 -16 23 -9 8 -28 40 -3 15 17 26 -54 56 -36 16 -41 14 -39 15 -60 14 -64 21 -81 17 -61 16 -88 28 -93 23 -104 27 -99 -40 -117 24
135 80 132 -48 108 8 112 10 100 80 200 80 62 80 151 81 94 84 85 85 0 84 43 81 41 81 -40 64 8 -48 -14 16 -19 80 -17 -48 -39 15 9 17 -54 20 -40 8 -44 9 -64 8 -69 7 -80 8 -76 14 -96 8 -94 16 -88 -48 -104 14 -119 17
99 68 123 69 116 -56 100 0 64 70 151 56 80 87 127 72 111 72 24 88 47 85 2 72 -13 72 -16 8 -8 7 -11 12 -16 1 -25 0 -18 -2 -12 0 -55 8 -44 -56 -17 -56 -52 -56 -49 -56 -68 -56 -82 -56 -78 -56 -95 -56 -100 -56 -105 -56 -115 -56
91 64 120 62 48 66 105 32 193 60 152 64 128 63 15 64 0 48 53 67 10 64 -8 64 1 2 3 -2 -16 80 -37 73 1 2 -19 69 26 -64 12 -64 -44 64 -44 66 -34 72 -56 64 -60 65 -79 67 -72 -8 -88 3 -95 3 7 47 -79 60 -54 48
83 64 97 63 49 41 101 -72 177 57 168 57 113 55 112 58 52 56 40 56 26 -10 0 -5 136 60 24 23 23 -16 8 -5 -1 72 4 56 -81 57 -56 69 -29 -8 -88 0 -49 -7 -41 72 -124 54 -121 120 -81 -7 -87 -4 -95 -3 -107 55 -104 63 -111 56
233 38 77 49 112 -12 112 50 176 40 136 46 127 47 24 -34 25 48 86 -20 1 47 151 47 22 48 53 -80 8 -80 36 -16 13 52 -33 48 -17 -14 -23 -13 -31 -14 -31 -80 -37 -80 -45 -80 -54 -80 -61 -80 -69 -80 -77 -80 -85 -80 -93 -80 -101 -80 -109 -80
128 -21 87 -21 113 38 104 44 136 38 124 40 16 24 33 39 13 43 13 38 135 41 104 40 80 40 -40 24 -15 -21 8 -21 1 -20 2 -88 -5 -88 -14 -88 -21 -88 -26 -88 -35 -88 -56 -21 -54 -88 -60 -88 -70 -88 -87 -21 -86 -88 -92 -88 -100 -88 -109 -88
127 -32 120 -96 80 32 72 -33 105 -39 109 39 80 -29 39 32 15 41 -7 14 144 32 137 24 24 31 -7 -31 17 -31 2 -31 -32 -32 5 -96 -1 -96 -52 -32 -40 -36 -73 -30 -35 -96 -45 -96 -54 -96 -61 -96 -69 -96 -75 -96 -85 -96 -93 -96 -101 -96 -108 -96
123 27 98 39 120 26 147 9 144 9 52 18 60 -40 35 25 168 16 -7 6 4 30 39 23 -29 6 21 -103 20 -104 19 -104 0 -36 5 -104 -15 -36 -23 -36 -31 -37 -31 -104 -48 -104 -63 28 4 -104 -79 28 -87 27 -42 -103 -50 -104 -103 -104 -84 -104 -118 -104
160 14 120 20 175 17 48 14 31 -46 102 -80 111 -53 72 17 2 0 56 17 112 0 7 -12 43 -112 1 16 16 -45 7 -46 26 -112 -39 -52 -13 13 10 -48 -76 16 -45 18 10 13 -6 8 -16 12 -21 11 -31 15 -36 8 -160 0 -24 16 -65 8 -71 10
63 15 64 8 144 12 144 6 64 8 48 -54 79 10 9 5 144 8 101 0 -15 -9 -21 9 46 11 -22 8 -15 25 4 10 -64 -8 -15 -120 -33 23 -27 9 37 -9 16 8 3 8 -8 8 -32 7 -23 8 -31 5 -25 -9 7 1 -168 7 -80 7 -68 3
208 -8 168 1 172 1 39 -14 73 -65 37 9 84 -1 128 0 116 -8 -72 58 47 1 -2 2 16 0 -10 0 -29 0 -23 0 4 0 79 1 60 -4 26 -8 18 -8 8 -2 -16 1 -8 0 -15 -11 -24 -5 -33 -4 -6 0 -86 4 -96 -1 -62 -6 -72 0
192 -8 48 -72 141 -3 80 -76 47 0 93 -8 160 -7 168 -24 36 -40 21 -7 5 -9 24 -8 64 -80 -23 -8 16 8 105 -15 112 -24 2 -4 53 -25 8 -7 -95 -25 -36 -9 -34 -6 -49 -8 -55 -7 -63 -8 -70 -8 -121 -42 -99 -9 -14 -7 -66 -10 -23 -23
176 -16 184 -16 113 -113 88 -8 101 -17 41 49 89 -16 8 -32 32 -79 71 -144 121 -35 107 -32 1 -16 16 -10 12 -13 102 -18 9 -16 -48 -17 99 -16 42 -34 -97 -18 -39 -13 -41 -17 -56 0 -52 -12 -111 -17 -119 -18 -138 -16 -97 -11 -27 -31 -91 -15 -8 -16
72 -24 200 -22 97 -152 108 -24 44 -52 89 -24 90 -20 11 -43 11 -22 103 -26 17 36 40 41 17 -25 73 -31 31 -24 88 -30 -65 -39 -73 -40 32 -23 26 -22 1 -27 52 -32 -112 -23 -7 -41 -65 -8 -59 -25 24 -24 8 -39 -160 -26 -168 -24 -32 -39 -75 -26
168 -30 148 -104 114 -31 107 -32 94 -31 92 -30 129 -49 29 -32 129 -32 101 -32 -13 -31 -21 -50 112 -38 56 -30 -32 -31 -25 -97 -128 36 48 -44 41 -32 24 -28 -24 -33 -38 -31 -48 0 -117 -49 -107 -32 -67 -33 -80 -32 -88 -30 -97 -96 -153 -23 -145 -32 -72 -34
64 -54 81 -40 107 -41 90 -42 144 -40 120 -38 54 20 89 -168 111 -42 84 -32 49 -38 37 -36 135 -48 -32 -40 119 -40 8 -25 -31 -42 56 -48 -16 -40 -22 -28 -17 -168 -45 -39 -72 -100 -69 -33 -111 -41 20 -48 -111 -40 -121 -68 -102 -38 -72 -103 -175 -57 -164 25
130 -50 76 -48 79 -32 135 -176 16 -176 72 -16 111 -47 33 -49 31 -48 56 -47 111 -49 144 -44 97 -48 71 -49 14 14 56 -64 66 -50 25 -50 17 -47 48 -65 -31 -116 -34 -48 -41 -48 61 -33 -105 -49 -73 -175 -116 -52 -134 -49 -113 -48 -160 -48 -173 -67 -166 -48
137 -49 170 -72 78 -86 69 -119 76 -55 41 -56 73 -183 71 -53 163 -67 20 -54 15 -47 80 -54 -1 1 -9 0 -7 0 -15 0 0 2 -10 -22 -35 -2 -152 -128 -59 -39 -86 10 -46 -48 -102 10 -80 -56 -105 -120 -56 -184 -123 -56 -136 -88 -92 -53 -136 -39 -121 -43
128 -59 57 -80 81 -127 101 -133 97 -132 87 -127 92 -136 50 -130 44 -66 55 -56 52 -56 -21 -83 -29 -63 55 -64 48 -64 -15 0 1 1 91 -80 -43 0 -35 -64 0 -192 -48 -72 -111 -80 -72 -57 -64 -124 -73 -125 -103 -56 -59 -65 -96 0 -89 2 -160 -56 -158 -124
176 -88 120 -136 111 -136 114 -200 109 -200 98 -200 91 -200 83 -200 64 -133 56 -133 51 -139 49 -144 -9 -72 -15 -70 -24 -70 17 -72 107 -88 94 -78 -80 -73 -18 -75 40 -136 -68 -76 -98 -64 -86 -56 -64 -55 -73 -71 -113 -133 -106 -145 -97 -71 -89 -145 -81 -167 -137 -140
72 -78 121 -208 123 -208 117 -208 108 -208 100 -208 92 -208 82 -208 75 -208 66 -208 58 -208 51 -208 43 -208 25 -141 -20 -83 7 -64 80 -96 71 -80 -51 -83 -46 -80 -32 -140 -25 -84 -40 -75 -88 -112 -63 -63 -110 -82 -113 -79 -104 -148 -144 -64 -153 -71 -157 -67 -120 -141
128 -149 132 -216 125 -216 115 -216 107 -216 98 -216 81 -149 73 -149 35 -151 66 -216 59 -216 51 -216 44 -216 35 -216 16 -149 22 -216 1 -148 -5 -154 -19 -216 45 -216 -98 -91 25 -88 5 -87 -4 -88 -87 -163 -54 -216 -124 -142 -88 -78 -160 -105 -169 -89 -90 -88 -120 -149
140 -224 131 -224 123 -224 115 -224 107 -224 101 -224 91 -224 83 -224 75 -224 67 -224 59 -224 52 -224 45 -224 35 -224 27 -224 19 -224 14 -224 -6 -157 -15 -96 -20 -87 -47 -160 -66 -127 -109 -113 -87 -96 4 -224 -72 -80 -129 -87 -90 -160 -129 -159 -130 -158 -112 -156 -109 -224
139 -232 132 -232 125 -232 115 -232 108 -232 99 -232 91 -232 83 -232 75 -232 67 -232 59 -232 51 -232 43 -232 36 -232 27 -232 19 -232 12 -232 -9 -103 -17 -103 -54 -168 -32 -165 -27 -232 -37 -232 -45 -232 -52 -232 -71 -165 -80 -165 -87 -165 -95 -164 -93 -232 -111 -164 -126 -232
139 -240 131 -240 123 -240 115 -240 107 -240 99 -240 91 -240 83 -240 75 -240 67 -240 59 -240 53 -240 44 -240 36 -240 28 -240 19 -240 -5 -109 -41 -145 -17 -173 -23 -173 -22 -240 -29 -240 -36 -240 -42 -240 -51 -240 -61 -240 -65 -239 -88 -175 -99 -184 -74 -176 -155 -113 -152 -176
139 -248 131 -248 123 -248 115 -248 107 -248 99 -248 91 -248 83 -248 75 -248 67 -248 59 -248 51 -248 43 -248 35 -248 28 -248 3 -117 2 -107 -8 -181 -3 -248 -12 -248 -21 -248 -28 -248 -32 -248 -57 -247 -55 -193 -72 -181 -78 -184 -88 -248 -63 -248 -120 -193 -110 -184 -120 -181
