192 194 7 196 5 204 38 75 188 129 149 192 127 194 127 192 71 193 56 183 42 184 49 192 40 195 23 183 14 183 7 182 8 195 -9 183 -21 177 -28 178 -32 182 7 128 -40 160 -57 192 -70 178 -105 176 -95 177 -95 172 -96 184 -96 190 -46 194 -73 129
188 121 129 185 121 185 113 184 95 184 97 184 79 184 80 186 85 102 64 185 96 192 37 175 34 56 90 188 24 183 17 184 -4 172 -15 173 46 184 -25 175 33 185 -103 88 61 186 -124 66 -131 68 -137 65 -144 66 -154 68 -208 174 -186 192 -198 191 -204 186
113 111 121 48 181 176 99 168 104 176 86 166 148 178 72 168 73 177 55 167 48 166 48 176 43 175 24 169 25 177 7 167 4 175 -8 48 -85 60 77 111 34 174 -40 176 -125 169 56 178 50 173 39 178 -136 48 -191 159 -160 60 -170 60 -217 159 -202 176
195 103 41 167 196 9 41 48 92 160 88 160 78 160 78 170 72 168 65 168 118 168 40 162 39 170 23 160 -47 71 100 106 -17 103 -66 36 61 104 41 169 77 170 71 170 70 164 -110 36 -128 50 -144 44 -136 36 -194 153 -160 50 -210 153 -193 168 -204 166
177 96 17 143 43 44 42 44 208 104 88 163 177 96 75 162 64 151 65 163 144 96 48 156 40 158 25 163 102 160 -59 39 -68 39 80 96 -85 38 24 96 30 119 -108 44 69 158 63 158 -136 32 -144 36 -133 28 -156 44 -149 28 -172 44 -217 145 -226 143
185 152 184 88 33 152 38 34 104 148 90 144 80 144 71 143 72 154 146 90 48 148 104 88 98 152 88 153 81 154 -58 36 56 151 105 153 100 151 -88 36 31 153 42 88 40 88 -73 89 -71 1 -8 104 -15 113 22 152 -1 87 -37 112 -49 113 -72 -8
192 146 118 136 184 81 176 160 97 134 96 146 88 144 75 146 121 144 120 142 110 144 104 146 -32 23 -41 23 -9 80 54 144 -72 16 84 84 -33 81 38 114 40 144 -40 143 -39 145 -47 144 -55 144 -62 142 -24 144 -154 28 -193 144 -97 145 -113 133 -121 134
218 72 88 96 177 139 201 72 100 138 92 138 80 127 73 127 145 71 120 136 -20 14 133 70 40 138 26 70 34 -26 26 -26 8 137 1 135 -6 136 39 137 -125 121 21 136 -111 39 -59 141 -64 126 -64 141 -143 39 -172 135 -173 129 -106 8 -86 136 -124 128
179 64 50 12 113 1 167 72 96 120 87 119 87 129 131 128 127 128 170 128 143 64 40 129 36 128 26 -28 79 88 119 127 -1 121 -7 -1 1 -33 -106 128 -114 128 -144 110 -127 127 -138 127 -143 127 -157 128 -161 127 -166 130 -157 127 -163 128 -177 126 -184 128
129 -7 48 -8 112 55 102 112 104 120 91 122 153 120 128 120 128 122 152 57 56 122 49 120 40 123 33 123 -45 23 15 -8 -112 120 -74 117 -105 117 -114 116 -122 120 -124 112 -130 120 -135 119 -148 120 -154 120 -157 119 -169 119 -173 118 -185 121 -171 120 -178 120
64 120 184 78 172 112 110 -16 89 -16 88 104 -17 112 137 116 158 45 55 103 47 104 40 105 88 112 -39 15 -97 107 18 0 54 112 -85 120 28 -48 95 110 -117 119 -40 48 -130 120 -135 111 -141 110 -156 111 -156 108 -175 109 -178 120 -163 112 -198 119 -179 111
220 42 213 39 120 103 195 45 102 105 151 104 188 103 129 104 72 105 57 103 44 -24 38 96 32 104 -53 111 -65 112 -51 104 -79 104 -82 96 -92 95 -50 106 -58 104 -122 104 -149 87 37 44 -74 104 -91 41 -98 41 -105 40 -30 65 -61 -64 -190 103 -201 104
128 88 127 98 119 96 105 89 112 87 200 96 193 97 169 32 130 96 63 94 58 96 44 -32 -49 97 39 31 -51 -21 -41 -41 48 -63 72 96 -19 96 53 31 47 31 55 33 -40 98 -57 86 -65 87 -73 87 -81 86 -89 86 -97 86 -105 86 -113 87 -121 87
174 88 180 88 112 79 112 89 158 88 151 90 175 26 87 80 72 89 54 79 47 78 40 76 30 87 119 23 -51 96 104 25 0 80 -127 81 -84 -42 84 88 -23 88 -41 79 -49 77 -57 78 -65 78 -73 78 -81 78 -89 79 -97 78 -105 78 -113 79 -121 79
129 72 128 82 186 83 169 78 210 79 181 15 91 73 80 81 72 82 119 80 144 16 40 81 94 80 90 80 81 78 72 80 9 79 1 80 -7 80 -25 71 -33 70 -41 70 -49 69 -60 65 -65 70 -73 71 -81 70 -89 71 -97 71 -105 70 -113 70 -111 80
131 40 135 63 112 64 43 -58 189 8 99 75 91 71 81 71 65 -57 55 8 113 72 97 72 98 74 117 8 23 73 16 75 -1 64 -9 64 -8 73 -25 63 -32 62 -41 64 -51 63 -59 63 -67 63 -73 64 -81 63 -89 64 -97 64 -105 63 -113 63 -124 63
127 55 123 32 144 64 200 -1 96 61 103 64 79 56 72 64 -48 60 24 -92 53 64 39 63 88 0 25 62 82 64 17 63 11 63 -10 58 -17 55 -16 67 -24 66 -36 64 -39 64 -47 64 -61 64 -63 63 -71 63 -87 60 -89 62 -95 65 -115 56 -109 63
123 48 137 46 205 -9 104 56 111 57 95 57 85 56 82 54 158 -8 64 57 63 39 39 42 34 57 34 56 27 56 6 48 0 48 -7 54 -8 58 -16 59 -24 56 -32 56 0 57 -47 55 -53 55 -63 55 -70 56 -79 56 -96 46 -105 48 -107 54 -110 55
136 50 184 51 193 -16 105 -17 175 -16 104 49 144 46 135 -13 72 48 55 39 63 30 49 48 40 48 24 38 15 -81 74 48 80 -39 2 46 -15 38 -27 37 -33 39 -34 48 -37 48 -57 39 48 -10 -64 51 -48 -16 -24 49 -81 -30 -166 -49 -113 -80 -113 48
193 -24 200 -24 112 39 173 -24 104 41 73 25 79 -16 8 -80 63 31 58 30 56 -26 100 42 31 31 21 31 13 -41 103 -28 65 7 -9 30 -16 -89 -28 31 -37 -72 -41 -96 -110 -56 -120 -54 -129 -56 -67 42 -70 43 -24 6 -161 -23 -112 41 -14 -24 -111 40
127 -49 209 -33 49 -64 115 10 112 10 97 9 97 12 135 1 64 24 152 -22 48 31 48 32 24 24 28 34 17 21 7 24 104 -38 -8 22 -8 33 -32 -39 48 -136 -41 32 -63 32 -56 22 -18 32 -71 -97 -73 34 -57 33 -104 33 -12 -27 -102 32 -120 -34
191 25 119 -41 172 -40 169 -15 112 -39 89 -104 83 -104 41 -41 63 -41 55 25 49 -104 48 24 47 1 39 1 31 0 23 0 -1 15 -9 14 -7 25 -24 16 -12 -135 -32 26 -40 23 -48 24 -63 -105 -65 17 -13 26 -24 -10 -40 -80 -102 16 -65 25 -72 25
226 -48 120 7 177 19 215 16 32 -105 88 -120 148 -47 72 20 64 16 152 -48 58 14 33 -1 47 -6 39 -6 31 -6 23 -6 8 -38 55 -17 0 -6 -25 -112 -101 -113 -19 -149 -40 7 -122 -79 0 -16 -56 -144 -48 -113 6 -44 -87 16 -98 16 -112 -111 -58 16
127 0 58 -89 -9 -1 22 7 65 8 61 8 53 10 5 -110 1 -113 -5 -91 48 -120 41 -121 101 8 19 -2 11 -2 -7 -4 0 -3 -5 -24 -19 -3 -23 -121 32 8 -40 8 -43 -121 -55 -57 -96 8 -200 12 -17 -23 -63 8 -31 8 -106 0 -33 -55 -5 6
133 -129 55 -117 29 -1 22 1 19 -2 7 -1 3 -2 -12 -2 -17 1 -29 -8 18 0 39 -145 89 0 88 0 62 1 16 -2 9 -1 -9 -9 -8 3 -29 -8 23 -64 15 2 51 -65 -48 1 -54 1 -72 0 5 -60 2 -64 -101 2 -171 -113 -155 -81 -6 -2
204 -72 36 -11 34 -12 19 -11 14 -6 8 -10 2 -8 12 -9 1 -8 -24 -12 -31 -9 -41 -9 -48 -8 -8 -7 17 -137 11 -137 -1 -16 5 -16 -10 -140 -96 -136 -127 -8 -32 -6 14 -7 -63 -78 -56 -10 -71 -137 -71 -9 21 -8 -88 -8 -11 -69 -15 -71 -183 -76
34 -16 90 16 61 2 86 20 13 0 -4 -16 -17 -16 37 -17 29 -17 -13 -15 -19 -16 -44 -16 -48 -15 -52 -18 -40 -16 -71 -17 -79 -16 -73 -132 78 -80 -16 -14 -33 -23 -31 -16 -72 -42 -56 -25 -50 -144 14 -194 32 -15 -91 -144 -97 -24 -35 -16 -48 -17 -235 -16
112 0 73 -20 81 8 80 0 44 -10 47 -19 55 7 41 7 14 0 14 -20 -33 -7 -7 -20 20 8 -5 8 -15 8 -33 -20 -48 -24 -103 -24 -7 -24 41 -24 -31 -88 -36 -152 -47 -152 -48 -160 -66 -24 -73 -24 -1 -89 -10 -8 -92 -152 -170 -141 -225 -25 -178 -25
48 -9 90 1 83 1 23 -1 66 -8 59 0 50 2 -16 0 33 1 1 -3 -37 -16 -7 -25 21 1 0 -12 -41 -29 -23 0 -85 -7 -9 -33 -7 -32 -21 -159 -110 -32 -127 -33 -146 -32 -104 -32 -148 -32 -153 -33 -167 -33 -163 -40 -177 -32 -183 -33 -195 -24 -42 -96
16 -8 1 -7 79 -16 77 7 9 -8 17 -14 15 1 -56 -8 -48 12 -56 0 -76 0 -56 -9 -36 -23 -25 -22 -63 -9 -59 -38 8 -47 56 -38 -81 -103 -122 -40 -127 -40 -142 -32 -116 -39 -137 -32 -151 -44 -157 -33 -145 -153 -158 -156 -151 -173 6 -40 -37 -104 -65 -40
15 1 50 0 -12 -15 40 -16 -12 4 -37 -16 -43 -4 -56 0 -55 -13 -12 -16 -63 8 -77 -16 -38 4 -48 0 1 -24 71 -79 1 -50 -105 -48 -85 -47 -116 -16 -41 -16 -59 0 -117 -39 7 -86 -133 -164 -139 -164 -194 -58 -191 -65 -34 -79 9 -47 -182 -164 -198 -49
49 -32 57 -15 65 -25 -24 -20 24 -8 -37 -24 9 -7 8 -25 -64 -20 -16 -8 -23 -8 -31 -32 -56 -40 -38 -56 25 -64 21 -185 -116 -56 -17 -32 -37 -30 -101 -60 25 -216 -106 -172 -115 -175 60 -56 -131 -172 -153 -57 -162 -57 -152 -173 -32 -54 -174 -172 -209 -56 -189 -56
