127 192 137 191 36 192 39 191 45 194 24 66 12 74 0 88 0 76 -17 89 -10 64 50 64 29 128 17 128 57 136 27 127 23 128 24 128 65 128 21 115 -32 193 -17 129 56 128 -120 67 -73 126 -56 119 -61 127 -153 72 -160 67 -168 67 -26 138 -33 137
62 184 32 217 30 216 28 183 -7 -8 16 72 28 44 4 72 75 56 73 121 39 121 53 122 49 121 24 185 97 119 23 121 0 119 13 136 -17 184 -24 185 -32 185 -103 119 34 128 -39 121 -64 185 -72 184 -81 185 -88 185 -62 120 -104 56 -48 136 -185 61
128 48 139 111 93 150 122 111 31 48 174 80 20 78 7 79 131 113 65 49 121 112 116 112 -32 112 -22 177 25 48 24 112 27 113 20 114 81 111 -24 48 -95 52 -103 176 -125 174 -139 172 -169 175 -189 177 -189 177 -193 177 -207 192 -215 191 -208 192 -213 191
70 168 220 104 110 105 183 105 116 104 114 96 88 40 107 101 80 99 55 170 89 96 57 39 118 109 112 104 32 105 7 102 89 72 -59 168 -82 168 -23 39 -87 167 -72 88 -161 183 -131 166 -130 168 -149 166 -189 168 -198 185 -204 185 -216 170 -207 184 -229 185
1 25 5 175 49 161 42 160 191 94 135 95 80 99 81 32 88 92 87 97 -14 94 59 31 -38 59 120 96 -40 159 -89 -26 -55 161 -121 161 -80 52 -88 95 -103 160 -107 160 -128 159 -165 161 -145 159 -185 161 -160 160 -189 166 -177 170 -214 176 -220 177 -226 176
72 152 11 169 4 154 6 -36 97 25 175 90 79 26 90 85 93 88 90 88 -32 -40 -26 27 41 23 -39 86 -55 151 -56 152 -53 152 -74 152 -81 152 -95 40 -115 148 -149 153 -125 150 -169 154 -143 151 -185 154 -161 161 -194 169 -177 151 -211 169 -193 152 -227 169
226 80 -8 14 -1 147 3 -48 112 16 16 62 104 80 71 146 87 77 0 145 -16 18 -16 145 -24 140 -43 143 -51 144 -77 143 -71 143 -75 144 -92 142 -95 144 -80 144 -107 144 -113 144 -164 136 -175 160 -191 148 -177 149 -204 148 -167 -48 -171 -48 -181 -48 -245 158
64 12 153 71 54 41 40 -56 130 71 101 73 96 88 104 88 -3 73 -8 8 -18 19 -27 24 -32 136 -42 136 -52 24 -83 -48 -79 135 -70 -54 -144 8 -130 128 -79 136 -105 -56 -39 7 14 84 21 76 -135 10 -146 136 -197 135 -200 136 -105 8 -80 59 -119 136
72 128 120 0 46 128 87 -7 104 0 111 57 95 129 94 68 0 -2 2 130 -19 127 -87 -1 15 65 -44 -64 -68 128 -82 128 -67 -64 63 64 50 64 -96 16 -127 129 -95 128 -114 128 -59 -1 -49 64 2 72 -147 128 -167 144 -194 144 -175 16 -41 64 -26 64
219 63 57 57 67 104 90 59 101 55 87 121 95 57 28 120 -5 6 -11 119 57 -26 -11 -72 117 64 -88 120 -97 123 -72 128 14 -8 -71 -3 -82 121 -127 121 -121 128 -151 136 -144 132 -142 136 -156 136 -168 134 -179 135 -135 140 -194 135 -205 136 -213 134 -199 136
95 110 48 111 48 -80 119 56 117 47 125 46 15 47 7 -1 -5 0 -9 -2 145 61 47 40 51 47 59 46 -48 112 -64 112 -103 112 -118 136 -114 127 -73 133 -117 140 -127 136 -132 123 -147 120 -149 128 -166 126 -167 127 -177 128 -184 128 -185 128 -145 128 -217 126
29 120 21 -88 112 -24 42 42 30 41 136 44 1 104 5 103 -40 -88 71 33 46 40 133 40 121 41 -42 104 -95 119 -57 -88 -123 120 -107 120 -126 120 -145 119 -132 120 -96 -24 -132 121 -150 120 -152 119 -118 120 -177 120 -177 119 -194 119 -205 119 -211 119 -219 119
62 -17 64 97 112 43 37 -96 90 -64 31 26 14 -96 11 -31 0 -26 -7 -24 -18 -20 39 33 125 0 -77 111 -65 112 -80 126 -80 108 -88 97 -95 97 -107 97 -113 96 -129 104 -130 108 -120 -96 -130 -96 -138 -96 -147 -96 -198 113 -205 113 -213 112 -221 112 -229 112
165 8 121 -37 135 20 140 17 131 24 31 89 13 88 -8 -104 -1 23 -16 -15 136 -8 -24 -40 -66 88 23 40 -51 89 -100 88 -80 96 -74 -104 -80 -104 -102 95 -100 -104 -155 103 -112 -42 -8 28 -47 15 -53 24 -56 23 -60 15 -71 23 -80 24 -88 24 -100 26
136 -48 155 19 112 82 124 16 41 81 24 80 0 -112 10 -48 1 -17 77 17 46 80 110 -17 -34 -112 -104 -50 -98 94 -107 94 -1 49 -121 90 -82 -28 -67 -48 57 29 18 32 1 21 -40 12 -41 16 -46 16 -56 16 -67 18 -68 7 -79 15 -112 81 -121 81
192 -6 135 26 112 8 36 10 31 71 40 74 152 19 87 9 120 8 150 8 -16 -45 -26 -51 -32 -48 -36 -56 -49 -44 -56 -51 -65 -51 -6 -57 -31 9 -25 6 -3 -3 -16 -1 -29 12 -31 -1 -42 -1 -51 -1 -52 1 -67 -1 -74 10 -76 0 -112 74 -96 9
142 0 149 0 140 0 41 64 -5 -128 29 -32 166 4 72 1 -24 8 -8 -48 -15 -51 -27 63 -33 64 -43 63 -44 -49 -57 -63 9 -64 -16 0 -27 2 -5 0 -11 -9 -47 0 -39 -2 -47 -2 -66 0 -74 0 -79 0 -93 -1 -98 0 -79 -10 -87 0 -98 2
128 57 133 -7 49 -9 5 -129 33 -73 156 2 182 -6 144 -8 -48 60 -8 -52 -15 -62 -24 -72 -21 58 -46 -59 -27 -13 17 -72 0 -72 -9 -72 -18 -9 69 -9 -29 -17 -103 -72 -113 -66 -120 -68 -128 -67 -136 -68 -144 -68 -152 -68 -160 -67 -89 -8 -91 -17 -89 -6
164 -18 155 -17 43 -63 174 -8 182 -11 97 -80 16 -76 159 -8 -55 64 52 -113 70 -1 79 1 120 -7 28 -80 92 -8 0 -4 7 -81 -72 -80 -15 -78 -7 -17 36 0 -42 -10 -113 -72 -119 -72 -128 -77 -136 -77 -145 -73 -152 -75 -92 -80 -103 -17 -16 -16 -71 -12
147 -33 71 40 48 -90 48 -97 41 41 175 -21 12 -84 29 -25 1 -152 80 -28 64 34 49 -88 -63 -111 25 53 15 -88 -5 -23 -64 -85 -97 -26 16 -26 -24 -24 0 -28 56 -25 40 -23 -40 -24 -107 40 -88 -9 7 -22 -148 -89 -3 -23 -137 48 -113 -88 -121 -24
65 -34 56 -84 45 -64 97 -129 36 -66 69 5 20 -66 11 32 84 -32 104 -32 124 -32 0 32 48 -40 47 -41 -45 32 -49 32 -2 -96 15 -30 -16 -96 -24 -16 -98 -31 -104 -98 -112 30 -97 32 -127 -32 -140 -87 -67 -96 -143 30 -160 -30 -169 -160 -105 -31 -104 -36
49 -168 61 24 61 24 127 -27 114 8 88 -38 79 18 8 -168 88 -38 -8 -42 -17 -101 -23 -96 33 -102 101 -32 72 -70 -56 -104 -64 -92 14 -48 -81 -168 -17 -104 -145 -159 -96 -168 -112 24 -58 -106 -135 24 -85 -40 -33 -38 -37 -34 -168 -168 -111 -49 -15 -32 -29 -39
64 -110 53 -100 45 -176 10 8 94 13 89 -16 79 16 70 -112 63 -112 -8 -112 59 -52 57 -33 67 -32 50 -34 17 15 45 -33 57 -30 21 -48 32 -55 -40 -47 -119 16 -105 -96 -111 -111 -120 -108 -128 -112 -198 -113 -143 -113 -161 14 -224 -113 -67 -64 -93 -113 -183 -49
136 -120 172 -48 47 7 47 8 32 -104 23 -184 19 -184 8 -122 8 -128 -1 9 -17 -184 25 3 -4 -4 -10 -4 -14 -4 -17 -4 0 -4 63 -118 -52 -6 -26 -72 -129 -176 52 -55 -103 8 -121 -55 -123 9 -136 -112 -207 -121 -134 -118 -36 -42 -104 -119 -167 -129 -105 -120
148 -65 56 -64 47 1 21 0 20 0 18 0 17 0 9 0 4 -2 1 -136 65 -127 81 -66 48 -2 40 -3 0 -4 -7 -4 0 -4 -9 -64 -20 -3 -87 -192 -101 -192 -104 -192 55 -65 -165 -192 -147 -1 -168 16 -206 -126 -88 -62 -114 -4 -105 -64 -183 -52 -184 -128
65 -74 0 -4 24 -1 9 5 0 8 -1 6 -17 7 -25 -8 -24 -8 -24 -8 -24 -8 -24 -8 -34 -122 -43 -10 -49 -125 23 -137 103 -72 -71 -138 -6 -76 -88 -135 -96 -136 -101 -138 -99 -7 -122 -114 -128 -200 -198 -136 -139 -9 -154 -8 -168 -111 -170 -8 -206 -198 -192 -10
18 -16 37 -4 66 0 23 0 18 0 11 -1 -1 -3 -14 11 19 2 10 1 -49 -2 -7 1 -64 -4 -52 -16 -46 -132 -56 -137 86 -76 8 -86 -79 -142 -89 -133 -96 -72 -109 -208 -112 -139 -103 -16 -128 -139 -135 -130 -143 -137 -161 -15 -152 -15 -159 -16 -176 -120 -187 -16
31 -25 28 -24 60 0 40 -10 0 8 0 -4 -10 -8 -47 -7 -40 -9 -41 -9 -51 -9 -59 -9 -54 4 -73 -10 -89 -24 -90 -24 -97 -25 -73 -23 -130 -24 -89 -216 -98 -216 -27 -89 -29 -89 -36 -89 -127 -153 -163 -23 -122 -25 -144 -24 -95 -87 -76 -87 -79 -88 -184 -88
80 -1 48 0 16 0 39 8 32 -1 -6 -8 16 0 0 -4 34 -1 -4 0 -15 1 -40 1 -49 1 -51 5 -66 1 -76 0 -99 -17 -113 -25 -80 -224 72 -96 -88 -32 -39 -95 -55 -35 -55 -32 -130 -224 -137 -223 -144 -32 -189 -224 -98 -160 -168 -148 -175 -95 -198 -16
66 -7 53 -10 40 -4 40 -9 73 -4 25 -8 6 15 0 -4 -9 1 -13 0 -9 -8 17 0 -68 15 0 -4 -57 -8 -15 0 -63 3 -74 -232 -81 -154 -152 -170 -125 -40 -121 -24 -145 -25 -151 -40 -153 -40 -165 -40 -142 -40 -169 -41 -203 -41 -203 -27 -199 -31 -231 -23
108 -16 49 7 94 -16 87 -15 33 -1 68 -16 27 0 52 -16 44 -16 41 -15 -46 0 -40 -16 -33 -16 -6 -16 -48 -17 -65 -16 -14 -15 -72 -174 -79 -112 -104 -32 -78 -30 -100 -32 -166 -16 -116 -32 -111 -32 -170 -33 -175 -37 -188 -32 -204 -32 -214 -31 -178 -240 -183 -240
107 -24 100 -24 94 -24 7 0 76 -23 68 -24 61 -24 53 -24 47 -23 39 -23 28 -24 20 -24 15 -23 8 -24 -1 -23 -7 -22 -74 -169 -83 -57 -48 -26 -44 -24 -78 -9 -57 -24 -62 -24 -154 -40 -160 -40 -189 -40 -156 -56 -192 -56 -207 -55 -198 -240 -166 -184 -183 -56
