171 123 167 124 49 128 61 126 -32 62 37 129 27 126 57 48 0 0 64 123 -1 129 11 120 31 127 11 129 10 128 22 128 0 128 -8 126 -15 128 -19 128 -13 126 30 64 44 112 7 129 32 127 20 128 -87 128 -101 58 -146 65 -105 64 -127 123 -128 128
65 121 53 -8 141 74 109 87 -30 54 37 120 24 120 -52 88 8 70 47 121 43 119 32 120 47 120 25 119 18 120 72 120 45 121 9 136 -16 120 20 116 -1 119 -105 122 -95 112 -73 121 -43 135 -8 58 -82 182 -87 118 -90 118 -96 117 -104 123 -111 123
112 32 118 47 111 47 104 48 -7 -9 22 67 47 112 55 112 145 113 -1 175 38 112 39 114 65 112 -37 111 24 116 99 112 27 112 40 108 15 111 -86 112 -94 112 -79 112 -100 176 -101 176 -102 176 -105 176 -119 176 -130 176 -161 180 -141 112 -117 65 -157 112
91 102 216 104 144 104 166 104 112 104 117 96 17 104 73 104 72 105 72 120 72 96 -22 104 31 41 14 104 30 104 88 99 -61 167 0 108 -144 38 -22 144 -9 69 -54 17 -23 73 -31 71 -35 71 -21 71 -37 74 -40 71 -52 74 -72 73 -65 72 -60 55
1 31 132 66 80 95 64 95 97 96 89 97 94 99 80 94 82 95 -9 96 -16 96 47 95 13 89 33 95 -46 95 -41 160 63 97 -75 -32 0 -1 -32 96 -98 -31 -117 157 -16 64 -29 63 -38 63 -138 -32 -52 65 -40 64 -63 65 -56 63 -63 48 -72 48
71 150 54 -39 164 41 129 56 103 92 96 88 15 -40 65 88 96 88 85 87 -16 24 13 81 43 89 32 82 41 55 -23 92 -29 97 25 58 -68 25 -152 20 -8 53 8 56 -23 56 -8 56 -21 57 -25 55 -31 39 -40 56 -68 57 -56 55 -64 40 -72 54
131 71 151 -2 153 50 112 46 88 80 95 74 72 80 70 81 175 80 -6 80 41 71 -16 80 -17 79 -17 82 -50 -47 33 48 24 45 -136 46 8 47 -121 -44 -50 2 9 48 -22 48 -56 48 -21 49 -33 50 -34 48 -44 49 -49 48 -75 48 -64 47 -60 33
114 -7 119 72 109 7 111 40 84 73 96 70 99 71 7 72 0 72 -16 22 1 72 -61 -53 56 37 26 39 16 48 8 7 24 38 -75 -56 13 41 20 42 -46 -1 24 -24 -93 76 -46 64 -63 9 -72 -8 -74 -4 -64 36 -163 -56 -120 87 -122 72 -130 72
130 31 113 64 55 128 39 -64 33 64 24 64 112 63 111 64 -1 0 3 67 -52 -60 -87 -1 12 -16 49 31 -20 63 -27 63 0 -1 58 64 -9 64 0 28 -97 -64 -88 56 -104 128 -49 69 -57 65 -61 63 -56 30 -61 12 -64 25 -97 68 -48 64 -71 65
158 -23 69 55 81 -16 90 87 95 57 113 54 192 54 35 45 25 55 -11 -72 47 -24 24 -24 95 57 -87 118 60 24 8 -9 5 52 3 56 -56 52 -90 -72 0 25 -16 24 0 -2 -24 -7 -177 119 -185 120 -98 24 -59 11 -70 12 -72 -7 -146 56 -152 56
201 48 146 13 113 -16 88 49 118 45 23 48 16 48 48 -26 -64 16 7 -16 40 48 47 47 46 50 17 47 39 12 5 -30 -67 -80 -6 0 0 -1 5 0 0 -2 -5 -2 0 -1 -27 -5 -33 1 -45 3 -53 0 -56 0 -67 1 -70 2 -93 2 -92 3
156 -8 119 9 65 38 40 40 160 40 87 41 14 -88 57 -39 -2 -88 51 39 50 39 130 41 114 42 -31 104 -2 8 57 0 -1 -25 19 -5 15 -2 73 0 -20 -6 -41 -23 -16 -9 -24 -8 -36 -7 -47 -3 -48 -7 -61 -6 -67 -5 -75 -4 -82 -4 -108 -6
155 -1 137 -1 104 32 119 -18 97 -32 28 30 79 -34 -56 0 17 -34 6 24 49 24 36 32 32 -48 7 1 41 -18 36 -16 -67 -96 26 -1 -82 -96 0 -1 0 -1 -106 -95 -3 0 -7 -1 -36 -16 -40 -16 -18 -17 -42 0 -52 0 -63 3 -53 -21 -88 -18
117 25 104 24 129 24 137 25 88 32 -40 -9 13 -104 10 -104 69 23 8 16 29 -56 31 24 -80 88 15 24 34 -52 41 -7 16 -55 -8 -43 -17 -41 28 -15 55 -15 3 -8 -81 -40 -60 24 -63 25 -71 25 -79 24 -86 24 -97 23 -111 23 -123 25 -151 -40
65 16 56 16 141 7 216 16 41 80 22 -112 77 -62 65 16 48 16 55 16 111 -48 39 -48 129 -24 44 -17 7 -17 39 -32 1 -48 -134 -47 -45 14 -89 -46 -80 15 -48 16 54 0 49 -1 -33 13 -42 15 22 0 -57 11 -67 10 5 0 2 14 -91 11
127 9 119 9 48 8 40 8 119 -28 -9 -113 92 5 80 8 81 7 60 8 -1 8 48 11 -16 8 10 15 -35 7 1 8 7 12 -39 -56 -47 -56 -34 8 -31 9 52 3 65 10 -27 2 -35 10 16 7 -50 0 16 -8 6 -9 8 -8 -84 7 -55 7
209 1 149 -1 111 1 41 -66 96 -24 49 8 81 -1 87 0 -15 0 -72 -33 -80 -66 -62 -126 -33 -128 -77 -120 -49 -128 -4 0 -3 -1 1 -2 -5 1 -1 -2 59 -1 46 0 40 0 34 0 27 0 39 6 33 -3 -2 -1 15 2 2 -14 0 -2 -95 -1
127 -7 129 -10 49 -7 129 -43 -28 -38 97 -9 89 -9 -8 4 -63 -71 -7 -136 -79 -73 23 -79 29 -86 -104 -74 23 -5 8 -10 10 -7 -64 -8 -15 -7 57 -5 -24 -10 -29 -7 -38 -6 -46 -8 -56 -7 -62 -8 -73 -4 -81 -5 -126 -16 -90 -5 -27 -9 -114 -8
64 -18 153 -16 47 -143 97 -17 107 -18 22 -62 87 -20 83 -20 81 -94 57 -79 49 -17 -23 -18 -13 -7 26 -24 0 -2 8 -15 -5 -16 -7 -48 -1 -15 -23 -19 -18 -16 -48 -17 -37 -17 -48 -12 -56 -13 -64 -14 -102 -22 -104 -22 -97 -17 -79 -15 -100 -14 -112 -18
145 -8 65 40 48 -72 103 -14 33 -152 81 -28 24 -24 28 -24 0 -86 72 -4 44 36 24 -24 32 17 57 -16 24 -20 3 -25 -52 -23 -25 -8 16 -32 60 -32 -1 -29 41 -23 -40 -23 -57 -25 -57 -18 -58 -24 -143 -49 -144 39 -156 -26 -169 -21 -119 -24 -122 -24
64 -32 127 -109 104 -36 70 -64 77 -113 76 -32 65 -31 37 -32 63 -31 78 -26 92 -32 -20 31 49 -32 71 -34 -47 -158 -119 -96 0 7 -6 -32 -16 -31 41 -32 -83 -40 -53 -30 -85 -33 -118 -33 -99 -32 -64 -36 -88 -32 -90 -40 -52 -72 -104 -94 -147 -31 -94 -34
64 -106 55 -168 70 -40 120 -23 161 -102 163 -48 80 23 72 -104 65 -39 -8 -38 7 -31 0 -112 47 -44 39 -40 9 -40 -4 -39 -49 -40 75 -40 -14 -104 -24 -30 -33 -106 -111 -162 -20 -71 -87 -104 -102 -101 -80 -40 -79 -25 -138 -32 -97 -103 -133 -40 -162 24 -168 23
92 -39 23 -167 110 -112 136 -111 93 15 72 -113 78 16 31 -48 17 -48 44 -56 64 -48 38 -49 32 -65 25 -64 31 0 9 -48 3 -51 39 -48 51 -112 -24 -48 1 -80 -30 -46 -111 0 -112 15 -100 -40 -135 -176 -129 -49 -96 -120 -31 -149 -168 -48 -105 -44 -135 -31
74 -53 125 -57 134 -91 67 -56 -3 -184 87 -119 80 -120 24 -138 7 -55 -7 -184 48 -120 80 -60 26 -1 5 -2 10 -2 -27 -3 18 0 32 -54 0 0 -89 -55 -30 -120 -92 8 -97 -58 -96 -60 -127 -122 -112 -59 -16 -136 -151 -181 -143 -57 -97 -51 -111 -64 -127 -56
120 -64 78 -63 -14 -129 154 -112 98 -95 112 -96 14 -192 6 -192 24 -65 5 -64 4 -66 81 -64 93 -64 71 -65 63 -65 58 -66 0 -2 17 -73 0 -2 -73 -128 -16 -159 -40 -128 -112 -62 -120 -128 -47 -95 -24 -111 -82 -128 14 -64 -23 -64 -20 -72 -112 -128 -96 -99
111 -55 136 -149 156 -104 137 -120 128 -120 119 -119 111 -120 49 -104 45 -104 82 -101 -18 -200 64 -107 -96 -104 -17 -72 -35 -75 19 -72 7 -78 -15 -72 -8 -73 -40 -58 -32 -136 -33 -76 -49 -137 -72 -152 -62 -134 -74 -135 -120 -71 -185 -192 -160 -118 -170 -199 -237 -104 -114 -105
0 -113 140 -128 143 -129 136 -128 128 -127 120 -128 107 -126 103 -123 95 -125 83 -124 62 -124 68 -124 62 -126 -42 -208 -32 -81 -1 -79 7 -86 -6 -79 -67 -79 -59 -81 -98 -208 -39 -143 -36 -80 -105 -80 -56 -77 -60 -80 -124 -76 -128 -80 -159 -208 -109 -162 -182 -208 -118 -113
113 -121 110 -121 128 -136 136 -132 128 -132 120 -134 103 -133 102 -120 95 -120 82 -132 72 -132 69 -132 45 -133 53 -131 9 -120 3 -120 31 -152 -73 -215 -1 -167 -56 -152 -64 -152 -22 -72 -48 -88 -56 -88 -119 -26 -137 -216 -127 -24 -141 -89 -36 -87 -59 -88 -72 -88 -248 -124
140 -142 132 -142 123 -141 115 -141 106 -142 101 -141 91 -142 84 -142 76 -142 68 -142 62 -142 56 -144 63 -139 37 -143 29 -143 40 -140 31 -143 39 -128 -110 -214 -17 -94 -84 -160 7 -95 12 -96 -119 -96 -64 -160 -120 -160 -145 -222 -106 -176 -137 -97 -166 -224 -238 -160 -105 -143
139 -149 131 -150 125 -150 114 -150 108 -150 99 -149 91 -149 84 -149 75 -150 68 -150 59 -149 52 -149 44 -150 36 -150 28 -149 19 -149 12 -150 -8 -168 -45 -111 -152 -137 -49 -138 24 -156 -71 -136 -52 -152 -45 -135 -138 -232 -145 -232 -82 -136 -55 -135 -72 -151 -69 -152 -68 -136
140 -158 132 -158 124 -158 116 -158 108 -158 100 -158 92 -158 84 -158 75 -157 68 -158 60 -158 52 -158 44 -158 36 -157 27 -157 38 -155 1 -177 -8 -120 -55 -113 8 -158 -3 -158 -15 -157 -36 -158 -28 -156 -37 -160 -42 -160 -48 -160 -36 -151 -67 -144 -89 -207 -113 -175 -169 -176
140 -166 132 -166 124 -166 116 -166 108 -166 100 -166 92 -166 84 -166 76 -166 68 -166 60 -166 52 -166 44 -166 36 -166 28 -166 8 -184 -23 -128 -134 -184 12 -164 -13 -165 -20 -166 -28 -166 -36 -162 -5 -153 -35 -153 -44 -151 -55 -151 -42 -153 -52 -152 -229 -152 -178 -248 -136 -160
