210 128 42 94 45 192 179 120 152 128 144 120 132 128 148 120 61 112 121 128 109 115 155 96 35 114 87 124 72 125 109 128 20 128 20 110 -14 112 72 128 31 124 -100 55 -41 193 -47 193 -57 192 -71 192 -71 193 -82 192 -83 192 -107 192 -98 192 -122 192
195 112 120 106 176 88 104 106 192 86 119 100 143 120 170 116 129 104 73 119 80 100 102 104 92 112 112 104 132 120 71 88 63 119 62 108 -81 57 50 112 -91 48 9 184 -51 57 -128 57 -135 56 -136 64 -62 24 -36 8 0 0 -56 8 -61 55 -40 16
188 110 153 39 106 176 112 177 97 94 91 94 169 108 144 113 137 72 125 79 143 112 47 90 87 104 100 113 79 108 19 177 6 176 11 16 -80 32 -25 111 -97 54 -23 176 -112 112 -120 54 -129 54 -139 54 -145 54 -32 8 -75 20 -51 0 -106 64 -72 0
112 100 121 40 152 -8 41 46 161 100 120 88 16 40 164 104 83 105 89 87 -11 40 100 95 99 100 85 95 -50 48 19 168 2 200 -75 45 -80 135 -80 22 -100 46 -106 46 16 -8 20 -16 0 0 0 -8 -60 13 -32 50 -75 10 -53 52 -94 6 -64 50
220 81 190 88 117 37 41 38 168 88 184 98 99 80 88 96 160 62 120 126 95 86 109 92 88 88 -37 25 -48 38 25 -4 -64 38 -76 39 -81 39 -14 160 -100 35 -108 40 -114 39 9 -30 -65 32 4 -24 1 -2 8 -16 -162 39 -7 -17 0 0 -24 -16
199 87 215 70 142 88 38 152 183 88 117 77 176 55 141 55 66 56 124 80 117 76 107 80 -32 23 -44 30 -52 32 -66 24 -65 29 -73 32 -3 -9 63 -8 -103 25 23 96 24 79 6 88 12 88 7 80 -13 80 -74 152 -101 152 -6 57 -81 88 -92 86
193 72 185 85 176 136 198 -15 193 80 185 79 109 59 104 64 130 72 123 72 116 72 -28 24 108 81 72 96 -1 143 16 144 66 98 -9 80 61 64 40 72 -48 144 28 68 -34 144 -3 81 34 47 33 80 -145 145 -24 16 -11 16 -29 64 -114 65 -117 62
188 78 184 68 113 135 143 60 115 57 105 72 145 40 0 0 136 60 -5 9 -21 19 124 71 92 56 22 9 72 20 -64 137 75 72 59 68 -3 135 -25 8 17 -1 -16 22 6 8 -3 -1 -62 7 -23 8 -32 8 -20 5 -42 12 -102 7 -111 7 -115 6
136 126 55 64 185 77 104 48 183 32 160 32 82 32 138 56 131 56 124 56 160 66 141 63 69 33 24 64 -42 -8 26 124 -1 -1 18 -1 1 -2 48 -8 1 -2 -16 -5 0 -9 -1 -1 -1 11 -6 -4 -21 -7 1 8 -34 8 -47 -8 -40 -8 -47 -8
187 -2 58 -2 177 51 170 120 104 119 120 40 72 -6 140 49 3 -7 79 40 49 39 129 40 97 40 7 -8 23 8 72 -38 -66 120 65 0 77 0 33 -1 36 -12 -112 -7 16 -7 -1 -2 1 -2 3 -16 -44 -16 -31 -2 -37 -12 -45 -13 -47 -13 -107 -5
193 64 186 41 132 32 104 -34 131 15 152 44 11 113 140 40 138 40 119 42 115 37 39 34 64 16 104 -16 35 -19 22 -17 55 -15 46 -15 39 -16 31 -17 23 -18 16 -16 -1 -1 -123 112 -131 112 -139 111 39 -47 29 -48 17 -48 -64 -23 -56 -17 -92 -24
147 40 157 7 208 8 103 10 95 42 158 33 16 -20 144 33 68 22 127 32 106 40 109 102 34 -24 23 39 -56 -17 53 -29 69 -60 -74 104 -85 105 -93 104 -99 104 -102 38 50 8 -39 40 -32 15 -44 40 -50 43 -59 44 -67 43 -74 43 -95 40 -102 40
223 -1 218 32 136 32 121 16 159 28 31 -34 152 25 132 20 162 -1 80 42 80 11 121 32 -35 96 -43 96 97 -40 72 -40 -31 1 -8 -32 -35 94 -87 -26 40 24 -9 5 -19 36 -27 36 -35 35 -52 32 -51 36 -64 32 -76 32 -75 36 -84 33 -93 34
147 25 232 24 181 -9 104 28 166 16 156 16 140 16 88 24 161 -8 147 8 116 16 93 15 99 16 109 17 84 20 78 20 53 13 62 27 82 16 -24 7 -3 28 -12 1 -19 27 -27 27 -32 2 -40 1 -51 2 -63 25 -67 27 -75 28 -92 24 -90 29
224 -17 120 -16 130 18 116 80 34 -42 178 17 195 15 112 -10 156 -1 123 8 116 8 -19 -57 -32 -47 -43 -41 88 8 65 8 65 1 50 12 30 1 -7 16 -3 -2 23 -12 -47 -1 -55 -1 -61 -1 -72 1 -79 0 -87 0 -70 1 -72 -8 -85 19 -88 -4
151 8 152 9 175 39 39 11 163 -8 107 -7 167 -10 168 8 63 -57 37 69 120 -1 94 1 97 0 74 0 17 105 66 1 56 4 57 -4 83 -8 41 -9 64 8 16 0 25 7 17 -6 1 -7 -6 -8 -33 -4 -39 -2 -28 5 -87 8 -111 -8 -121 -8
104 2 120 -32 177 6 150 -8 96 -1 161 -8 152 3 144 1 1 -2 153 31 72 0 137 0 91 -4 119 -3 76 -4 64 -4 77 0 57 63 1 -2 0 -2 0 -2 56 -24 -28 -24 -2 -10 1 -13 -9 -13 -25 1 -51 -32 -72 -17 -70 -24 -47 -24 -97 -24
146 -24 55 -7 168 -16 105 -17 32 -71 159 1 143 -8 133 -8 155 -11 72 -6 17 32 97 -33 143 -7 52 -8 16 88 91 -25 72 -6 57 -24 -12 -26 0 -2 -6 -26 23 -23 50 -7 -27 -30 3 -8 -75 -25 5 -25 -25 -8 -93 88 -95 56 -113 -8 -95 -6
130 -48 188 -23 165 -28 176 -8 129 -15 113 -17 81 14 64 48 88 -14 57 -48 105 -20 105 -16 34 -34 21 -32 78 8 -54 -79 67 -8 24 -38 -15 47 41 -32 -48 48 27 -22 -36 49 -59 49 -56 49 18 -17 -81 -14 -73 -24 -98 -80 -106 1 -38 -15 -118 -32
180 -32 187 -31 173 -9 72 -14 63 8 56 -25 97 9 128 -24 67 -42 117 -41 40 -24 111 -19 103 -10 55 -56 49 -40 80 -40 72 -32 13 -43 81 7 -32 -24 54 -80 43 -23 -119 -15 -79 -27 -67 -41 -71 -23 8 -24 -151 -40 -95 -8 -30 -32 -47 -39 -57 -24
193 -48 176 -33 45 -79 180 -39 147 -48 96 31 82 32 134 -9 127 32 127 -24 47 30 64 -28 27 -1 17 -1 11 -1 -16 -3 0 -2 23 -32 12 -32 -24 -63 -96 -30 -16 -50 49 -44 32 -33 -1 -34 -10 32 -138 -104 7 -41 -61 -66 -7 -31 -47 -48 -47 -48
194 -65 149 -57 176 -48 38 -96 102 56 89 56 16 -113 140 -54 110 -50 109 -49 106 -42 65 -39 -3 -8 -11 -8 -19 -3 -27 -3 48 22 46 -22 0 -2 -28 24 -21 24 -108 -102 0 -41 -66 -152 -1 24 -55 21 16 -103 -69 -42 -47 25 -69 -40 -104 24 -53 -55
147 -63 56 -112 131 -143 155 -112 139 -122 93 -96 111 -96 89 15 70 16 125 -52 53 48 112 -52 14 -48 119 -63 59 -64 110 -63 95 -47 105 -56 -31 -49 -25 -48 31 -33 34 -48 -39 15 11 16 -128 -46 8 -116 -81 -32 6 -64 -111 -48 -105 -79 -44 -55 -182 -110
113 -57 132 8 168 -121 159 -119 151 -121 143 -121 108 -128 131 -120 128 -120 104 -128 53 -122 55 -105 42 8 -37 -118 86 -66 76 -60 44 -64 105 -61 45 -70 59 -72 31 -62 -104 -55 28 -56 21 -56 35 -69 24 -59 -15 -48 -22 -63 -39 -61 -173 8 -48 -68 -188 -116
67 -79 178 -128 176 -129 160 -119 161 -128 136 -135 131 -135 188 -120 145 -137 70 -125 131 -136 107 -136 60 -128 58 -130 14 0 10 -1 56 -68 -5 31 -3 -1 -29 0 -31 -127 74 -70 12 -64 7 0 11 -60 -8 -68 -48 -96 -24 -57 -60 -96 -69 -64 -93 -67 -122 -128
162 -136 149 -134 138 -135 137 -135 123 -135 117 -136 116 -136 111 -137 65 -137 87 -136 80 -136 105 -136 64 -135 60 -136 41 -135 74 -130 38 -136 45 -137 -78 -72 -18 -93 60 -87 -18 -72 -80 -32 -53 -106 -65 -135 -140 -8 -145 -133 -22 -76 2 -87 -39 -87 -52 -76 -121 -136
157 -143 145 -143 141 -143 130 -142 121 -143 113 -144 109 -143 101 -143 95 -142 87 -143 73 -144 69 -143 63 -142 56 -142 47 -142 39 -142 35 -144 54 -177 37 -89 -21 16 -18 -16 -26 -16 -50 -16 -53 -17 -64 -112 7 -17 -15 -17 -152 -145 -80 -17 -89 -16 -111 -144 -81 -152
160 -150 152 -150 144 -150 133 -151 128 -150 119 -149 112 -150 103 -150 95 -150 89 -150 80 -150 71 -149 61 -151 55 -149 48 -150 39 -150 14 -152 68 -96 44 -96 -23 -136 63 -150 1 -153 -14 -152 -41 -151 -2 -153 -14 -144 -27 -160 -85 -153 -40 -140 -49 -140 0 -184 -51 -95
159 -158 151 -158 143 -158 135 -158 127 -158 119 -158 111 -158 103 -158 95 -158 87 -158 79 -158 72 -158 63 -157 55 -158 47 -158 22 -160 67 -102 60 -100 -16 -160 11 -160 -1 -157 -7 -159 -14 -158 -3 -165 -11 -153 47 -192 -144 -31 -36 -207 -160 -154 -35 -105 -58 -109 -112 -33
159 -166 151 -166 143 -166 135 -166 127 -166 119 -166 112 -166 103 -166 95 -166 87 -166 79 -166 71 -166 63 -166 55 -166 35 -162 72 -112 66 -40 27 -168 19 -168 4 -166 83 -160 46 -161 -115 -40 -129 -167 -128 -162 -71 -168 -35 -176 -153 -101 -26 -112 -34 -112 -95 -205 -64 -167
159 -174 151 -174 143 -174 135 -174 127 -174 119 -174 111 -174 103 -174 95 -174 87 -174 79 -174 72 -174 63 -175 41 -177 81 -125 6 -176 33 -176 23 -174 -2 -176 8 -224 -105 -176 -105 -169 -112 -172 -123 -167 -44 -205 4 -223 -24 -222 -106 -50 -28 -124 -73 -160 -76 -176 -104 -177
160 -182 148 -183 143 -182 135 -181 126 -183 119 -181 111 -182 103 -182 94 -183 87 -182 79 -182 71 -182 61 -183 91 -127 14 -184 37 -183 31 -182 23 -182 13 -183 -5 -220 -98 -178 -104 -178 -117 -178 -11 -193 -17 -231 -17 -185 -25 -185 -140 -72 -97 -184 -90 -184 -17 -184 -90 -184
