207 112 199 112 140 156 66 128 57 129 46 128 51 128 40 136 41 128 65 136 42 126 39 127 -44 124 18 131 15 148 -72 144 -65 128 -73 128 -80 128 40 132 -113 128 55 128 33 128 -25 137 -39 128 -8 127 -143 128 -122 144 -143 128 -146 140 -113 145 -112 133
145 152 56 55 112 56 80 56 38 128 49 118 32 120 22 121 17 120 53 123 9 136 43 124 95 56 84 105 -49 120 45 116 24 120 87 121 -81 120 -87 120 46 107 25 127 -64 124 -88 120 -139 121 9 112 2 105 -163 121 -168 120 -40 56 -101 127 -108 121
91 126 118 50 111 50 74 49 49 112 56 112 58 112 21 113 -7 120 68 112 63 121 -24 112 81 113 68 117 23 112 -64 111 99 103 71 96 63 96 53 119 47 119 -73 127 -7 48 -72 127 -50 128 26 119 -98 110 -74 128 -32 124 -120 142 -114 80 -86 50
127 116 237 93 143 103 39 105 21 102 24 104 134 110 134 87 30 103 -17 105 -16 104 -40 104 33 136 -21 103 7 112 -63 107 12 104 0 104 -22 103 -23 103 -67 120 -71 41 -48 40 -87 40 -88 43 -101 39 -103 40 -88 38 -126 37 -127 41 -112 38 -120 39
93 112 90 31 96 94 112 103 172 100 153 80 81 99 138 32 120 81 91 95 99 96 45 99 23 96 28 97 88 35 24 112 -62 96 -34 32 -49 32 -26 97 -64 31 -58 94 -80 32 -87 32 -87 33 -94 32 -108 32 -88 30 -124 32 -129 32 -140 32 -124 16
96 56 212 56 83 24 75 21 108 89 148 68 71 87 3 84 -9 88 -7 88 29 87 27 87 44 94 33 97 -7 25 -39 87 -47 88 -31 26 -48 88 -57 104 -62 24 -65 24 -78 24 -78 24 -95 24 -94 24 -111 24 -88 25 -124 24 -129 24 -135 25 -151 24
129 111 90 16 111 17 55 84 97 81 24 142 79 98 9 79 97 84 121 87 46 82 1 80 32 78 -18 84 -8 16 -23 16 -27 15 -37 12 -39 15 -73 89 -68 16 -62 16 -76 16 -86 16 -64 15 -95 17 -109 16 -119 16 -119 16 -135 16 -135 17 -120 15
127 71 57 135 91 14 136 9 96 88 8 73 153 71 108 70 99 71 9 72 6 74 4 75 0 88 -18 4 0 1 -23 8 -22 8 -32 8 -39 7 -55 8 -64 84 -63 9 -86 84 -91 85 -95 10 -104 88 -113 24 -124 8 -65 8 -143 88 -157 88 -160 86
97 65 46 64 133 64 55 68 161 68 153 3 7 65 9 63 64 96 12 68 -3 64 19 68 0 0 0 1 -32 64 -8 64 0 1 -41 97 -78 95 -63 76 0 1 -75 63 -47 77 -91 63 -55 67 -64 68 -112 80 -88 -2 -97 2 -105 80 -30 52 -15 48
96 -14 121 56 80 -10 104 70 33 56 25 56 153 55 136 63 23 55 25 72 21 -8 11 -11 111 56 -13 73 15 -7 8 -7 -45 56 -54 56 -57 56 -56 71 -32 -9 -66 -8 -50 -9 -25 -6 -160 55 -75 25 -82 -9 -89 -7 -96 -8 -103 -8 -140 24 -149 24
123 51 96 -14 146 -11 71 48 169 48 123 47 128 47 54 49 41 48 33 57 48 49 111 -16 -17 48 -22 64 -14 56 -24 61 -21 46 -8 -23 -17 -16 -24 -16 -32 -16 -40 -18 -48 -16 -57 -15 -64 -15 -72 -15 -80 -15 -88 -15 -96 -15 -104 -15 -112 -16 -120 -16
137 -6 98 47 120 44 165 -21 25 40 20 40 43 39 55 41 30 44 54 43 111 -23 -33 40 81 40 59 49 -7 -24 7 -24 0 -23 -8 -23 -16 -23 -24 -23 -32 -23 -71 -24 -49 -23 -56 -23 -64 -23 -72 -23 -80 -24 -88 -23 -96 -23 -104 -23 -112 -24 -120 -23
97 -32 119 33 111 33 103 -32 79 32 155 -30 80 -32 55 33 17 32 88 42 63 32 103 -31 0 0 23 -33 15 -33 9 -32 -127 -28 -7 -33 -47 -36 -49 -32 -32 -31 -8 -64 -48 -32 -56 -31 -64 -32 -72 -31 -80 -34 -88 -33 -96 -34 -104 -34 -112 -33 -120 -33
81 24 92 40 183 -44 39 57 25 21 53 24 49 26 37 24 -13 36 15 24 22 24 57 30 0 0 -1 -24 -15 -40 7 -38 0 -39 -8 -39 -16 -39 -24 -39 -32 -39 -40 -39 -80 -39 -57 45 -127 14 -134 55 -145 57 -95 28 -103 28 -150 40 -132 32 -151 -38
164 16 41 32 40 16 170 14 168 -52 56 16 41 -51 71 33 58 14 55 36 -16 15 41 -15 32 -48 7 32 15 -48 6 -50 2 -48 -41 -15 -64 17 -151 -39 -97 -14 -89 16 -121 17 14 -2 -31 14 32 16 -49 16 -58 16 20 11 -23 -1 -17 0 -39 2
64 8 56 8 148 7 154 9 49 16 39 17 71 13 83 16 -17 17 149 8 89 6 -23 76 -12 8 -17 20 0 0 1 11 35 9 -40 -55 -46 -56 -41 8 -97 -1 -104 8 -18 9 -25 10 31 1 -39 6 6 -4 15 6 -66 7 -24 -8 -79 6 -41 -8
201 -2 211 -16 49 -1 104 32 64 -66 38 1 92 8 121 0 0 0 56 32 1 0 0 0 0 0 0 0 0 0 -34 1 0 0 0 0 47 -64 35 -18 -4 0 0 0 -18 -2 -27 1 -34 0 -40 -2 24 0 7 -1 9 -8 12 -12 -79 0 -23 -11
55 -8 193 -9 163 -7 89 -80 48 -8 99 0 145 -71 136 -24 22 -4 3 -3 0 0 8 -74 4 -72 -8 -8 11 -5 17 -3 7 -6 1 0 -93 -7 -96 -6 17 -6 -33 -9 -36 -8 7 -73 -1 -73 -9 -73 -17 -25 -27 -74 -56 -9 -45 -26 -81 -5 -14 -24
163 -17 47 -16 69 -88 57 -17 105 -12 101 -11 88 -16 35 -18 62 -83 88 -78 15 -17 0 0 0 0 -23 -17 0 0 -65 -16 0 0 -32 -16 47 -80 -16 -8 -97 -16 -40 -13 -48 0 -57 -15 -67 -12 -71 -15 -78 -16 -78 -8 -97 -12 -177 -16 -49 -18 -53 -36
192 -23 185 -17 62 -24 65 -26 105 -23 79 -18 93 -16 82 -20 86 -88 25 7 126 -37 104 -19 10 -24 90 -86 27 -19 0 0 -80 -8 -31 -9 -82 -24 -89 -24 -102 -23 -102 -26 -39 -24 -60 -17 -63 -25 -76 -17 -90 -16 -160 -28 -167 -23 -12 -28 -48 -89 -72 -23
176 -34 71 -95 110 -30 88 -17 47 -32 65 -32 38 -31 39 -31 64 -29 -11 -30 127 -48 -21 1 32 -11 105 -49 -6 -33 16 -32 0 0 -72 32 34 -32 -97 -26 0 0 -47 -33 -44 -32 -26 -34 -70 -34 -64 -32 -9 -96 -98 -31 -95 -16 -105 -96 -111 -32 -96 -30
128 -8 75 -39 120 -38 97 -36 30 -48 25 -40 -47 -58 73 -104 -7 -36 106 -38 25 -42 24 -41 99 -57 78 -40 -33 -31 -8 -40 -1 -40 60 -48 53 -7 36 -105 -1 -136 -62 -40 -68 -40 -55 -104 -98 -105 -68 -40 -156 -28 -107 -40 -224 -98 -107 -38 -113 7 -56 -40
80 -39 88 -48 91 -112 31 -43 96 10 25 -49 79 20 72 -50 113 -48 51 -49 56 -46 0 -32 32 -37 -49 -112 79 -49 24 -34 -18 -47 56 -48 -80 -48 -58 -48 -31 -111 -41 -47 -77 -48 -53 -47 -98 -47 -152 -31 -128 -32 -120 -80 -141 -48 -37 -49 -104 -46 -111 -48
123 -47 116 -53 71 -42 101 -56 43 -86 47 -56 184 -48 56 -23 62 -56 64 -54 12 -57 -32 -50 0 0 56 -56 -50 -56 -56 -56 -63 -56 66 -56 17 -31 -97 -53 -64 -120 -42 -53 -48 -24 -71 -56 -102 -39 -119 -57 -112 -40 -121 -56 -95 -25 -69 -56 -112 -56 -112 -48
127 -58 185 -56 95 -48 73 -129 71 -60 51 -65 34 -64 80 -58 25 -48 7 -64 15 -47 151 -64 5 0 0 0 0 0 -3 0 0 0 26 -122 -35 -3 -23 -50 -32 -128 -63 -64 -49 -65 -73 -48 -94 -128 -114 -60 -79 -133 -104 -127 -19 -64 -103 -64 -109 -51 -106 -48
191 -88 86 -137 111 -136 103 -136 95 -136 88 -136 49 -136 51 -143 44 -72 15 -70 31 -57 61 -72 73 -73 64 -64 114 -64 104 -66 112 -72 -8 -60 19 -72 11 -135 -64 -59 -88 -72 -33 -72 -20 -107 -66 -135 -94 -132 -101 -121 -72 -68 16 -72 -88 -57 -56 -136 -141 -72
136 -50 95 -144 112 -144 104 -143 95 -145 88 -144 80 -145 72 -145 64 -143 56 -143 48 -144 20 -145 -27 -71 -32 -72 -21 -79 16 -73 8 -80 0 -74 -6 -81 -65 -81 -67 -64 -72 -112 -87 -68 -105 -80 -68 -76 -67 -84 -86 -80 -128 -146 -144 -79 -232 -136 -161 -77 -148 -68
96 -151 89 -152 112 -151 104 -151 96 -152 88 -151 80 -151 72 -151 64 -151 56 -151 48 -152 40 -151 32 -151 24 -152 -4 -90 -32 -86 12 -88 59 -150 -57 -84 -44 -86 -34 -152 -49 -83 -52 -80 -88 -88 -62 -88 -72 -72 -88 -88 -119 -159 -129 -87 -151 -73 -157 -73 -154 -72
128 -160 120 -159 112 -159 104 -159 96 -159 88 -159 80 -160 73 -160 64 -160 56 -160 48 -159 40 -159 32 -159 24 -159 16 -159 8 -159 0 -159 -8 -160 -47 -160 -25 -79 -20 -93 -116 -95 -112 -96 23 -96 -112 -224 -72 -164 -96 -80 -124 -96 -34 -161 -41 -162 -49 -162 -152 -81
128 -167 120 -167 112 -167 104 -167 96 -167 88 -167 80 -167 72 -167 64 -167 56 -167 48 -167 40 -167 32 -167 24 -167 16 -167 8 -167 0 -168 -8 -168 -17 -103 -13 -98 -64 -96 -57 -90 64 -104 41 -119 -124 -80 -79 -100 -114 -96 -129 -92 -107 -105 -137 -169 -161 -161 -120 -167
128 -175 120 -175 112 -175 104 -176 96 -175 88 -175 80 -175 72 -175 64 -175 56 -175 48 -175 40 -175 32 -175 24 -175 16 -175 8 -175 0 -175 -39 -176 -64 -112 -57 -160 -32 -176 -40 -176 -48 -176 -56 -176 -64 -176 -72 -176 -111 -177 -88 -175 -97 -177 -104 -177 -112 -175 -151 -176
128 -183 120 -183 112 -183 104 -183 96 -183 88 -183 80 -183 72 -183 64 -183 56 -183 48 -183 40 -183 32 -183 24 -183 16 -183 8 -183 -29 -187 -46 -120 15 -217 -24 -184 -32 -183 -40 -184 -48 -183 -56 -183 -64 -183 -72 -183 -80 -185 -118 -184 -127 -184 -135 -184 -147 -108 -127 -116
