189 112 152 95 161 97 153 97 33 81 124 92 21 76 100 96 176 97 -7 79 113 80 104 92 25 130 -45 129 -47 78 73 81 84 104 86 96 -19 96 57 111 -100 128 -103 66 -110 65 -117 66 -125 65 -134 64 -141 65 -76 192 -85 192 -96 192 -106 189 -111 192
82 72 217 121 224 120 148 100 128 103 151 84 80 90 138 86 96 86 105 92 146 87 135 95 -31 91 24 96 51 95 83 96 -33 122 -76 56 -77 56 -71 154 -96 57 -40 120 -35 184 -117 57 -127 57 -133 56 -207 56 -81 182 -87 183 -96 182 -103 183 -112 183
162 94 56 49 124 176 43 49 95 87 152 81 47 80 168 79 161 79 87 110 30 80 41 94 79 97 72 92 -48 48 -56 114 -32 113 -135 48 -88 46 -42 81 -93 49 -102 48 -109 49 -117 49 -125 49 -199 48 -69 172 -77 175 -86 176 -94 172 -104 175 -110 174
136 104 123 42 51 42 115 164 47 136 119 79 16 104 134 57 93 101 113 66 -16 106 39 81 77 84 -5 40 -44 34 -56 39 -67 40 -72 39 -82 42 -95 104 -93 31 -101 41 -108 40 -117 40 -125 41 -135 42 -69 164 -79 164 -86 168 -95 167 -105 168 -111 164
59 96 135 68 48 96 9 144 48 130 183 72 113 62 122 68 147 65 -8 126 59 73 -26 28 -31 24 -41 24 -49 30 -52 31 -64 34 -73 33 -78 32 -84 32 -96 29 -101 34 -103 -32 -119 88 -127 96 -128 24 -135 23 -149 32 -156 33 -169 97 -174 96 -185 96
70 6 48 89 181 60 202 88 128 58 186 63 128 60 103 86 66 86 18 58 0 121 -28 20 -29 23 -40 26 -47 9 -55 -40 -64 27 13 56 -50 89 -90 80 53 72 -103 120 -85 22 -57 66 -33 73 -61 63 -141 23 -79 152 -96 152 -104 66 -47 52 -72 50
90 49 56 82 113 80 41 80 -32 48 184 47 110 76 138 45 14 112 -10 13 -15 15 -28 20 63 48 1 0 -110 15 21 145 20 55 25 65 -21 48 -88 14 -17 140 -105 17 -99 121 -8 -47 -70 81 27 79 -76 176 -87 141 -92 146 -105 175 -13 79 -19 79
131 64 102 72 176 -56 41 24 129 40 139 40 168 40 161 53 1 -1 -9 73 -17 74 133 42 -31 101 -8 72 -40 0 -56 0 95 72 91 72 -8 132 -13 133 -24 136 -28 132 -40 136 -48 135 -58 136 -73 135 -75 137 -87 136 -93 136 -104 135 -113 136 -120 135
76 120 127 124 73 34 129 37 128 36 121 47 81 63 11 -14 -1 -1 10 96 81 30 75 31 108 40 17 65 19 162 20 128 1 0 -1 127 -10 127 -13 129 -32 127 -6 17 -40 128 -46 127 -58 126 -66 129 -88 123 -88 125 -96 127 -104 127 -112 127 -120 127
64 -11 56 58 40 57 86 57 24 -8 122 32 16 55 -4 58 0 58 49 25 144 36 71 23 31 24 31 116 -90 102 19 118 54 63 -70 -6 -79 -7 -86 -8 -160 -9 -104 -7 -40 119 -47 118 -54 119 -65 118 -70 118 -78 119 -88 119 -96 118 -106 119 -115 119
164 12 129 49 140 15 153 19 193 15 24 78 15 -17 9 -23 97 14 51 17 -24 40 -32 39 131 48 -40 50 1 -1 16 112 -127 -16 5 113 12 1 -13 113 -19 113 -32 110 -109 49 -23 15 17 16 -41 15 -96 63 -216 100 -161 -8 -135 49 -144 49 -151 49
157 36 152 6 161 10 134 38 97 39 25 -32 17 -32 8 -8 -1 70 -8 -8 96 12 7 39 97 -15 90 70 24 104 -27 88 -2 -23 36 -39 50 57 41 48 37 24 -109 10 1 11 41 0 28 0 -17 3 7 8 -39 12 -26 8 -20 8 -64 8 -72 8
64 62 153 15 168 -6 128 8 160 30 20 -35 16 -18 136 -16 126 0 108 1 162 32 140 13 124 12 -42 64 -47 64 1 -1 17 5 -76 -2 -82 -16 -88 -16 18 2 9 2 1 4 -7 4 -1 -1 8 1 -31 3 1 0 -49 -1 -32 0 -53 -4 -23 -1
135 27 153 -8 -16 -8 105 24 31 -40 42 55 111 10 115 -9 112 -9 -8 54 -10 -59 -26 -44 -33 -41 -44 -43 -32 57 -55 -25 30 -8 22 3 14 5 25 -10 19 -4 12 -13 40 -7 32 -16 16 0 -24 -16 -23 -8 8 -4 -8 -16 -24 -8 -17 -6 -56 -7
161 -13 158 14 181 -23 40 -64 33 19 121 1 185 -17 136 -11 153 16 120 32 43 -7 -24 18 -34 -55 -22 -32 130 16 37 0 1 -6 39 0 17 -12 72 -12 33 -32 59 -2 56 -16 -56 -8 13 0 3 -1 -127 49 -136 49 -143 49 -71 -18 -85 -5 0 -1
176 -20 169 -30 49 -60 57 40 193 -17 88 -24 108 -24 98 -18 1 -1 53 -55 97 -22 70 4 -29 -42 55 -24 51 -9 72 -24 29 -9 0 8 1 -14 13 -27 17 -25 -16 -17 20 0 -56 -12 -111 41 -108 -25 -75 -18 -110 -24 -71 -16 -29 -22 -58 -8 -89 -10
161 -17 114 0 37 -8 58 33 199 -1 11 -128 169 0 116 -21 1 0 106 -34 14 32 -88 -18 1 0 52 -6 79 -4 1 -1 1 -1 1 2 12 0 9 -29 1 -2 54 -24 -39 12 -6 -30 -1 -8 -51 -23 -54 -16 6 -20 1 -1 1 -1 -118 -32 -87 -30
162 -40 184 -10 38 -42 137 -24 25 -40 122 -43 129 -39 173 -9 94 -40 144 -42 112 -8 96 -24 97 -40 52 -9 -48 -8 -56 -76 64 8 79 -38 52 -8 72 -41 68 -10 -38 -28 47 -8 50 -8 0 16 -117 24 -30 -27 -24 -8 -91 86 -40 24 -175 -8 -55 -44
128 -48 52 -84 48 -89 169 -1 86 8 120 -16 44 16 40 -16 95 -48 145 -37 105 -32 38 -39 63 -48 29 -40 70 -48 36 -48 -63 14 70 -52 -47 -15 39 -39 -52 80 -87 15 -115 -88 -48 -16 -110 18 -11 -40 -144 15 -151 -83 -161 -63 -167 -16 -224 15 -24 -16
176 -32 57 5 190 -40 71 -24 32 -40 185 -24 182 -26 160 -25 0 -23 -16 -152 147 -26 70 -56 22 0 16 0 3 -1 1 -1 29 -28 49 -56 13 -29 -60 0 -97 -24 -8 -58 15 -40 -24 -38 -174 6 -144 -32 -148 -84 -16 -40 -163 -69 -104 -54 -15 -42 -44 -40
223 -53 153 -65 62 -65 40 -105 33 -93 201 -32 14 -101 72 -53 73 -56 -7 -32 2 -1 72 -62 29 0 21 0 13 -1 -1 -1 1 -1 -69 -36 -42 -7 64 -51 -96 -93 -73 -79 -111 -80 -120 -98 1 -1 -137 -95 -113 32 -111 -33 -96 -94 -100 -56 -48 -34 -41 -49
82 -7 67 -70 51 -103 54 16 107 24 99 23 56 8 9 -103 -1 -103 150 -56 113 -24 132 -56 147 -40 25 -60 36 -68 73 -74 87 -80 56 -40 64 -72 89 -40 -97 -106 -32 -72 -48 -37 9 -8 -128 -40 -102 23 -16 -8 -120 -104 -100 -71 -135 -103 -169 -127 -181 -104
162 -72 55 -110 49 -110 111 14 105 15 95 17 91 13 23 8 71 17 62 16 59 16 44 49 134 -48 90 -33 -21 -79 8 -72 35 -82 56 -96 52 -95 -24 -71 -160 -80 -112 -120 -113 -96 -104 -16 -55 -73 -67 -73 -144 -48 -153 -48 -128 -80 -96 14 -176 -114 -181 -112
136 -42 87 8 73 1 112 7 101 9 97 9 89 7 77 6 69 6 60 9 55 9 46 6 38 8 23 4 80 -40 113 -58 106 -58 106 -57 -81 -119 -71 -144 -95 -57 -8 -88 -9 -64 -48 -57 -56 -56 -137 -120 -69 -52 -150 -56 -111 -41 -135 -54 -175 -104 -112 4
135 -4 72 0 34 0 104 0 15 0 6 2 80 0 25 -1 63 -3 8 -1 47 2 36 0 -1 -7 18 0 10 0 16 1 9 2 2 -1 -81 -59 80 -96 65 -65 13 -103 -74 -37 -20 -64 -56 -3 -135 -64 -143 -128 -25 -73 -128 -97 -165 -144 -177 -132 -129 -1
123 -9 119 -8 2 -2 21 -9 9 -10 88 -6 3 -9 16 -5 -33 -9 8 -8 -2 -4 -48 -8 -17 -6 -97 -8 -64 -7 -57 -8 -50 -9 -7 -7 -62 -40 -89 -139 -94 -134 -63 -23 3 -140 45 -73 35 -73 -79 -73 -96 -104 -152 -135 -92 24 -93 -8 -102 -8 -114 -9
32 -16 23 -15 -8 -16 40 -15 -1 -15 -9 -16 18 -16 -39 16 1 -1 -8 8 -79 12 -7 -16 32 -13 -88 -16 -96 -16 8 -17 -95 -13 24 -96 35 -98 -86 -144 -23 -16 -30 -16 -48 -17 -52 -15 -57 -15 -65 -16 -69 -16 -78 -16 -89 -18 -91 -15 -176 -81 -185 -141
22 6 1 -9 48 0 7 -24 -1 -23 -8 4 -8 8 -31 3 -1 0 -41 12 -47 8 -63 8 -69 9 -65 8 -64 -8 -74 -23 -5 -111 77 -106 -9 -26 -73 -25 -79 -24 -105 -24 -46 -23 -48 -26 -55 -24 -133 -151 -141 -151 -80 -28 -157 -150 -161 -160 -15 -88 -183 -151
22 -1 0 -16 -16 -7 -9 -15 -10 0 -40 -8 -32 -8 -32 16 0 -8 -41 4 -79 0 -60 -7 -77 -1 -60 -30 -96 -26 -57 -128 -17 -127 -83 -33 -117 -32 -137 -31 -51 1 -168 -161 -109 -159 -121 -157 -126 -158 -64 -34 -72 -33 -152 -94 -160 -166 -171 -159 -101 -36 -120 -35
31 0 26 -36 -2 -23 9 -16 32 -13 -19 -9 -25 -9 -32 -8 -47 -8 -41 -8 -47 -4 -71 0 -20 -41 25 -24 -20 -136 4 -38 -86 -46 -72 -40 -33 -41 -93 -168 -96 -180 -101 -166 -111 -175 -121 -167 -125 -167 -61 -44 -143 -64 -149 -167 -158 -168 -105 -39 -207 -41 -130 -42
78 -46 71 -45 62 -44 11 -48 96 -48 8 -48 -16 -47 -28 -31 0 -24 -8 -24 -80 -20 -25 -16 -31 -17 75 -132 -21 -60 13 -49 -58 -47 -121 -47 -67 -47 -24 -14 -94 -176 -101 -175 -110 -175 -48 -48 -56 -50 -60 -52 -130 -56 -111 -64 -96 -49 -104 -49 -116 -49 -233 -30
39 -56 120 -51 112 -52 23 -52 20 -56 -22 -56 32 -55 -39 -57 -33 -56 -41 -23 -80 -25 -24 -8 97 -88 27 -25 21 -56 13 -56 0 -54 -11 -57 -84 -48 -90 -40 -33 -60 -28 -56 -36 -58 -106 -64 -54 -56 -61 -56 -82 -60 -88 -57 -90 -56 -151 -56 -159 -55 -152 -27
