188 203 214 221 224 201 198 195 176 207 157 194 189 191 139 215 157 197 105 150 143 96 155 101 145 100 141 103 78 96 74 96 102 67 25 9 0 0 1 0 1 0 20 0 11 0 -2 2 0 0 7 0 3 0 1 0 0 0 -9 206 -16 205 0 0
230 -8 180 222 209 218 153 -7 156 221 157 185 189 183 144 58 164 181 168 126 147 120 156 126 138 116 123 119 125 109 101 81 61 87 58 71 81 60 83 59 -3 -3 1 1 30 8 20 9 7 0 5 -2 3 -5 2 -4 2 -1 4 8 -11 -6 -12 9
216 -16 207 200 172 232 171 -15 160 67 166 181 175 168 142 48 160 209 -68 105 -65 73 -88 128 -96 128 -90 80 -95 75 -95 150 112 99 56 64 50 90 41 81 59 44 65 49 -17 -9 -14 -4 -15 -3 -21 -7 -13 -8 -6 -9 -8 -12 1 1 -12 -10 -22 -10
218 -24 176 -23 180 195 176 201 192 198 161 65 175 160 71 119 161 201 -68 100 -65 89 -73 64 -78 67 -65 135 -104 90 -116 124 96 87 96 -16 80 184 71 184 66 180 58 179 1 0 -52 -23 -2 23 -43 -21 -37 -15 -25 -19 -11 -18 15 -5 -16 -13 -26 -12
192 29 158 212 202 161 191 165 167 151 153 113 200 -16 70 111 161 193 -40 120 -33 127 -75 78 -80 80 -80 88 -63 121 118 130 96 173 105 177 36 193 74 162 65 162 48 178 47 172 40 175 33 191 36 32 -50 -27 -54 -28 -31 -27 -19 -26 -43 -28 -35 -20
193 33 224 176 209 152 197 153 178 150 161 155 129 -23 74 90 162 180 -39 113 -49 82 -52 124 -72 72 -74 88 -65 124 103 57 64 20 23 -40 82 -40 91 -40 81 -40 -9 -40 -43 -40 38 -40 38 -40 -17 -39 -18 9 -54 -34 -20 -23 -22 -33 -48 -39 -52 -36
191 9 215 158 214 166 170 167 189 145 171 144 176 155 73 77 159 157 -32 87 -48 76 -41 104 -66 64 -67 67 -96 113 -53 37 -49 72 -57 72 -48 72 -105 111 -157 64 52 40 62 52 9 29 -28 -47 -10 200 -65 -45 -25 1 -48 -35 -40 -40 -54 -45 -56 -44
127 104 120 104 111 104 103 104 95 104 87 104 79 104 72 70 159 150 -42 75 -48 68 -64 68 -65 51 -56 81 -48 105 -17 87 -4 39 -9 42 16 74 -71 77 -71 34 -120 120 48 57 45 37 24 -35 -24 164 17 168 12 10 -33 -7 -61 -46 -87 -55 -73 -47
162 63 136 32 104 25 97 25 88 25 94 3 86 3 71 55 159 142 -41 59 -44 54 -64 58 -65 63 -64 60 -11 65 7 33 -1 0 0 20 20 60 -71 72 -122 65 -119 112 48 42 41 36 -33 -56 25 141 17 161 1 -3 3 2 -41 -15 -2 -2 -91 -61
223 145 216 145 219 135 201 145 191 132 183 134 176 133 167 134 159 134 -27 53 14 62 -50 59 -64 55 -39 42 -3 85 8 17 2 -1 -5 6 -8 9 5 66 -72 14 -116 78 48 49 41 30 1 -11 24 133 15 154 -26 24 -31 24 -7 -7 1 -2 -15 -9
244 -8 188 3 180 3 153 -41 135 -39 86 -80 111 -80 104 -80 77 -65 24 39 14 49 -36 38 -57 52 11 87 13 16 11 -19 3 -2 -4 14 18 48 -40 79 -79 73 -119 92 67 49 40 21 0 -18 25 123 15 137 18 16 -33 16 -9 -12 -19 -16 -19 -15
175 63 -8 56 -11 60 -9 5 33 91 0 41 0 48 -23 35 -1 26 25 25 16 49 -2 24 -55 9 7 71 16 6 9 -7 0 -8 -4 -8 -16 11 -72 33 -81 34 -153 54 61 40 -4 45 1 -3 30 -70 16 119 1 -1 11 9 -41 8 -48 9 -10 -9
214 13 -8 52 0 -1 -9 14 -2 12 24 35 -11 24 -24 32 0 -1 24 24 0 18 -48 -6 -44 31 -71 59 -35 -1 11 0 1 1 -1 -16 -16 5 -24 2 -3 -24 -120 61 46 16 44 -6 2 -2 -8 -40 16 108 -38 53 1 -3 6 1 -48 16 -57 0
231 34 -7 39 0 -5 24 63 45 69 -7 17 49 -24 -16 15 -1 -5 24 9 0 4 -39 23 -56 -12 -25 17 -63 39 -55 56 30 15 91 -8 51 25 -92 33 65 44 -167 23 -176 33 45 -11 2 -2 -8 -45 25 -24 8 3 0 -5 -52 38 -59 40 -16 -12
232 24 -4 35 0 -17 16 53 -1 -3 -1 16 40 -28 -23 -2 -1 3 24 -1 0 1 -40 17 0 1 -25 8 15 -14 8 -13 3 -3 -30 34 -21 47 -120 32 84 16 -167 9 -162 -26 39 -17 -1 7 -194 0 17 -13 10 10 19 8 -11 -19 -19 -18 -69 16
232 20 4 -7 21 45 16 36 0 -20 -1 -17 40 -31 8 10 0 0 24 -8 0 32 0 -29 0 1 22 -21 13 -25 40 5 2 14 -12 -18 2 -49 -24 -21 -64 -8 -89 2 -160 38 51 -24 2 -2 25 -7 24 1 31 15 -2 -14 8 0 3 -1 -25 -22
232 9 1 -12 0 -1 15 31 0 -25 0 4 2 -1 -25 -19 0 1 24 -5 0 -15 0 -7 0 -2 21 -32 31 -54 7 -31 -113 0 -72 28 -11 -47 -21 -34 2 -2 -40 -8 51 -25 8 -40 1 15 -184 51 -207 4 -191 41 20 6 8 5 -4 -7 -24 -15
231 2 -2 -16 1 -37 15 24 0 -32 -7 -13 1 0 -14 15 -1 1 24 7 0 -2 -39 -10 1 -27 7 23 47 -40 15 -56 -113 -8 87 -26 -14 -43 -31 -23 -56 19 -120 24 46 -42 52 -40 0 6 31 9 -160 24 -215 9 1 -7 7 -6 8 -1 -29 -28
232 -5 12 -49 1 -44 -8 -46 12 9 0 11 -25 -39 -15 9 0 -4 -33 -56 16 -7 -49 -20 -33 -32 12 24 -7 3 7 -7 90 -53 69 -13 -17 -47 -23 -45 -58 15 -136 64 0 7 9 -56 41 -32 -199 -3 -160 15 -199 -56 -224 5 8 -9 0 -8 0 -5
225 -31 -4 -4 0 -25 -21 -24 -27 1 -33 -32 2 -2 -49 -32 0 20 -32 -21 0 -40 -48 -50 -32 -60 5 6 -31 -11 -40 -17 -80 7 -70 -26 18 -25 -23 -51 -88 -68 56 -58 1 0 7 -58 49 -84 -170 -31 -160 12 -212 -5 -224 -3 0 -15 -240 -35 0 -12
232 -48 -7 -32 -1 13 218 -30 -29 -13 -22 -65 -31 -31 -37 -64 0 -1 -40 -40 15 -20 -50 -30 -34 -66 -8 -32 -31 -33 -24 -65 -89 -32 -114 -32 -141 -28 -23 -62 -145 -7 57 -65 53 -66 38 -95 20 -123 -7 -15 -161 6 -216 -12 -224 -11 0 -24 -239 -32 -247 -32
175 -15 215 -48 207 -57 205 -46 -30 -20 -23 -75 -33 -75 -52 -21 0 8 -48 -33 -15 -37 -54 -38 -32 -56 -24 -27 -35 -75 -40 -71 -16 -7 -73 -69 -32 -7 -24 -53 -144 -38 60 -73 16 -70 8 -99 1 -28 -1 15 -177 -16 -201 -72 -224 -19 0 -30 -240 -24 -248 -51
174 -22 224 -55 208 -69 195 -69 -31 -32 -24 -80 -32 -81 -53 -27 -1 -1 -56 -28 -48 -72 -55 -52 -33 -64 -8 -62 -48 -56 5 -80 14 -113 -8 -77 -63 -40 -23 -39 -144 -91 26 -83 16 -80 48 -97 -64 -57 -2 18 35 16 5 0 -223 -32 16 -33 -240 -27 -248 -32
175 -32 224 -65 208 -74 195 -80 -32 -39 -24 -97 -33 -94 -51 -31 -31 -30 -57 -58 117 -57 109 -56 96 37 95 42 111 39 -19 -22 34 -56 24 -88 -112 25 39 -93 33 -92 24 -78 16 -87 -57 -87 15 21 -6 10 -7 -11 -9 -8 -33 -56 -16 -57 -240 -39 -248 -42
175 -39 225 -78 208 -84 199 -84 208 -62 -40 -75 191 -31 147 33 128 32 113 15 104 19 100 32 97 18 121 -2 73 40 104 31 -95 -48 85 -109 88 -117 40 -90 30 -96 22 -97 -60 -126 -56 -74 8 -14 -8 0 -17 1 -8 -11 -3 1 -7 34 -49 -45 -27 -16
183 -79 211 -106 206 -103 199 -99 208 -71 182 -89 149 22 166 26 125 23 108 16 103 13 96 24 129 -11 120 28 84 20 104 26 3 -127 84 -112 48 -89 87 -103 62 -112 -46 -136 -44 -125 24 10 0 -9 7 -16 0 9 9 -8 -25 42 -57 32 -65 32 -58 25
183 -87 166 -56 205 -114 203 -105 193 -87 156 15 137 0 129 5 122 8 112 30 152 0 103 21 113 16 119 -3 64 22 72 -72 6 -143 6 -140 75 -117 -10 -64 -28 -143 -38 -136 -49 -72 1 8 36 -16 26 -16 0 -1 -6 15 -30 40 -41 15 -50 17 -57 20
183 -94 167 -63 210 -121 148 -60 196 -120 186 -27 126 18 120 17 124 24 119 7 116 24 101 10 83 26 89 23 110 12 7 -121 6 -147 55 -151 53 -122 39 -88 -41 -128 -35 -148 0 -2 7 12 -8 2 25 -26 16 -28 -37 23 8 -16 -39 32 -56 24 -57 8
189 -133 184 -107 164 -84 199 -131 156 3 189 -33 134 16 136 15 116 -1 116 16 117 17 105 5 126 0 72 0 111 7 8 -152 6 -158 -10 -93 50 -155 37 -55 -27 -159 -41 -105 -8 16 -1 -8 -2 -1 -11 -15 19 -31 -36 -6 0 -3 -41 2 -56 1 -65 -16
189 -137 170 -89 216 -134 165 -159 162 -20 140 10 127 11 123 -3 127 -8 105 -1 116 -4 129 -16 87 9 119 -7 113 -9 10 -162 5 -164 88 -150 48 -175 -24 -138 -26 -165 23 16 17 8 -2 10 -9 -24 21 -37 -25 16 -24 7 -45 9 -43 -10 -43 -9 -57 -6
189 -147 175 -118 216 -139 175 -176 193 -51 139 0 144 -16 128 5 117 -21 120 0 143 -14 97 -8 84 -25 118 -34 80 -105 14 -174 -1 -104 54 -144 49 -179 -23 -168 -27 -170 64 -22 16 -15 40 -15 32 -22 -23 -7 15 -17 -20 0 -36 -30 -30 -17 -33 -16 -64 -32
195 -144 232 -151 176 -174 170 -35 191 -57 155 -8 160 -24 137 -23 126 -24 108 -4 143 -23 138 -38 128 -31 79 -7 16 -176 13 -179 62 -131 54 -152 48 -185 -24 -156 -32 -110 9 -24 16 -24 0 -3 32 -18 -5 -22 21 -57 -23 -8 2 -57 -42 -38 -54 -35 -64 -38
