196 216 185 39 175 62 187 219 170 189 158 183 176 192 135 52 169 201 152 96 144 95 154 103 139 98 139 104 111 80 0 0 1 0 88 0 0 0 0 0 0 0 3 0 0 0 -1 0 0 0 1 0 4 4 8 11 0 0 1 0 0 0 -15 0
240 -8 184 44 206 200 135 -7 160 47 159 176 175 184 136 56 169 192 152 119 144 127 149 115 140 114 119 120 126 103 102 84 97 73 0 -1 -24 -8 -23 -7 -1 0 17 -1 15 1 1 -2 -2 -2 -8 -4 1 -5 10 6 22 0 -1 -3 -1 -1 -16 8
190 60 189 48 176 45 168 -16 93 -16 151 191 175 177 135 48 169 184 162 143 155 147 160 153 144 146 105 117 124 142 95 113 103 97 0 0 91 80 36 76 -35 -15 -37 -15 -17 -8 -25 -9 -16 -7 10 5 -9 -13 -23 -16 0 -3 0 1 -4 4 -4 -6
227 -24 137 -23 175 29 221 200 157 7 151 39 175 169 137 80 128 13 137 112 128 115 148 136 152 167 106 140 105 153 103 152 47 137 57 19 27 4 43 24 27 7 23 8 -45 -23 -53 -23 -34 -17 -39 -16 -32 -20 -25 -21 -17 -20 13 -9 -31 -19 -34 -19
192 -32 183 207 191 184 171 176 178 180 -31 97 144 5 138 66 128 5 -26 133 -57 96 120 102 112 104 -72 66 103 125 72 16 55 192 56 190 56 192 40 184 36 32 24 26 18 16 12 17 -48 -31 -68 -31 -35 -23 -25 -21 -33 -29 -17 -22 -29 -25 -36 -23
153 -40 186 18 191 166 179 177 176 151 183 152 81 -39 80 -21 128 -3 -41 71 -48 70 122 119 -57 114 -72 92 79 55 106 -40 64 31 55 31 48 32 88 -40 -5 -40 -40 -40 -17 -40 45 -40 0 36 -69 -37 -76 -39 -42 -32 -49 -37 -39 -37 -59 -37 -61 -38
231 -26 184 11 180 17 171 177 162 163 169 165 139 -16 136 49 128 -11 -36 88 -48 84 -64 83 -64 62 -81 62 80 80 71 80 63 80 56 65 68 52 82 73 55 43 47 41 -49 -46 31 -35 1 1 -58 -39 -78 -47 -57 -40 -55 -41 -41 -45 -70 -44 -73 -47
198 52 117 -56 139 -56 167 15 159 5 158 8 16 -26 136 41 128 -19 -24 75 -41 81 -56 54 -64 54 -73 61 -14 89 -3 135 -10 136 -13 137 -64 40 -103 69 49 83 72 122 49 36 8 -55 1 1 21 136 -21 45 -87 -55 -92 -55 -57 -49 -57 -48 -37 -36
127 17 120 15 108 9 100 8 92 8 84 8 76 8 81 27 128 -27 -24 66 -44 74 -56 46 -58 48 -38 26 18 119 1 0 1 0 -9 129 -65 62 -104 60 -128 33 71 112 48 40 7 -45 0 -13 8 161 35 31 -97 -64 -93 -63 -71 -55 -89 -61 -75 -53
221 119 217 121 180 -24 161 -41 155 -41 147 -41 29 120 121 -42 128 -35 -24 60 -34 54 -56 38 -64 62 -6 57 0 1 -2 8 2 1 -5 -7 -64 22 -80 8 -136 74 71 108 51 49 -28 -64 1 0 -6 169 27 27 -33 14 -103 -71 -102 -71 -109 -71 -116 -71
193 -8 185 -8 177 -8 169 -8 160 -8 152 -8 145 -8 137 -8 176 -80 0 4 -8 2 -38 55 -32 29 23 113 25 50 0 1 1 0 -3 -11 -17 113 -71 25 -136 52 72 109 51 39 -55 -80 1 0 -5 165 -49 119 25 18 1 2 -45 21 -119 -79 -118 -79
221 8 222 44 232 83 212 69 159 41 150 41 142 41 135 40 10 71 -2 9 0 -1 -50 46 0 6 10 -20 4 -9 11 -19 3 -23 -2 96 -20 107 -27 107 -137 22 68 76 65 38 4 6 30 -71 -8 -36 -42 98 27 16 13 8 -11 -11 -53 13 -127 -87
232 23 210 35 225 73 221 91 32 80 -4 34 0 -4 -23 35 1 3 9 -11 1 8 -41 39 0 1 24 28 1 0 6 -16 1 0 -8 96 -26 -35 -16 89 -110 36 51 49 54 22 43 5 -65 -95 -8 -39 -13 -59 0 -4 -5 -7 -1 -1 1 -1 -29 -21
217 8 232 73 224 67 188 46 32 70 -1 21 1 20 -23 25 0 11 0 -16 0 -10 -39 43 96 24 -39 32 4 88 8 89 4 88 -7 88 -13 89 -71 -5 -136 9 73 69 37 -19 39 -13 -1 -87 -9 -47 24 24 7 7 23 17 -12 -11 -21 -13 -15 -9
239 27 232 65 231 80 187 43 0 -8 15 4 0 -12 -23 23 0 0 9 -25 0 9 -55 23 -32 -18 -57 66 -15 14 -72 1 64 0 53 17 45 17 72 0 -119 33 -131 -1 64 13 50 -17 40 10 45 17 23 21 21 11 3 -1 1 -1 -7 0 -25 -18
233 8 232 60 197 32 185 46 0 -16 -1 13 -1 -23 -23 9 0 -8 -1 -26 0 -34 -37 6 0 0 26 63 11 72 -56 9 -3 -57 -25 -54 68 44 94 61 -80 -28 40 8 50 28 49 -9 39 47 25 35 16 25 23 13 17 9 -9 -9 -16 -10 -24 -16
231 28 199 5 200 50 7 -31 0 6 0 5 1 -1 -22 1 -1 1 9 -39 1 -33 -39 -3 33 28 14 -64 20 59 -57 35 1 -3 -8 -61 -19 -65 -32 -65 -23 60 52 28 50 -31 49 -5 1 0 39 7 28 35 8 6 -7 0 6 1 0 -1 -22 -15
231 17 232 51 200 37 15 16 1 0 -6 -6 0 -1 -24 -37 -33 5 10 -51 0 -36 -40 -15 15 47 29 -41 25 -65 120 56 -31 -3 -7 -63 -14 -40 -23 56 -113 22 52 -6 48 -32 35 -42 33 32 -9 -7 1 -1 8 8 1 22 -8 -7 -20 -10 -28 -26
231 15 200 23 193 20 24 20 0 1 -8 -32 -15 -32 -7 18 -33 -11 -24 -48 0 -44 -48 -14 -31 -39 22 50 20 48 102 40 88 -33 -5 -60 -21 48 -28 51 -147 9 65 -17 48 -44 22 -31 33 9 -165 -33 -184 -13 24 47 -1 16 -15 -15 -20 -16 -22 -13
217 -19 199 15 15 -55 191 25 8 -2 -9 -41 -16 -42 152 14 0 10 -33 -29 0 -66 -52 -17 -32 -59 -40 -60 110 4 119 -15 -32 -29 -17 -88 -21 41 -71 -56 64 2 64 5 49 -55 -20 34 -1 -23 -168 -41 -185 -22 31 38 0 1 0 -6 -15 19 0 -5
239 -21 209 12 223 4 200 12 184 19 168 7 -16 -63 152 7 0 -10 -32 -25 2 -59 -52 -22 -33 -63 -23 -56 -31 -45 -72 -48 -69 -31 1 1 -21 32 -104 -23 81 -42 63 27 64 -61 -57 -159 -71 -158 -165 -47 1 -5 8 11 -1 0 10 -12 -1 1 -23 -8
239 -29 223 -1 213 -19 204 -13 176 -32 176 11 0 2 161 5 0 7 -31 -28 -33 -47 -48 -36 -34 -67 -7 -71 -63 -55 110 -49 63 -32 -33 -15 -10 20 -138 -9 81 -52 53 -82 47 -90 -54 -166 -2 -74 32 -1 -184 -57 31 24 0 -12 0 -15 1 1 -23 0
216 -65 224 -48 222 -48 212 -43 207 7 176 2 168 -2 184 8 0 0 -40 -66 -46 -48 -55 -49 -34 -66 -56 -65 -31 -63 -55 -49 -64 -45 -9 17 -57 -75 65 -21 54 -96 76 -81 11 -75 9 -65 -32 -28 21 17 0 1 0 -1 -2 -34 -16 -36 -3 -15 -10 -17
233 -68 231 -44 224 -54 214 -52 206 2 199 3 169 -30 176 -9 0 4 -48 -71 -48 -75 -39 -47 -62 -52 -40 8 20 -1 -11 -116 -9 -123 -12 12 80 -7 55 -43 65 -100 67 -85 12 -83 -57 -63 0 1 -1 0 3 28 -27 -29 11 -24 -9 -39 1 -15 -11 -25
232 -76 209 -81 200 -79 217 -59 184 -50 200 -21 188 -30 174 -25 151 -9 113 -163 115 -145 154 42 126 55 93 45 -48 -35 7 0 -1 2 -122 -31 86 -99 96 -94 84 -96 68 -97 -80 -69 -56 -97 -1 3 -2 -8 1 -1 -3 -1 -1 0 -21 -11 -3 -32 -8 -17
219 -106 209 -87 207 -89 199 -87 191 -60 200 -33 143 -199 141 39 135 39 120 40 163 48 152 48 97 39 105 33 111 -8 -49 -8 85 -106 48 -88 64 -138 82 -104 63 -104 24 -73 -52 -129 5 -131 7 -15 5 -8 -8 3 -14 27 17 46 0 39 -44 -151 -17 -57
219 -115 225 -91 215 -91 200 -94 188 -81 95 -186 145 7 186 40 177 32 120 15 105 9 104 31 114 -1 91 -155 78 32 71 -53 1 -143 107 -105 97 -104 69 -115 30 -79 -45 -137 -49 -113 10 35 0 2 0 1 0 0 -16 30 0 0 8 35 -10 32 -58 32
233 -114 225 -100 201 -121 207 -99 212 -84 151 24 181 25 169 8 167 20 160 24 145 7 104 27 129 -16 123 21 110 -10 8 -85 -4 -144 90 -119 22 -39 -25 -93 -36 -145 -44 -144 19 -117 0 1 1 25 16 -12 0 3 6 24 8 9 -4 3 -21 23 -61 19
234 -124 211 -127 201 -129 193 -126 159 -179 171 7 180 18 175 15 164 12 153 15 144 -9 139 17 130 15 120 0 83 -173 9 -95 9 -128 51 -122 45 -124 -22 -220 -27 -89 -45 -151 65 4 54 20 0 0 -2 15 0 0 8 -1 -1 1 8 8 -14 -7 -8 19
234 -133 211 -139 203 -141 202 -140 161 7 192 10 192 16 168 5 166 -12 151 -9 152 -12 104 8 127 -8 127 5 82 -195 3 -160 -4 -160 88 -143 48 -215 -25 -105 -36 -160 -98 -40 48 0 44 6 31 3 43 16 0 1 10 8 0 3 -5 -15 -14 9 -8 12
232 -145 211 -148 216 -140 169 -141 160 -27 183 0 184 -4 170 -6 164 1 125 -173 160 8 137 -18 130 2 116 -13 79 -85 4 -168 -1 3 87 -162 -14 -240 -29 -169 -36 -167 24 -186 19 -187 13 -173 0 1 22 -17 -12 -179 9 -16 1 1 0 2 0 8 -57 0
230 -155 227 -147 223 -148 168 -58 176 -24 184 -24 192 0 168 -25 168 -8 153 -32 142 -27 152 -8 135 -3 120 -7 17 -117 4 -176 100 -153 51 -147 -14 -247 -28 -176 -30 -27 27 -196 19 -195 13 -181 3 -195 -8 -8 14 -29 8 -8 -29 -9 16 -7 -49 -9 -58 -9
