187 209 220 228 179 62 176 206 168 194 160 180 180 193 136 188 145 235 147 94 140 92 143 99 137 96 133 97 0 0 0 0 0 0 56 68 0 0 1 0 -1 0 2 0 -5 0 -2 0 0 2 -1 0 0 0 11 20 -31 62 -41 40 -50 40 -56 42
193 54 186 218 207 226 137 -8 145 215 160 172 179 185 140 56 159 193 168 132 141 122 135 111 125 102 118 119 125 112 104 86 -10 -6 57 79 -13 -6 -21 -7 1 -1 -1 -2 3 -7 1 -3 0 -3 1 -1 0 -8 11 10 -33 34 -41 34 -49 34 -56 34
192 34 184 209 177 208 217 -16 147 31 167 184 179 177 137 66 157 191 136 114 135 125 136 132 136 169 107 148 106 118 106 118 103 96 -19 -16 91 80 -36 -16 -33 -15 -37 -16 -5 -6 -31 -14 -32 -13 -1 0 -6 -9 -8 -10 3 1 -40 26 -20 -8 -57 26
192 52 121 -24 160 199 200 190 161 7 154 37 175 167 137 61 165 172 139 142 132 142 128 118 113 106 105 139 99 128 103 155 60 72 55 29 47 8 31 5 29 7 25 8 -45 -23 -54 -24 -61 -24 -41 -17 -38 -18 -24 -20 -16 -21 -41 18 -14 -7 -24 -10
192 35 240 199 192 182 183 172 189 159 88 97 191 -32 137 57 159 173 120 97 113 97 129 145 113 131 -56 127 97 129 64 25 98 179 96 175 59 189 56 196 40 194 52 192 1 -1 41 161 1 -1 -69 -32 -39 -23 -54 -29 -46 -32 -24 -29 -33 -31 -39 -23
186 20 184 185 189 166 183 166 176 154 187 152 113 -24 170 54 159 169 -41 84 -59 86 120 121 97 89 -73 72 101 130 71 22 56 -2 46 -2 45 -3 35 -3 -1 -40 22 22 15 22 9 22 1 -1 -56 -35 -76 -40 -43 -30 -49 -32 -25 -31 -59 -40 -46 -36
192 26 218 160 177 177 169 191 174 156 176 147 145 -15 168 52 161 161 -27 93 -34 91 -40 112 -66 58 -57 99 81 80 73 80 66 78 59 77 53 63 80 48 71 51 67 51 -59 -46 -15 -41 1 9 -9 -16 -80 -47 -84 -48 -47 -35 -62 -46 -59 -47 -56 -48
225 25 184 6 177 5 160 -18 161 167 147 150 139 -18 154 85 162 152 -35 79 -43 80 -58 50 -65 55 -80 92 -16 83 9 135 7 127 -1 127 -15 136 -104 52 -145 93 70 104 49 64 -57 -55 1 -1 -2 176 -90 -56 -88 -55 -72 -53 -79 -55 -82 -55 -80 -52
128 30 120 29 112 28 104 28 96 28 88 28 80 28 69 183 161 148 -24 58 -44 68 -57 55 -64 46 -41 50 16 128 1 -1 -3 0 9 11 -16 128 -71 16 -128 63 71 97 49 113 -57 -61 0 -6 -6 176 -96 -64 -98 -64 -93 -63 -100 -64 -88 -62 -95 -63
229 121 221 120 170 -42 101 73 89 74 81 73 15 120 127 -43 162 137 -27 21 -35 21 -39 66 -65 60 -8 55 9 -9 2 -2 0 21 1 -3 -7 109 -104 53 -121 48 54 106 49 109 -67 -72 0 -11 -7 153 -97 -72 -102 -72 -105 -72 -102 -71 -109 -72 -117 -72
187 -43 179 -43 161 -44 153 -44 155 -44 145 -43 134 -44 170 128 176 -80 -25 29 -33 45 -40 59 -32 56 25 112 9 -17 -3 9 -1 14 1 -2 2 -2 -24 113 -111 11 46 75 47 95 -67 -79 0 -27 -7 145 -11 -43 22 17 -110 -80 -112 -80 -115 -79 -118 -80
220 5 224 42 211 46 199 47 161 39 154 39 145 40 137 39 129 40 10 -9 0 -1 -50 47 0 37 36 90 14 -24 1 -1 1 -2 16 9 -15 104 -23 104 -112 4 46 60 48 68 41 6 -3 -26 -8 -49 -12 -52 8 4 13 9 -113 -87 -121 -87 -123 -87
231 25 216 50 196 34 191 58 33 84 23 27 -1 39 -23 34 0 -4 -1 -7 0 23 -39 -1 1 41 15 91 17 -17 8 2 -5 -17 -6 -41 -15 95 -23 95 -112 13 41 40 49 25 32 0 -76 -96 -8 -40 -12 -58 1 -1 -1 -3 0 1 -49 0 -133 -96
232 23 197 27 198 45 187 52 32 77 1 21 1 -5 -22 32 0 -13 -1 -16 0 8 -40 30 97 24 -55 64 8 88 18 -23 -4 87 -15 88 -21 87 -25 88 -112 32 47 57 47 28 8 -8 -75 -104 -6 -53 -67 -89 10 12 1 2 -15 -15 -19 -16 -57 -8
232 52 199 19 199 60 184 50 0 8 1 16 -1 -12 -22 24 0 4 -25 11 0 9 -49 7 -33 -15 -7 -14 81 16 17 -46 66 13 95 9 49 16 72 24 72 13 -138 -16 62 52 56 -18 1 -2 24 -1 24 12 -1 -5 -1 -4 -12 -13 -20 -17 -25 -20
232 42 201 11 197 37 185 43 30 39 0 8 0 -20 -23 -11 0 -3 11 -30 0 -39 -48 -30 0 5 29 61 18 -66 16 69 -29 15 1 -55 49 8 41 15 34 7 41 24 72 45 42 -25 40 32 19 59 23 38 11 8 18 8 -9 -9 1 -2 -24 -21
232 34 201 35 194 32 23 32 0 14 0 4 0 -28 -15 2 0 -7 10 -46 2 -24 -49 -4 1 1 19 -66 16 -71 6 32 -29 11 -10 -50 -9 -65 -5 -57 -25 52 41 31 48 -21 48 -31 1 -2 32 -1 24 52 20 5 -4 -4 -1 2 -10 0 -26 -20
232 24 201 27 196 21 169 -7 33 8 0 -8 -1 0 -16 20 0 -1 -25 -32 0 -57 -48 -41 1 -5 25 -81 11 -72 -68 0 1 -3 -7 -41 -14 -55 -24 53 -27 56 56 -5 47 -29 48 -37 33 25 19 -9 2 28 8 40 1 0 0 20 -1 -9 -27 -26
232 16 201 19 193 20 169 -15 33 16 -8 -15 -16 -14 -15 11 0 -2 -25 -15 1 -68 -49 -13 0 -7 29 47 -2 -47 -105 15 97 -24 -20 43 -15 -89 -23 47 -28 48 59 -17 48 -38 47 -46 27 17 5 -11 1 7 25 41 -1 8 -8 18 -9 9 -32 -17
233 11 24 1 191 5 186 3 12 12 -9 -39 -16 -41 153 11 0 6 -32 -26 -33 -48 -49 -33 -32 -30 -24 -4 -39 -71 98 -56 65 -26 -19 32 -7 -88 -24 40 -111 -35 64 -43 52 -40 -1 -49 38 16 -168 -31 -160 12 0 -8 14 8 0 13 1 8 -19 1
231 -30 201 3 197 0 214 1 177 3 169 4 1 2 153 2 0 -7 -9 3 1 -80 -42 -24 -33 -65 25 32 -47 -47 -57 -47 -65 -15 -14 33 -21 -97 -22 32 78 2 65 -47 48 -62 -59 -158 -9 -145 -169 -31 -160 9 23 25 2 -4 1 -7 0 -1 -8 0
232 -44 233 8 224 -7 217 -8 183 -12 169 -5 161 -6 160 -17 0 -12 -40 -58 -33 -47 -48 -49 -32 -74 -6 -39 -63 -62 103 -8 94 -7 56 -32 -26 18 -70 -25 62 -35 52 -73 13 -71 -57 -167 33 -95 -75 -17 -16 -39 -2 -35 -1 -24 -8 -1 -15 8 -7 -10
231 -52 222 -23 216 -31 216 -32 176 -45 169 -15 162 -15 160 -26 0 -1 -41 -66 -47 -32 -57 -32 -34 -81 -55 -71 -32 -57 8 16 6 16 -35 -32 -23 15 56 -24 55 -71 21 -77 15 -79 -64 -176 15 -39 23 15 -174 -25 -4 -21 1 0 0 6 -16 0 -25 -31
232 -67 225 -37 209 -56 197 -59 176 -53 176 -10 167 -9 151 -53 0 -2 -57 -31 -49 -55 -41 -37 -31 -47 -56 -64 -35 -29 -37 -94 -21 -69 -8 7 -11 8 56 -62 64 -80 -56 -183 16 -88 -53 -69 1 -114 -1 7 17 7 20 8 9 -8 1 -25 -24 -48 -25 -5
234 -77 224 -66 199 -83 202 -63 201 -18 175 -37 164 -36 186 -6 62 -63 141 -32 105 -163 101 -161 129 0 95 25 16 -63 7 -137 0 -3 -3 -1 80 -94 33 -97 -43 -191 17 -93 15 -79 -46 -115 0 -2 -4 -4 0 -3 -7 -7 3 -1 6 0 -23 -41 -39 -62
220 -104 213 -87 210 -87 192 -92 200 -25 175 -67 167 -84 136 -8 182 40 118 37 110 38 133 15 99 37 96 23 111 -9 9 -69 -80 -42 52 -104 -31 -200 39 -104 73 -103 62 -103 -48 -135 -137 -1 4 -10 -5 -10 -9 -10 -1 -9 -23 8 -7 -7 -49 -169 -13 -9
220 -113 227 -92 209 -96 200 -96 199 -32 183 -77 145 31 128 24 121 21 118 27 110 32 103 31 114 -3 119 -3 71 17 8 -87 14 -90 103 -111 88 -112 70 -120 33 -94 -43 -140 -52 -129 8 -18 17 -8 0 -2 0 6 -16 16 -24 19 -7 13 -7 33 -8 25
219 -124 226 -104 202 -119 206 -98 209 -87 200 16 142 22 135 23 153 -1 151 10 150 8 102 23 88 -1 128 7 120 22 11 -99 0 -123 74 -75 40 -112 -45 -101 -33 -123 -40 -123 -129 -17 38 0 3 23 0 3 0 -3 -32 -1 7 9 -9 1 -52 19 -48 12
221 -133 226 -114 203 -129 196 -125 164 -126 169 7 185 17 180 -10 177 1 168 7 160 8 103 16 118 0 137 -2 111 9 4 -155 -1 -36 -7 -223 -29 -224 -25 -80 -31 -129 -40 -152 65 -1 48 -19 1 -1 -1 -4 0 -3 22 -10 -40 -8 4 13 -2 -4 -65 0
240 -129 213 -138 204 -137 200 -134 144 -8 174 -18 167 -7 177 5 127 -10 114 -12 105 -8 100 2 145 -16 86 4 128 -5 6 -139 0 -163 88 -152 -16 -231 -23 -113 -32 -163 -39 9 44 -10 0 -9 47 -9 -10 8 0 -3 24 -8 16 -4 9 -17 -16 7 -49 -1
234 -142 213 -147 202 -149 168 -149 162 -1 174 -15 184 -17 183 -16 156 -25 152 -34 155 -29 97 -24 142 -7 124 -24 80 -85 7 -147 0 -168 53 -145 -15 -240 -25 -171 -32 -147 27 -186 64 -13 41 -3 0 -3 -10 -1 10 -24 -32 -17 12 -30 16 -15 1 -3 -64 -10
185 -148 213 -156 202 -158 171 -183 177 -41 192 -40 191 -9 129 -32 168 -36 168 -20 134 -23 136 -10 94 -10 121 -11 18 -131 8 -155 1 -25 -22 -247 -15 -247 -24 -155 -25 -175 59 -21 61 -27 41 -18 48 -22 32 -9 31 -26 8 -24 0 -32 -10 -33 -55 -22 -48 -18
