188 205 216 215 225 213 198 196 176 207 152 193 187 191 165 242 157 197 111 131 102 143 143 95 98 86 123 90 80 97 102 68 0 0 21 0 0 0 1 0 0 0 6 0 -1 0 -3 0 1 0 1 0 -9 0 9 16 3 214 -5 214 -13 214 -21 214
227 206 233 217 177 215 151 -8 208 196 153 184 177 177 145 58 127 213 161 121 -76 103 138 103 129 103 -99 103 130 112 104 81 63 88 56 48 -20 -7 72 51 0 -1 4 -1 27 8 4 -1 0 -2 -8 -6 0 -2 5 5 3 206 -5 206 -13 206 -21 206
217 0 220 196 222 183 203 197 200 64 167 183 174 168 135 40 128 206 -69 116 -57 70 -83 119 -95 124 -91 95 -108 119 -115 96 98 83 56 55 49 70 44 81 65 49 -36 -15 -15 -7 -18 -5 -31 -12 -23 -9 -29 -12 -9 -11 -8 -6 -5 198 -13 198 -21 198
225 -24 193 71 206 217 177 201 195 192 151 31 143 198 136 42 159 203 -68 116 -65 77 -64 63 -77 66 -64 135 -93 69 -104 66 49 57 88 -22 83 190 75 191 67 190 59 190 7 -23 -17 -6 -60 -24 -48 -22 -11 -8 -39 -21 -13 -16 -39 133 -18 -9 -26 -9
136 -31 167 193 207 157 199 158 168 158 154 113 159 -32 135 34 168 189 -40 127 -34 129 -74 76 -56 126 -31 145 -71 127 -104 64 99 182 88 184 88 178 54 187 39 183 76 177 51 169 42 184 38 185 -50 -31 -55 -31 -1 -5 -35 -29 -33 -32 -41 -31 -37 -28
192 18 211 176 181 173 200 148 177 154 156 152 137 -30 -41 114 159 163 -41 64 -32 101 -51 128 -64 106 -71 65 -75 125 112 75 68 43 -8 -40 -16 -40 7 -40 67 174 -9 -40 -44 -40 -23 -40 35 174 27 174 -75 -39 -59 -37 -64 -39 -23 -32 -58 -40 -41 -35
192 8 219 166 211 165 216 160 165 164 160 143 191 166 -40 113 163 166 -40 72 -32 95 -73 73 -64 57 -65 68 -96 128 -55 64 -48 73 -56 73 -33 96 -108 59 -142 96 59 79 67 48 8 25 11 -34 26 168 1 -1 -87 -47 -71 -47 -40 -42 -56 -45 -57 -47
137 105 129 105 119 105 112 104 104 104 94 104 87 104 73 91 163 158 -41 68 -48 68 -40 92 -63 50 -53 73 -49 104 -41 50 1 40 -6 41 15 76 7 18 -72 49 -144 50 49 50 40 39 -32 -51 39 169 -16 165 10 10 -92 -55 -61 -46 -87 -55 -70 -48
115 67 135 31 125 31 134 61 91 25 83 24 90 25 73 69 163 150 -40 66 -35 62 -40 87 -64 60 -52 63 -14 94 9 32 3 -1 2 -1 1 19 9 74 -72 44 -120 95 63 52 60 58 36 0 27 151 24 160 -20 32 0 -1 -100 -63 -108 -63 -95 -63
241 136 217 129 208 129 203 140 194 130 186 129 172 144 164 144 163 142 -37 60 14 22 -40 57 -56 40 -40 40 -32 39 3 0 2 -1 3 -1 -6 6 5 66 -89 21 -120 92 63 49 40 32 1 -11 26 143 1 150 -23 23 -31 24 -9 -9 -16 -12 -116 -71
219 -11 189 3 181 3 195 -11 189 -11 179 -12 179 -13 72 -80 127 83 25 32 7 6 8 4 -55 43 1 60 -33 41 2 -1 0 -9 7 -19 15 50 -71 15 -78 43 -153 64 69 56 40 22 0 -8 27 134 19 132 -25 37 -33 13 -10 -12 -19 -15 -24 -19
179 59 -8 53 -2 -2 -8 16 32 83 0 38 0 41 -22 17 -2 3 25 23 0 58 0 16 0 5 -26 28 16 6 10 -20 -2 -17 -3 -15 -4 -8 -72 33 -80 0 -80 -17 -170 15 40 6 33 4 -65 -86 18 126 -33 44 6 8 -40 8 -47 8 -27 -21
220 -4 -8 46 -1 -5 -9 13 32 52 22 26 40 13 8 36 0 8 14 27 0 31 0 13 2 0 -71 79 -58 36 -42 14 3 -1 28 30 8 0 13 29 -81 1 -119 60 64 31 0 24 2 -1 -72 -95 12 120 -32 16 0 -3 -45 37 -46 -9 -57 -2
233 13 -7 39 0 2 15 63 0 2 0 24 48 15 8 28 0 -1 24 -7 1 47 -5 -41 0 -1 -24 -9 -15 25 -56 43 19 -37 -120 -8 54 15 -119 72 -145 27 64 10 -175 37 42 -4 1 -7 17 -45 -15 3 21 11 0 -4 -52 29 -59 35 -17 -10
217 -1 -4 24 0 -11 14 49 33 63 0 18 40 -14 8 20 0 -8 12 -28 0 20 -48 20 0 -16 -25 -7 17 -17 3 -1 33 -17 -72 49 -16 13 -101 0 -145 30 -168 9 -161 -15 37 -19 -1 -17 -199 32 14 -5 8 0 -3 -9 -11 -17 -17 -15 -64 31
224 -2 -2 -2 24 49 13 49 1 -1 -3 -4 40 -17 8 13 0 -6 0 -26 0 -2 0 -25 0 -21 24 -7 11 -55 41 4 -16 -24 -72 41 -7 -40 -9 -41 0 19 -64 15 -161 8 45 -25 1 20 32 2 23 24 -216 -10 -1 0 -8 -6 3 0 -26 -25
0 0 24 30 1 -15 1 12 1 -4 23 4 40 -23 -21 19 0 2 25 -25 1 0 8 -32 -32 -34 -26 -7 13 -55 8 -32 -16 -30 106 0 -16 -55 -4 -57 2 0 -97 -34 50 -25 53 -29 2 0 30 -4 -206 8 -215 12 -219 -18 -9 -4 -1 0 -27 -31
0 4 33 20 24 34 -10 0 0 2 -3 4 5 -8 -29 7 -31 -27 17 -39 1 -41 1 -38 -32 -39 -25 -15 -31 -15 8 -28 -21 -81 90 -34 -39 -23 -32 -24 -80 -44 -72 -22 52 -33 45 -41 1 7 -200 17 -161 24 -200 -49 -223 3 11 2 -1 -11 -26 -25
0 -1 25 8 8 -23 27 15 -9 4 -6 5 -10 1 -16 17 0 12 -32 -15 0 -64 -39 -16 -33 -46 -25 -23 -36 -28 -49 -51 98 -47 72 -17 -16 -47 -10 -64 -79 -39 -80 -88 6 -16 39 -61 2 0 -198 -7 -192 -25 -202 -53 -220 -10 -231 -33 -240 -33 -243 -44
223 -32 24 4 24 20 0 -65 0 4 0 3 -9 -1 -16 4 0 0 -31 -17 0 -12 -48 -23 -32 -59 -23 -37 49 -15 -43 -43 -50 -40 -71 7 -89 -23 -25 -55 -78 -57 57 -49 6 -23 7 -59 1 1 -167 -42 -194 -28 -201 -57 -221 -24 -232 -12 -8 -15 -243 -52
234 -41 -7 -11 -11 -58 -21 -31 -21 -58 1 8 0 0 -46 -51 0 -2 -34 -20 -19 -64 -49 -30 -32 -66 -33 -64 -33 -51 -39 -32 -94 -35 -89 -32 -111 -28 -24 -45 -112 -4 57 -64 16 -70 15 -68 -69 -160 -5 -9 -184 -53 -200 -72 -221 -33 -231 -26 -240 -20 -243 -60
234 -55 -7 -56 0 6 217 -41 -22 -59 0 0 -8 3 -51 -35 0 0 -24 -12 -48 -32 -46 -40 -2 -72 -24 -24 -48 -64 -39 -46 -57 -64 -104 -38 -64 -73 -71 -45 -138 -81 60 -74 17 -72 31 -110 -190 -47 -6 24 -207 -41 -176 2 -220 -40 -232 -28 -239 -24 -246 -34
220 -83 215 -59 225 -49 217 -51 -30 -33 -24 -71 -32 -72 -54 -32 0 -4 -24 -19 -48 -72 -39 -47 -32 -47 -8 -64 -98 -51 8 -64 -3 -107 -15 -65 -63 -81 77 -31 -157 -46 24 -83 12 -35 7 -11 -1 -110 -8 17 -11 16 -23 -30 -221 -48 -231 -31 -239 -31 -247 -36
185 -69 225 -65 227 -57 216 -56 -31 -39 -27 -98 -32 -79 177 -25 157 -7 107 -23 140 40 143 40 129 23 93 27 96 58 -120 -57 -49 -61 -55 -49 82 -81 41 -90 34 -90 25 -87 17 -88 -55 -122 0 1 -4 11 1 0 -1 0 -25 42 -38 -39 -240 -40 -243 -50
182 -66 228 -81 207 -89 221 -71 -32 -51 -38 -63 143 -124 149 33 126 14 110 17 111 31 89 30 99 17 123 -1 128 31 89 33 1 0 59 -99 77 -129 41 -97 32 -96 25 -107 -43 -127 -55 -53 -1 1 -6 0 1 0 -6 -6 1 0 -8 32 -16 14 -55 -46
179 -51 214 -100 210 -95 195 -100 199 -67 150 -133 146 13 165 24 168 26 160 28 154 8 85 33 108 15 120 1 109 41 95 17 5 -131 -5 -6 46 -88 27 -58 -25 -39 -35 -135 -25 -68 42 -8 -1 -1 25 -8 0 0 -29 5 1 27 3 8 0 -1 -20 25
183 -79 213 -115 207 -113 202 -104 207 -81 136 9 139 7 181 -10 177 8 164 0 144 -4 144 23 126 18 120 -4 120 16 81 -65 5 -139 22 -47 50 -80 -47 -96 -24 -143 -31 -144 16 -142 8 18 1 -1 1 0 0 1 8 18 0 -2 -8 0 0 -1 -57 18
180 -78 175 -95 169 -99 198 -122 160 -148 170 6 186 -15 173 8 159 -10 151 -9 144 -9 158 2 143 8 121 -8 121 -14 7 -114 -1 -85 55 -149 76 -151 51 -193 -33 -113 -33 -148 51 -9 7 13 48 -9 1 -1 16 -24 16 -4 7 -8 -6 -8 0 0 -23 -8
183 -92 172 -84 165 -92 201 -130 208 4 183 2 177 -16 169 2 159 -17 152 -15 145 0 145 17 127 2 128 6 110 -19 11 -153 5 -155 -7 -91 47 -212 -87 -65 -25 -159 -38 -89 48 -4 49 7 -3 -5 -1 -1 0 0 8 -16 0 -1 9 4 1 0 -25 0
189 -92 174 -103 164 -100 168 -161 163 -7 183 -6 193 -15 169 -7 165 -7 150 -27 145 -24 134 -31 145 -9 119 -5 88 -71 15 -167 -2 -100 56 -138 -16 -232 -21 -161 -25 -164 58 -25 47 -7 37 -23 36 -8 -8 -10 18 -18 8 -24 15 -9 -6 -8 -17 -24 -56 -6
191 -113 174 -108 169 -105 197 2 194 -49 184 -16 143 -13 171 -16 169 -6 156 -31 142 -16 151 -16 126 -14 121 -39 89 -97 13 -171 99 -148 56 -146 -15 -240 -21 -165 -32 -107 60 -32 53 -16 42 -16 39 -17 48 -32 15 -13 17 -27 -31 -30 -39 -15 -47 -28 -40 -17
190 -121 175 -116 176 -193 156 -36 195 -57 200 -31 173 -24 135 -21 164 -23 160 -25 152 -24 145 -35 132 -35 120 -40 22 -184 6 -116 63 -129 55 -154 79 -183 -48 -136 66 -42 70 -41 65 -24 49 -25 32 -39 -5 -21 -16 -30 -47 -9 -24 -40 -41 -21 -4 -20 -56 -21
