190 123 21 192 228 72 193 32 30 76 144 128 142 126 128 128 63 111 67 191 112 121 40 112 41 185 33 191 15 183 17 189 17 128 36 108 41 103 -15 191 -23 191 47 124 -62 193 -49 193 -49 175 -56 175 -72 193 -81 193 -95 192 -108 192 -94 192 -56 134
142 184 121 106 141 96 104 104 163 116 115 120 176 121 188 116 128 120 167 124 141 120 48 184 -27 52 110 120 21 176 16 181 10 184 -9 174 -3 184 39 184 27 115 -105 65 41 23 39 16 36 24 -172 175 -193 184 -32 68 -205 186 -206 185 -200 185 -224 184
66 48 121 48 97 176 170 108 104 172 98 172 136 113 83 175 75 98 64 175 57 174 120 112 120 106 99 112 26 174 12 177 4 176 -77 56 2 15 71 104 -99 56 -31 178 -137 176 24 8 30 9 -137 56 -194 177 -31 47 -209 177 -47 48 -52 48 -64 56
191 136 56 99 80 166 156 4 96 167 88 166 103 185 77 159 96 84 64 162 33 167 96 103 96 101 94 104 28 8 -63 38 -38 94 -120 156 48 112 40 136 57 8 40 0 -161 167 24 0 -10 40 -24 8 -190 170 -42 56 -196 158 -60 58 -216 169 -98 36
112 96 2 160 175 32 168 2 161 95 159 94 142 162 88 96 75 159 68 158 105 96 96 95 126 91 37 160 -51 40 109 0 -66 40 -75 39 -4 0 40 160 -99 41 9 0 -113 96 -8 0 -10 32 -24 0 -29 33 -24 0 -176 156 -24 -8 -56 36 -72 32
192 104 103 88 -10 150 124 -8 160 88 160 87 152 88 80 151 64 146 120 97 110 87 103 89 96 118 -44 33 -50 33 80 -8 -67 32 71 -8 -82 88 77 -8 -99 34 -106 32 -120 32 -122 88 -123 87 -142 32 -145 88 -154 88 -160 92 -176 24 -176 88 -187 88
185 78 182 146 184 79 128 -8 105 143 184 79 106 62 80 138 128 98 123 75 104 80 105 110 -35 26 114 -8 81 81 70 84 1 17 -9 48 79 79 -96 24 31 144 19 76 -1 80 8 79 8 75 21 72 -149 24 -27 15 -171 145 -41 72 -103 139 -112 142
70 4 115 136 47 40 168 80 184 73 144 39 91 135 83 135 128 67 103 88 60 -24 1 -4 31 136 42 138 77 8 27 8 56 72 61 68 49 68 -83 7 -133 136 -33 -24 0 -3 -56 24 -74 138 -84 -8 -81 9 -59 9 -1 8 -88 24 -48 72 -102 133
153 63 48 12 175 -29 168 65 127 56 96 127 80 121 136 73 126 65 -17 0 104 66 40 120 97 65 -36 65 -50 64 -58 9 21 127 -7 -1 26 0 6 -2 -4 -3 -123 120 -18 0 -151 128 -32 0 -43 5 -57 4 -57 5 -76 4 0 -4 -85 4 -92 5
129 -8 184 -52 118 121 114 116 120 41 91 119 144 73 135 57 -2 -2 140 58 120 64 48 117 40 119 37 119 76 -41 9 -7 -90 120 22 -4 13 -3 1 -4 0 -4 -141 119 19 0 -32 -8 -33 -7 -43 -5 -53 -7 -60 -8 -64 -8 -80 -4 -86 -4 -89 -3
64 48 48 -16 168 49 103 -15 33 47 97 111 94 -15 135 49 124 43 67 112 49 111 40 31 16 -16 85 -48 81 -16 9 -17 15 -48 -113 111 -80 49 56 -64 16 -12 -42 -16 55 -18 -157 113 -33 -17 23 -16 -27 -16 -32 -16 -198 113 -205 113 -215 112 -216 112
195 40 183 45 160 39 198 40 201 31 24 -40 16 -16 136 49 147 33 120 71 -20 -15 96 42 31 106 -36 40 -86 103 -92 104 61 -17 -100 104 1 -24 37 -18 -7 -24 -8 -24 -108 40 36 40 32 40 20 39 -97 38 -150 8 -159 9 -164 41 -172 40 -181 40
137 95 120 90 111 17 104 41 109 94 23 -24 15 -23 134 28 127 31 169 32 49 16 56 -55 58 -28 34 -64 19 -32 67 -28 65 -74 -11 -33 46 96 39 57 32 63 27 34 -17 7 -47 92 -32 8 -43 14 -48 10 -59 12 -87 92 -95 91 -103 92 -91 10
184 25 175 25 121 87 114 85 153 87 152 33 142 20 137 24 64 84 66 84 59 88 32 78 94 19 92 19 -47 25 -64 -40 1 77 -72 24 -81 32 40 28 -31 7 -17 10 -39 83 -48 84 -55 83 -63 84 -71 84 -79 83 -67 2 -95 83 -103 83 -111 84
137 80 129 76 167 16 168 34 31 -39 150 13 152 17 80 72 72 78 119 17 109 11 96 15 88 16 86 17 79 17 64 16 67 17 62 17 -19 71 -16 75 -23 75 -14 -5 -19 -5 -28 0 -56 78 -63 76 -71 75 -79 75 -87 75 -95 75 -102 75 -96 -3
127 -7 132 71 121 71 200 -88 153 8 168 0 145 8 121 8 -6 -47 120 16 109 3 -27 -45 -35 -50 85 3 72 3 76 7 74 0 57 7 81 6 -15 64 -21 71 17 7 21 4 -57 72 -64 72 -80 62 -84 63 -94 62 -88 72 -85 65 -103 68 -108 62
137 61 215 0 47 -80 161 0 169 0 79 64 149 -8 136 32 130 -64 120 -94 161 -1 136 0 100 -5 24 58 78 -2 8 64 64 58 56 66 -25 55 50 0 16 0 25 -8 39 -1 22 -8 -3 -4 -7 -4 -17 -5 -29 -5 -29 1 -96 60 -112 64 -49 8
159 -16 133 55 177 -7 166 -14 109 56 152 -7 136 -9 129 -9 128 0 82 -27 44 37 41 55 96 0 -7 -8 109 -16 8 49 2 49 55 24 16 -33 -16 51 -1 -34 -31 53 49 -9 34 -8 -8 -12 -12 -12 -32 -9 -81 48 -97 55 -105 55 -10 -16 -100 -8
137 47 184 48 175 -15 169 17 161 -3 160 -16 151 -16 146 -20 177 -15 64 46 25 32 40 48 127 -16 37 33 79 -8 71 1 47 -19 -24 -15 1 -37 0 -28 -23 48 23 49 -46 48 -48 47 -1 14 19 -25 -7 -16 -24 -15 -155 -88 -131 48 -48 15 -94 -34
192 -6 185 5 168 -25 192 -24 128 -43 151 40 108 -18 136 -132 144 -45 56 38 114 30 101 -29 36 40 56 -24 78 -29 73 -23 64 -28 0 36 -48 -120 44 -24 -28 -88 24 -15 -112 -24 39 40 -128 -24 4 -23 -9 -25 -24 4 -155 -26 -37 7 -109 71 -115 40
193 -36 47 -96 172 -95 119 -66 112 12 153 -22 72 -32 135 -26 128 31 122 -32 121 -35 56 -32 128 32 56 -31 45 -32 84 -32 67 -32 17 -48 -7 31 -23 -38 68 -128 32 -40 9 -35 -45 31 -2 -32 -74 -96 -17 26 -31 -16 -112 -95 -104 29 -48 -30 -61 -35
191 -38 101 -41 185 -48 160 -40 29 -104 151 -37 83 -104 138 -38 128 23 105 24 52 -136 0 -4 -3 -4 -11 -4 -17 -4 -27 -4 18 -2 -2 25 -37 -7 -31 -40 -137 24 -37 25 7 -40 -51 24 -128 -96 -72 19 -148 -97 -95 -134 -109 24 -103 24 -48 -36 -55 -41
184 -47 120 16 42 -105 39 -48 31 -104 100 -145 13 -104 135 -39 121 -50 117 -53 122 -52 47 14 7 -37 8 -4 0 -4 1 -4 -17 -48 -20 -76 0 -4 33 -48 65 -112 8 -121 -3 -17 -121 -46 -64 -145 -8 -113 -64 -111 -89 -62 -95 -63 -105 -63 -105 -112 -58 -49
191 2 215 -167 172 -118 134 -120 124 -119 106 -120 104 -120 111 -120 70 -104 46 -152 -17 -113 -27 -113 95 -57 85 -63 81 -57 7 4 9 7 55 -60 -15 -58 38 -54 32 -22 -47 -1 -35 -152 -58 -120 -129 -49 -134 -56 -18 -57 -24 -48 -31 -57 -104 -122 -49 8 -30 -144
126 -128 143 -129 139 -126 120 -124 127 -129 117 -129 112 -128 103 -125 88 -124 85 -126 78 -125 49 -128 34 -128 48 -160 90 -68 70 -69 0 -4 38 -71 -6 0 -33 -9 -17 1 -104 -144 22 -66 9 -66 5 -68 -72 0 -16 -34 -155 -116 -40 -64 -168 -63 -49 -63 -16 -159
129 -137 163 -136 134 -132 136 -133 120 -132 120 -135 -12 -8 -33 -9 -37 -9 85 -132 71 -133 69 -134 60 -131 53 -133 16 -136 9 -136 2 -138 -6 -138 -16 -136 -88 -66 -97 -65 34 -60 -47 -90 -56 -91 32 -79 -72 -136 -17 -8 -150 -154 2 -72 -112 -88 -120 -88 -185 -72
139 -142 131 -141 123 -141 116 -141 107 -141 100 -142 90 -142 85 -142 75 -142 69 -142 62 -142 72 -141 63 -140 56 -140 47 -140 30 -141 26 -140 53 -144 49 -72 -24 -17 45 -88 -25 -33 -23 -76 -54 -31 -173 -15 -143 -146 -68 -178 -155 -135 -32 -17 -40 -72 -47 -49 -104 -145
140 -150 132 -149 123 -149 116 -149 109 -150 100 -150 92 -150 84 -150 76 -149 67 -149 59 -150 51 -149 44 -150 36 -150 27 -149 20 -150 13 -150 -43 -26 48 -88 39 -86 -16 -177 26 -154 -17 -167 -53 -153 -61 -154 -63 -156 -146 -145 -87 -152 -36 -152 -81 -153 -194 -32 -226 -25
140 -158 132 -158 125 -158 116 -158 108 -158 100 -158 91 -158 84 -158 76 -158 68 -158 59 -157 52 -157 152 -152 36 -158 27 -158 128 -153 -96 16 61 -101 -16 -36 8 -164 -3 -159 -13 -159 -36 -156 -42 -158 -32 -159 -41 -161 -51 -160 -178 -32 -203 -33 -210 -31 -173 -97 -59 -101
140 -166 132 -166 124 -166 115 -165 108 -166 100 -166 92 -166 84 -166 76 -166 68 -166 60 -166 52 -166 44 -166 36 -166 28 -166 -13 -22 65 -108 -72 -163 -5 -163 9 -164 -21 -166 -28 -166 -36 -164 -145 -40 -169 -40 -179 -39 0 -217 -46 -152 0 -200 -48 -104 -179 -161 -121 -168
140 -174 132 -174 124 -174 116 -174 108 -174 100 -174 92 -174 84 -174 76 -174 68 -174 60 -174 52 -174 44 -174 144 -168 -45 -112 77 -117 -55 -194 3 -174 -4 -174 -93 -15 -143 -17 -148 -47 -112 -112 7 -223 1 -209 -175 -47 -21 -179 -176 -56 -157 -176 -171 -170 -52 -176 -63 -172
140 -182 132 -182 124 -182 116 -182 108 -182 100 -182 92 -182 83 -182 76 -182 68 -182 60 -182 52 -182 43 -181 -33 -56 73 -121 42 -180 17 -180 4 -182 66 -178 30 -183 55 -217 -104 -120 28 -240 -125 -177 -8 -183 -16 -170 -20 -189 7 -216 -160 -178 -78 -186 -101 -182 -106 -180
