179 128 170 128 128 190 48 126 55 128 88 143 28 136 27 133 23 129 -12 132 -18 133 -8 128 33 128 -16 128 12 129 12 128 0 128 -15 129 -21 129 -23 127 -31 129 -109 128 -117 130 16 128 39 120 -135 124 -147 112 -57 32 -86 0 -135 64 -149 136 -129 120
67 120 54 -8 79 56 76 56 77 -7 79 125 33 128 20 120 29 128 11 116 50 120 42 119 -33 120 -47 123 95 121 111 118 45 108 20 128 63 119 23 119 15 119 -100 119 -112 103 -79 120 -52 118 -136 152 -87 134 -92 122 -97 132 -105 118 -161 127 -155 116
79 119 99 54 112 49 97 42 77 -14 72 112 35 110 46 112 65 115 -5 112 47 122 -23 145 89 112 -37 111 -53 111 -51 107 27 108 42 112 31 111 23 114 -93 112 -92 110 -63 111 -100 175 -131 117 -56 176 -141 112 -151 111 -159 93 -96 112 -146 112 -121 109
88 97 167 104 164 100 151 104 110 100 185 103 15 96 3 102 75 109 55 107 120 102 -24 100 -1 117 17 105 32 104 -61 104 -58 103 -73 108 -71 168 -64 104 3 36 -71 40 -48 33 -78 42 -87 43 -72 32 -88 28 -89 39 -96 41 -105 39 -112 41 -120 41
112 112 91 32 64 160 62 95 32 130 24 96 73 95 -56 96 128 -24 110 91 -14 96 48 94 41 101 15 96 -21 92 -64 92 4 98 -34 32 -47 32 -33 97 -63 31 -41 64 -57 26 -78 34 -95 32 -68 24 -88 20 -93 20 -105 25 -109 20 -111 30 -121 30
131 106 121 55 104 17 75 23 112 102 201 84 31 89 8 88 104 86 103 80 -6 152 51 95 41 88 33 93 -8 25 -29 95 -8 79 -9 15 16 26 7 -10 -61 24 -62 25 -53 11 -61 10 -72 12 -72 22 -88 13 -88 25 -105 17 -104 23 -112 25 -120 25
112 99 136 -48 111 9 100 4 103 79 20 80 77 79 137 64 122 79 127 79 -4 88 -1 80 -8 80 -13 78 -12 14 -24 16 -27 15 -21 0 -38 15 -65 89 -55 18 -36 10 -71 18 -53 10 -49 5 -72 17 -88 4 -88 17 -96 15 -104 14 -112 17 -120 17
78 80 40 77 80 79 104 9 88 72 1 78 178 70 104 76 -1 74 24 70 7 72 7 71 -13 79 1 -55 -7 -55 0 2 -18 0 -31 8 -39 7 -32 1 -26 -56 -39 0 -24 -56 -71 88 -51 -56 -67 -56 -72 -56 -111 7 -81 -56 -119 88 -106 53 -136 88
89 66 119 63 49 65 103 1 30 68 27 62 120 64 120 56 64 32 13 64 2 68 17 -63 0 2 0 1 -31 61 -37 69 9 -4 -8 66 -33 81 -22 -64 0 2 -85 64 -90 62 -62 68 -67 65 -76 65 -104 1 -88 1 -96 2 -96 68 -84 62 -188 64
84 62 72 56 91 71 91 60 95 59 135 56 125 48 142 60 59 57 92 -50 24 -8 13 -72 -40 57 -40 -8 15 -9 16 -12 11 63 0 59 -16 72 -48 -8 -32 -7 -61 -8 -49 -7 -46 9 -54 8 -73 24 -81 -7 -88 -7 -96 -7 -103 -7 -113 -8 -85 -5
128 112 88 14 122 -80 116 53 160 47 130 48 17 48 36 47 18 56 37 -79 45 48 -26 44 24 48 24 48 17 -80 -16 -80 -49 -15 -9 -15 -17 -15 -24 -15 -32 -15 -40 -16 -47 -16 -56 -15 -64 -15 -72 -15 -80 -15 -88 -15 -96 -15 -104 -15 -112 -15 -120 -15
128 -23 120 -24 119 38 -24 72 34 39 135 32 16 -22 38 40 40 -26 55 39 -31 49 -22 38 -31 40 -40 -24 15 -23 7 -22 -8 -30 -8 -23 -16 -23 -24 -23 -32 -23 -29 -88 -49 -23 -56 -23 -64 -23 -72 -23 -80 -23 -88 -23 -96 -23 -104 -23 -112 -23 -120 -23
96 -33 121 -96 106 31 106 0 107 -96 -40 32 79 -30 19 34 15 40 11 97 64 36 43 33 0 1 23 -31 16 -31 8 -31 -33 -32 -8 -33 -16 -32 -47 -32 -23 -36 -62 -32 -48 -31 -56 -31 -64 -31 -72 -31 -80 -31 -88 -31 -96 -31 -104 -31 -112 -31 -120 -31
128 24 111 23 225 20 153 23 37 19 120 -80 40 -41 46 27 -4 23 -1 24 -1 30 -7 22 34 -22 20 24 22 -104 -2 -48 -9 -46 -7 -41 -25 -46 -33 -46 -41 -46 -41 -41 -55 15 -56 24 -56 20 -68 24 -80 26 -89 25 -97 24 -105 24 -117 25 -125 25
171 16 55 18 152 16 168 15 32 -48 93 -112 36 22 74 16 30 32 56 17 95 0 24 31 23 -54 15 -58 16 -47 7 -47 0 1 -10 -48 -31 16 23 -47 -74 15 -42 16 56 -2 40 16 35 -1 25 16 9 15 8 -2 8 -1 -17 9 -178 16 -89 13
151 8 208 8 155 8 -23 40 57 8 40 9 83 7 86 8 -5 6 -11 12 -7 72 48 13 -5 5 -16 7 -31 7 4 9 10 12 -11 8 -27 -1 -24 8 65 -11 60 -3 16 8 9 8 -132 8 -138 8 18 -4 6 10 -7 7 -170 8 -8 -8 -48 4
191 0 151 -1 49 32 82 0 63 -64 83 0 94 0 1 1 -1 2 1 0 1 1 3 0 63 -63 55 -65 1 1 1 1 0 1 3 3 3 0 -94 -2 -1 1 -104 0 18 -3 45 -9 -132 0 -140 2 -148 4 -152 -4 -164 0 -7 -1 -176 -4 -20 0
223 -8 187 -17 -16 -6 110 -136 93 -9 101 -8 7 -15 4 -4 40 -71 88 -70 0 -4 1 1 5 0 -25 0 24 -3 20 -7 20 -8 -47 -8 -84 -12 -93 -8 -98 -23 -50 -11 -39 -3 -98 -9 -104 -9 -112 -10 -114 -13 -123 -13 -137 -7 -176 -4 -177 -8 -184 -8
161 -14 57 -17 81 -83 101 -16 108 -16 88 -48 91 -15 84 -17 77 -144 55 -31 102 -16 -23 -15 25 -15 25 -17 7 -12 -64 -15 0 -2 -32 -8 -14 -17 -22 -16 -112 -8 -39 -17 -35 -15 -95 -18 -107 -16 -114 -16 -123 -15 -136 -12 -93 -16 -167 -17 -101 -16 -189 -16
218 -24 56 -88 71 -15 113 -21 127 -120 89 -25 39 -24 81 -19 17 -27 -8 10 63 34 104 -152 29 -24 72 -33 28 -16 8 -8 -33 -55 9 -8 -80 -24 16 -28 0 -26 -104 -40 15 -88 -117 6 -108 -25 -75 -21 -145 -41 -133 41 -152 40 -157 40 -97 -23 -182 8
184 -32 100 -158 112 -32 95 -32 96 -33 91 -31 83 -32 91 -114 0 1 -8 -32 7 33 -7 33 -38 -32 55 -32 -5 -158 38 -125 0 1 28 -34 -88 -37 -97 -31 -70 -32 -38 -32 -101 -96 -107 33 -42 -128 -81 -31 -82 -32 -101 -32 -98 -97 -100 -50 -123 -31 -185 -32
129 -72 94 -39 81 -40 88 -40 146 -40 25 -40 96 16 56 -121 0 -40 -5 -61 48 -40 37 -40 32 -37 32 -40 21 -39 7 -39 12 -28 -74 -40 -21 -41 -49 -41 -40 -109 -44 -41 -43 -168 -73 -24 -88 -49 -71 -40 -89 -39 -111 -40 -101 -40 -136 -24 -96 -24 -177 25
128 -32 109 -48 69 -38 72 -41 81 16 129 -112 16 -49 1 1 20 -54 55 -48 -25 -53 -24 -15 82 -48 71 -49 63 -49 55 -65 63 -48 58 -48 48 -48 -31 -32 -32 -118 -87 -49 -88 -52 -65 -48 -96 -80 -59 -176 -51 -141 -78 -176 -95 -65 -168 -112 -96 -48 -165 -50
138 -51 212 -56 67 -49 75 -120 126 -121 45 -57 32 -58 87 -62 76 -54 37 -184 13 -48 80 -56 -1 1 -9 0 -16 0 -17 0 18 4 -21 -114 -19 4 -56 -18 -31 -120 -97 11 -112 8 27 -122 -31 -120 -96 -120 -108 -121 -89 -71 -129 -43 -98 -58 -127 -56 -105 -55
141 -56 96 -64 88 -127 83 -125 95 -127 88 -128 80 -129 43 -128 36 -64 17 -64 9 -65 1 1 -29 -64 -38 -65 -45 -65 -56 -64 0 1 -41 -31 -45 0 -40 -64 -15 -192 -51 -73 -103 1 -86 -192 -65 -127 -73 -127 -79 -85 -150 -64 -95 4 -232 -80 -90 -192 -153 -128
64 -80 123 -144 112 -144 104 -135 96 -136 88 -135 80 -135 72 -135 64 -135 56 -135 48 -135 40 -136 65 -134 -4 -70 -22 -72 25 -72 12 -72 0 -71 -8 -69 -25 -72 -68 -63 -9 -168 -82 -64 -73 -81 -69 -70 -120 -64 -103 -136 -110 -137 -145 -64 -135 -136 -156 -66 -148 -138
92 -84 135 -208 111 -143 104 -143 96 -143 88 -143 80 -143 72 -143 64 -143 56 -143 48 -143 40 -143 32 -143 24 -143 -22 -79 -29 -80 10 -76 -81 -80 -56 -78 -73 -143 -33 -142 -46 -78 -88 -80 -87 -64 -100 -82 -114 -79 -110 -66 -118 -145 -103 -79 -110 -80 -163 -72 -121 -143
127 -151 120 -151 112 -151 104 -151 96 -151 88 -151 80 -151 72 -151 63 -151 56 -151 48 -151 40 -151 31 -151 24 -151 16 -151 8 -151 0 -151 -8 -153 -5 -216 -27 -87 -19 -86 15 -88 2 -88 15 -89 -97 -152 -101 -155 -109 -152 -131 -88 -160 -84 -169 -105 -157 -23 -120 -151
128 -159 120 -159 112 -159 104 -159 96 -159 88 -159 80 -159 72 -159 64 -159 56 -159 48 -159 40 -159 32 -159 24 -159 16 -159 8 -159 0 -159 -7 -160 -62 -95 -64 -96 -29 -224 -67 -128 -86 -31 -184 -16 -71 -93 -72 -96 -117 -88 -82 -168 -121 -160 -72 -157 -113 -159 -120 -159
128 -167 120 -167 112 -167 104 -167 96 -167 88 -167 80 -167 72 -167 64 -167 56 -167 48 -167 40 -167 32 -167 24 -167 16 -167 8 -167 1 -167 -57 -96 -21 -103 -25 -167 -32 -167 -40 -167 -48 -167 -56 -167 -64 -167 -72 -167 -81 -167 -88 -167 -96 -167 -104 -167 -112 -167 -105 -232
128 -175 120 -175 112 -175 104 -175 96 -175 88 -175 80 -175 72 -175 64 -175 56 -175 48 -175 40 -175 32 -175 24 -175 16 -175 8 -176 -12 -120 -47 -112 -17 -175 -24 -175 -32 -175 -40 -175 -48 -175 -56 -175 -64 -175 -72 -174 -84 -189 -70 -182 -77 -183 -100 -240 -116 -112 -118 -240
128 -183 120 -183 112 -183 104 -183 96 -183 88 -183 80 -183 72 -183 64 -183 56 -183 48 -183 40 -183 32 -183 24 -183 16 -182 -4 -128 -36 -124 -9 -183 -16 -183 -24 -183 -32 -183 -40 -182 -57 -189 -57 -192 -69 -198 -72 -183 -80 -183 -96 -190 -85 -248 -131 -185 -134 -183 -121 -185
