173 128 57 128 128 96 82 128 47 124 81 126 36 128 56 128 1 1 46 128 45 128 40 128 -38 127 -39 119 25 127 42 119 38 120 -71 128 53 121 10 128 1 127 -103 127 -4 133 -47 134 -60 128 -8 128 -14 65 -72 128 -96 128 -104 127 -96 128 -106 128
95 120 143 73 140 72 40 -8 74 124 47 115 81 118 24 120 66 120 -13 116 -15 112 136 119 66 112 58 122 61 122 71 104 -71 115 23 113 17 120 21 120 17 117 -48 156 -45 56 -134 120 -138 121 -24 120 -34 121 -43 121 -20 118 -113 128 -99 119 -160 120
128 112 115 113 107 113 101 113 86 114 86 113 73 113 69 113 -16 128 71 111 57 111 -31 111 -36 120 -32 113 16 114 72 95 -62 111 -72 112 -78 112 -24 144 -88 110 -63 112 -64 32 -7 20 32 16 -39 15 -53 81 -24 16 -51 79 -78 88 -60 80 -69 80
97 106 56 107 165 105 23 104 32 138 160 94 95 108 9 104 0 104 88 105 113 104 56 103 47 105 -40 96 -63 104 73 88 -5 104 -33 104 -47 108 -43 113 -53 102 -40 120 -25 56 -121 -24 -83 106 -74 24 -53 73 -8 73 -40 69 -51 72 -64 72 -61 69
140 95 144 47 94 97 81 97 144 82 33 88 80 112 95 97 95 95 120 96 112 96 56 97 48 96 37 97 -42 96 -58 -32 -2 64 39 1 -77 -32 -22 108 1 0 -107 -32 -22 65 -16 8 -38 65 -36 0 -53 65 -36 0 -41 62 -52 64 -1 64 -68 64
108 90 168 -8 139 57 41 -40 96 99 23 90 51 102 129 71 113 85 -5 86 7 96 39 88 35 85 31 92 14 10 -23 90 -27 89 10 9 19 55 -50 90 -5 57 12 -8 -21 57 -4 -8 -33 57 -20 -8 -27 56 -55 57 -43 55 -51 55 -59 56 -73 56
127 87 101 -8 157 48 89 80 114 80 23 76 17 80 104 80 96 79 57 110 49 79 -9 76 21 81 -12 80 -30 16 -57 -48 -19 0 49 -31 0 1 -90 -48 -104 -48 -43 -1 -49 2 -54 1 -35 32 -71 1 -65 2 -87 1 -81 2 -104 0 -97 2 -120 1
81 72 48 72 82 8 109 -6 27 71 111 73 112 70 135 72 -1 65 55 71 41 70 -7 78 -2 74 7 72 -15 82 8 -12 80 -33 -7 -8 -3 1 -24 -8 -56 78 -40 8 -48 72 -49 73 -49 67 -72 72 -104 81 -28 -40 -65 8 -118 68 -185 72 -87 73
96 66 56 108 90 62 39 -62 161 65 152 64 16 64 8 64 9 64 7 60 17 64 6 68 27 64 9 -22 -1 64 -18 64 0 1 18 74 56 80 -66 64 0 1 -61 63 -92 66 -58 32 -59 64 -59 63 -117 60 -44 34 -66 20 -118 64 -191 80 -107 68
112 58 71 49 82 68 112 54 33 56 121 56 146 38 73 86 16 57 15 61 -49 -69 35 57 44 61 -41 -72 51 25 0 -16 -1 71 1 62 -58 56 1 0 57 21 13 23 34 24 27 24 -41 3 -38 9 29 10 12 16 23 10 -2 16 -87 9 -93 9
161 40 57 -80 79 -16 104 62 196 46 152 46 15 40 25 54 16 55 9 55 48 62 -37 59 35 49 58 38 -1 48 -26 48 29 -17 4 0 69 -8 89 1 63 -3 -1 1 63 0 -7 17 -13 16 41 7 -1 1 -52 -3 0 0 -1 1 0 1 -96 0
199 -3 57 -88 125 44 172 48 35 39 23 40 60 40 37 40 38 43 59 41 -22 38 -23 40 -32 33 1 40 56 -8 8 -25 1 -24 81 -17 77 0 -24 -25 16 8 -38 -22 0 0 35 0 13 -8 10 -14 39 -6 4 1 -23 -11 -1 1 -63 8 -20 0
123 -48 94 32 81 62 153 -71 93 31 81 63 81 -33 68 32 63 31 13 33 66 32 -33 32 112 -34 40 -16 103 0 34 -16 0 1 41 -61 -82 -96 -90 -96 0 1 79 1 65 -16 -37 -48 -64 -33 -48 -39 -4 0 -36 0 -45 0 -51 -1 -61 0 -32 -2
129 26 120 26 212 22 42 24 34 24 53 24 44 28 20 32 7 16 70 28 45 23 38 22 47 -8 32 42 14 -41 39 -12 -5 -57 56 -8 -16 -41 -24 -55 -36 -56 5 -7 -81 -40 -116 54 29 25 21 25 17 24 14 21 -57 15 -1 20 -39 21 -47 20
192 16 192 13 146 16 144 14 96 47 53 17 64 14 73 30 56 16 57 19 80 18 40 -47 33 -50 56 -51 44 -32 123 -33 2 -48 -44 -6 -24 -17 -57 16 -33 23 -41 15 48 17 52 16 -31 12 -39 13 -24 6 4 0 -62 16 -52 10 -16 16 -24 16
64 8 56 44 175 8 47 3 48 14 39 9 84 8 89 13 155 7 -7 8 -27 73 39 16 41 14 39 9 8 12 8 7 -1 28 -13 9 -47 -56 -28 9 65 8 -6 4 -17 3 40 8 32 8 12 8 33 8 3 7 -11 7 -7 8 -7 4 -8 8
192 2 56 0 51 -4 67 0 -3 -120 84 0 0 0 145 1 0 0 0 0 1 0 -1 0 1 0 1 0 0 0 3 -1 0 0 0 0 0 0 -7 4 -2 -5 53 2 37 -4 18 1 28 2 24 -4 -15 0 -157 -1 -8 0 -14 0 -14 -9 -87 -5
160 -16 212 -8 49 56 104 -88 93 -8 103 -3 168 -4 16 -14 23 -5 23 8 0 0 -13 -71 -10 -74 -7 -9 17 -8 26 -5 0 0 -8 -10 0 0 -90 -7 -109 3 -53 -13 -48 8 -56 8 -64 8 -72 8 -67 -5 -89 7 -102 -12 -105 1 -184 -10 -56 -7
176 -16 57 -16 139 -48 103 -17 108 -16 88 14 88 -11 0 0 87 -64 89 -83 82 -26 47 -16 31 0 23 0 13 -16 0 0 0 0 -11 -18 0 0 -23 -16 -112 -3 -25 -16 -38 -15 -42 -16 -74 -16 -73 -17 -81 -17 -133 -16 -96 -16 -174 -20 -176 -24 -184 18
128 -152 121 6 84 -28 116 -20 63 -56 89 -24 90 -20 -9 -9 35 -27 -11 -25 31 40 106 -20 40 -14 102 -26 25 -24 -74 -30 -80 -8 -6 -8 -80 8 8 -24 16 -24 -104 -24 -32 -17 -56 -22 -57 -23 -68 -28 -75 -24 -152 -33 -169 -22 -183 -24 -111 8 -187 -25
68 -34 81 -24 108 -34 71 -64 47 -30 79 -33 31 -33 22 -32 64 -29 -11 -31 94 -31 -34 -32 37 -32 74 -36 0 -30 -36 -32 0 0 82 -34 71 -32 -86 -35 64 -48 -48 -33 -40 -36 -128 -25 -64 0 -72 -16 -68 -33 -87 -32 -97 -31 13 -80 -137 -23 -121 -20
64 -106 72 -40 114 -24 104 -45 25 -44 134 -39 80 26 8 -168 175 -36 -9 -41 46 -42 -8 -32 24 -33 -40 -38 11 -41 -5 -39 -48 -40 -73 -40 -124 -104 -23 -12 -2 -104 -44 -72 -176 -98 -56 -105 -132 -72 -83 -39 -159 -40 -152 -104 -113 -72 -109 -40 -177 -104 -200 -32
127 -49 70 -40 45 -176 56 -16 96 12 78 -34 80 18 71 -49 -7 -46 47 -47 47 -47 39 -33 37 -53 -57 -46 -47 -48 24 -34 -16 -49 77 -47 30 -48 -1 -48 -28 -128 -66 -49 -33 -52 -65 -44 -105 -38 -112 -55 -59 -32 -112 -89 -129 -55 -3 -34 -100 -52 -101 -48
127 -57 118 -56 111 -40 105 -118 96 -112 68 -56 84 -106 61 -56 62 -56 13 -57 34 -56 104 -118 5 1 -1 0 1 0 0 0 0 0 39 -64 17 -54 16 -56 -20 -132 -40 -36 -33 -56 -59 -55 -127 4 -75 -57 -113 -40 -148 -184 -97 -24 -169 -64 -115 -57 -121 -56
132 -64 56 -72 90 -144 104 -144 60 -60 62 -64 65 -64 80 -56 72 -68 55 -65 48 -62 74 -64 2 0 1 0 0 0 0 0 0 0 -6 -128 -54 -4 -60 -48 0 -160 -105 -192 -79 -128 -88 -64 -62 -127 -72 -96 -43 -112 -152 -128 -67 -71 -107 -63 -169 -69 -120 -96
75 -80 52 -200 194 -104 224 -103 143 -128 131 -128 112 -137 6 -200 47 -70 32 -72 23 -71 -3 -71 -15 -79 35 -67 26 -68 15 -74 49 -71 -9 -62 -81 -70 -61 -73 -72 -72 -40 -72 -63 -72 -118 -200 -81 -103 -73 -147 -78 -136 -104 -72 -88 -64 -144 -72 -113 -39 -143 -72
106 -82 201 -177 221 -128 153 -111 152 -128 198 -123 130 -112 183 -129 170 -125 79 -127 85 -127 -26 -208 16 -80 10 -80 11 -81 -8 -84 4 -82 -5 -80 -7 -79 -15 -73 -95 -18 -63 -81 -98 -71 -59 -80 -63 -81 -69 -80 -87 -80 -107 -160 -143 -72 -127 -160 -116 -160 -153 -80
128 -151 120 -152 210 -136 152 -120 192 -128 161 -136 197 -136 101 -131 142 -128 136 -128 121 -141 67 -130 129 -140 50 -136 -14 -84 -36 -87 -43 -88 -51 -88 -51 -87 -91 -216 57 -120 -43 -87 -36 -84 -90 -152 -66 -87 -122 -88 -79 -80 -89 -168 -102 -88 -105 -86 -114 -86 -124 -89
165 -140 240 -136 206 -156 139 -140 132 -140 119 -143 119 -143 6 -224 107 -143 152 -160 141 -148 130 -135 111 -147 99 -144 111 -160 85 -145 111 -143 105 -145 33 -193 -19 -96 -31 -80 -104 -62 -15 -96 -23 -96 -132 0 -55 -176 -83 -176 -152 -224 -96 -87 -95 -90 -99 -92 -153 -95
142 -150 134 -148 142 -148 118 -149 128 -147 103 -148 113 -147 86 -149 96 -147 70 -150 81 -147 137 -164 45 -150 38 -149 30 -150 84 -144 96 -168 8 -152 -49 -183 -67 -104 -65 -103 -56 -103 -51 -137 -115 -57 -56 -110 -97 -88 -79 -166 -120 -104 -164 -232 -171 -232 -128 -103 -73 -136
202 -165 154 -156 143 -156 137 -156 111 -157 121 -155 112 -155 86 -158 97 -154 70 -157 122 -165 70 -156 64 -156 38 -157 49 -155 22 -157 14 -157 -8 -174 -57 -103 -57 -111 61 -164 54 -176 48 -164 -26 -156 56 -157 48 -160 -32 -142 -55 -162 -60 -160 -56 -142 -33 -144 -73 -204
142 -165 134 -165 126 -165 118 -165 110 -165 102 -165 94 -165 86 -165 78 -165 70 -166 85 -164 55 -165 69 -164 38 -165 53 -164 41 -163 0 -184 -39 -120 -53 -116 -10 -168 1 -163 -29 -164 -16 -163 -25 -164 14 -169 27 -160 33 -154 -72 -216 -67 -151 -111 -201 -129 -118 -126 -118
