128 190 54 126 38 192 52 191 32 80 181 129 173 133 165 132 157 133 143 136 139 137 41 64 81 128 56 128 -11 0 43 112 -1 190 -8 193 -46 0 32 116 -33 189 -39 191 48 126 44 128 -41 119 -39 112 -49 112 8 132 6 127 -10 129 -16 132 -23 128
217 124 8 184 18 215 -11 184 160 152 181 124 169 121 166 123 66 56 108 120 142 128 69 103 51 118 24 183 68 127 30 116 27 107 -9 180 -17 181 -24 183 -32 184 47 123 26 120 8 120 -65 184 -81 178 -81 183 -88 183 -17 120 -27 120 -178 72 -174 184
217 111 128 185 145 104 137 96 157 112 64 -16 154 112 101 113 146 112 57 50 168 80 87 113 125 114 -52 -16 17 49 28 113 0 176 -11 177 80 110 -16 113 57 116 -89 161 -108 176 -99 176 -177 177 -183 174 -194 174 -188 180 -196 176 -202 176 -211 176 -212 176
219 108 54 168 213 101 168 104 111 103 108 98 183 104 121 104 73 175 56 166 45 168 140 103 120 104 125 104 66 102 7 103 72 103 -47 170 -138 168 -24 40 -76 166 -39 168 -145 167 -104 167 -182 166 -127 168 -179 170 -188 172 -196 168 -204 172 -210 172 -215 172
215 97 20 160 27 159 62 160 139 96 119 98 169 96 64 97 80 95 95 83 112 96 119 97 95 95 71 96 -38 157 -92 -32 -43 33 -122 159 75 98 40 96 -75 159 -84 160 -161 159 -153 162 -179 158 -184 158 -179 163 -192 160 -194 162 -200 162 -211 163 -217 161
191 119 8 152 15 157 57 151 184 88 135 92 78 24 105 72 80 150 118 88 141 93 134 87 128 88 105 89 -27 152 -35 152 -48 152 -51 151 -59 150 69 92 -101 42 -103 152 -166 150 -156 154 -128 152 -169 154 -188 150 -185 153 -196 156 -201 154 -215 152 -213 154
216 83 154 80 -2 144 49 144 199 79 135 84 97 87 72 142 61 143 150 83 141 80 131 85 121 81 -40 30 -27 143 -69 144 -48 144 -58 144 -59 144 -131 140 57 84 -97 144 37 80 29 81 -2 145 20 84 15 83 -207 146 -209 142 -8 84 -87 144 -194 -40
221 74 121 6 163 73 48 136 97 135 97 6 91 -55 120 59 147 73 148 73 140 74 131 77 -17 120 -32 136 -32 8 -32 8 -72 135 -7 3 104 40 69 76 60 77 35 72 9 72 25 72 -13 76 -21 75 -112 70 -185 139 -191 168 -106 6 -116 134 -121 134
0 -3 119 0 -15 -4 102 2 95 57 137 50 81 127 73 126 150 64 145 69 -3 126 133 68 47 66 104 64 -59 129 -72 128 78 64 74 64 66 64 -93 15 -128 128 -90 128 -144 131 -117 127 1 81 -9 64 -141 128 -183 135 -199 160 -163 128 -167 128 -28 63
149 39 88 56 35 119 185 56 153 24 88 118 76 120 8 4 160 57 148 61 47 -8 73 56 128 60 43 25 -33 -8 -33 120 89 54 -70 55 -88 125 -124 125 -128 120 -127 122 -134 121 -152 120 -148 128 -159 131 -174 131 -215 152 -190 130 -197 131 -207 130 -208 151
60 112 73 96 151 49 111 122 98 -17 123 48 163 56 164 50 155 53 144 56 95 49 59 44 41 121 24 113 -47 112 -60 112 -87 121 -95 123 -104 141 -119 122 -126 127 -126 113 -141 111 -142 111 -160 121 -165 121 -175 121 -179 120 -184 120 -203 128 -208 122 -210 145
32 105 185 104 112 -26 32 102 -25 104 128 40 16 144 160 44 155 45 117 40 78 40 73 41 -17 40 -37 104 -78 108 -52 104 -58 104 -105 104 -113 105 -71 104 -127 105 -103 39 -152 104 -154 104 -151 108 -159 113 -169 108 -182 105 -190 103 -197 103 -202 104 -211 106
224 37 212 38 124 -36 103 -31 88 32 182 34 171 37 164 33 115 38 138 32 -22 -19 40 -35 96 47 41 0 -78 98 -84 96 -80 96 -91 96 -105 103 -115 103 -128 103 -125 97 -137 97 -54 -37 -55 17 -37 34 -79 -38 -88 -39 -45 -3 -85 2 -93 1 -232 -88
129 85 122 -40 113 -41 112 47 160 32 20 -23 15 -25 71 -38 157 23 -8 -104 130 -8 -25 25 -85 121 -45 -26 -47 89 -105 92 -67 88 66 23 52 24 60 25 51 24 -105 -104 -31 22 -21 6 -31 7 -36 8 -45 8 -52 8 -61 9 -82 22 -77 7 -85 7
127 9 121 49 113 77 100 80 186 20 180 21 177 20 136 25 110 20 77 13 107 16 111 16 109 16 107 16 82 47 24 -15 1 79 -126 80 -136 80 -102 -104 -29 -52 -5 -2 -15 1 -43 78 -55 87 -76 78 -45 -1 -66 15 -76 15 -68 -2 -76 -2 -107 78
145 79 149 -8 112 1 168 24 51 70 175 16 135 17 88 8 83 3 135 9 137 12 134 8 126 10 109 8 112 10 105 8 86 8 43 10 -8 4 3 9 -23 80 -1 -4 -48 70 -43 71 -30 -7 -39 -9 -44 -9 -66 -5 -83 71 -83 7 -99 71 -100 8
129 -65 136 63 113 66 62 62 190 4 141 3 113 0 72 0 146 8 149 4 139 5 0 64 -16 48 116 4 113 5 75 -1 0 -4 64 8 -16 -7 -6 0 -39 63 -56 0 -61 -1 -63 65 -67 65 -74 -1 -83 64 -37 0 -31 0 -117 -1 -92 0 -108 70
128 54 121 -73 44 -54 56 -72 160 0 149 -8 138 -9 145 -9 -30 60 -4 56 133 -8 137 -3 127 -4 117 0 104 -1 0 -4 97 -1 82 -7 -24 57 28 -8 24 -8 25 -7 13 -8 40 -5 19 -8 12 -8 10 -4 5 -6 -1 -3 -84 -12 -63 -7 -87 -8
158 -14 155 -18 205 -11 201 -16 160 -16 185 -12 144 -17 135 -12 127 18 72 -16 44 39 76 -20 109 -16 68 -10 80 -16 0 -4 59 -16 73 -11 -15 -81 23 -31 0 -28 -8 -34 60 -14 47 -16 37 -17 10 -16 1 -16 -15 -11 -80 -16 -86 -22 -117 -24 -88 -15
132 -92 56 -72 201 -23 56 -24 192 -22 165 -24 171 -22 165 -22 63 -88 73 -23 41 32 48 -90 33 -87 37 39 106 -24 56 -24 35 -24 9 40 -16 44 -3 -28 -10 -25 57 -25 32 -24 -40 -8 32 -24 -16 -24 -28 -24 -3 -21 -12 -20 -177 40 -184 -73 -121 -24
211 -31 209 -31 200 -32 172 -32 122 -48 91 42 80 18 12 32 55 33 135 -14 139 -29 136 -30 16 -33 72 -32 105 -28 71 -1 -72 -88 4 30 79 -34 25 -31 -91 33 56 -35 -105 -92 -116 32 -109 30 27 -31 -25 -32 23 33 -159 -28 -106 -96 -160 -93 -121 -39
219 -36 215 -38 38 22 95 -30 113 8 96 -41 80 8 70 -105 58 25 136 -38 -48 -38 140 -36 102 -40 17 -49 95 -72 0 24 96 -38 28 -58 -13 -109 -15 -41 -121 24 36 -40 34 -40 -57 25 32 -41 -88 22 0 -38 -25 -40 -7 -40 -23 -39 -27 -36 -29 -37
222 -47 55 -114 191 -47 129 16 97 16 27 -48 23 16 169 -48 150 -48 130 -48 137 -49 64 -30 28 -2 -4 -4 0 -4 24 -2 17 -3 25 -64 34 -63 -32 -38 -131 18 -35 -117 -16 -48 42 -42 0 -40 -75 -112 -112 -47 4 -43 -31 -17 -89 16 -21 -45 -24 -50
122 -64 134 8 206 -54 30 8 64 -63 180 -54 169 -56 135 -56 155 -54 148 -52 142 -48 33 3 27 -3 -2 -4 7 -4 24 -4 0 -4 9 -88 0 -4 66 -53 -100 8 -103 8 -47 -127 -121 -53 0 8 -137 -57 -184 8 -96 -120 -36 -184 -106 -119 -175 -56 -29 -57
175 -64 66 0 14 -4 24 0 25 0 22 0 19 0 19 0 23 -2 -8 -114 -16 -115 136 -65 122 -66 76 -64 63 -68 7 0 13 -2 -9 -63 -16 -1 65 -64 48 -64 42 -62 -97 -72 -129 -120 -159 32 -135 -61 -144 -134 -26 -64 -96 0 -17 -67 -18 -64 -165 -1
191 -72 59 -8 24 -1 21 4 -11 -5 1 -4 -24 -8 -33 -8 -13 1 -23 -8 -21 -8 -23 -8 -24 -8 115 -68 102 -69 107 -72 97 -65 49 -72 33 -70 28 -72 31 -72 41 -72 49 -67 29 -72 34 -73 25 -67 9 -68 2 -68 -5 -67 -219 -7 -177 -121 -164 -8
192 -47 28 -14 23 -15 10 -17 1 -4 -5 -17 -10 -8 -15 9 -31 16 -38 -6 -47 -6 -54 -6 -62 -6 -57 -17 -41 -17 102 -80 63 -81 55 -80 71 -77 -84 -17 -112 -17 -38 -144 15 -80 -55 -152 38 -79 20 -76 -144 -192 -143 -143 -98 -144 -103 -144 -112 -151 -184 -78
17 8 106 8 15 0 46 4 35 8 -2 4 17 6 4 -24 -6 -17 -38 -6 -46 -8 -50 -22 -64 -12 -92 9 -78 -10 -81 -24 -81 -24 -109 -24 -109 -40 -19 -157 29 -89 -25 -89 -32 -34 -22 -100 -122 -24 -167 -23 -122 -24 -155 -136 0 -90 -6 -90 -19 -89 -180 -24
48 1 23 -2 33 -9 68 1 8 -8 -40 -2 7 1 60 0 43 2 -40 -2 -11 0 -40 0 -40 -2 -1 -4 -15 0 -90 0 -126 0 -129 1 73 -95 66 -97 -97 -144 -105 -96 -107 -33 -75 -32 7 -96 10 -96 -120 -159 -136 -32 -151 -32 -164 -32 -180 -32 -212 -20
64 -7 55 -8 60 -8 44 -10 65 -9 25 -9 57 -6 0 -4 39 0 24 -8 -9 -8 -41 -7 -68 6 -10 -8 -49 -15 -12 -8 -63 -6 57 -40 82 -98 -83 -39 -136 -40 -151 -24 -147 -24 -149 -9 -152 -41 -161 -40 -156 -32 -168 -31 -181 -34 -197 -41 -193 -40 -218 -38
91 -17 88 -15 72 0 66 0 47 2 32 4 0 -4 28 -1 34 0 0 -4 20 0 7 -15 -32 -8 -9 -17 -49 -10 -88 -17 64 -48 84 -113 -78 -112 -75 -15 -155 -16 -165 -16 -176 -16 -147 -17 -148 -46 -161 -48 -176 -47 -184 -46 -193 -46 -150 -49 -21 -107 -45 -112
82 -10 72 -8 64 -8 22 -15 52 -8 33 -9 33 -8 25 -8 32 -8 31 -7 -9 -3 -5 -11 -19 -8 -7 -8 -29 -9 71 -56 91 -117 -79 -49 -75 -26 -41 -9 -63 -3 -117 -2 -141 -55 -153 -55 -179 -58 -142 -56 -178 -48 -175 -55 -215 -56 -145 -56 -166 -56 -219 -53
