224 107 199 111 71 128 70 129 90 124 96 133 78 136 36 124 39 129 9 128 43 127 40 128 64 124 60 128 35 127 33 128 30 127 25 128 35 129 88 119 82 120 -8 128 8 128 -118 128 -65 130 26 124 -14 64 -95 128 -87 124 -98 122 -101 125 -106 125
88 120 147 71 150 72 39 -8 67 127 82 116 74 120 60 116 66 119 59 121 -15 119 60 120 65 110 53 112 69 121 73 119 33 119 22 111 103 107 73 100 47 104 -103 179 -116 -8 -56 121 15 120 40 108 16 100 -22 57 -158 152 -87 119 -99 122 -109 123
123 112 119 48 112 48 75 48 98 110 81 112 70 112 64 112 0 112 55 113 62 113 129 112 -33 114 -52 176 32 114 88 112 79 112 38 112 30 112 26 128 -108 176 -80 113 -120 -16 -123 -16 -132 -16 -138 -16 -147 -16 -215 49 -223 49 -172 -16 -178 -16 -187 -16
89 105 169 105 178 104 199 88 120 102 183 87 136 120 105 98 56 112 153 87 151 89 48 107 42 104 -53 95 45 112 55 88 6 109 -53 104 -45 104 -71 102 -75 106 -71 40 -23 49 -125 -24 -184 70 -71 80 -54 71 -37 71 -52 74 -77 72 -66 72 -92 72
117 95 184 46 79 97 89 95 128 97 122 92 79 100 86 100 112 80 168 97 -14 96 -24 96 22 96 28 96 -50 100 -21 97 -41 96 -81 -32 -80 -32 -29 97 -104 -32 -108 -32 -20 64 -123 -32 -36 64 -140 -32 -52 65 -157 -32 -44 63 -173 -32 -59 62 -72 63
84 92 55 -40 138 56 40 -40 108 87 22 88 55 87 17 80 165 68 161 81 18 90 33 88 40 84 -41 89 16 64 -21 87 -77 151 -80 -40 -68 25 -82 88 -7 55 -106 -40 -23 55 -124 -40 -36 56 -142 -40 -29 55 -58 56 -69 57 -171 -40 -86 55 -94 57
143 80 100 -8 141 47 87 80 94 83 21 82 15 113 147 62 167 65 -6 128 56 76 32 75 17 76 -1 80 -85 -42 13 47 -68 -48 -82 -46 -84 -48 -55 80 -128 -46 -109 -48 -20 48 -125 -48 -17 50 -45 47 -53 48 -61 47 -69 48 -51 47 -85 48 -67 47
122 73 153 63 111 8 39 -56 100 71 87 74 137 71 184 73 0 72 52 72 45 68 -12 71 8 72 -8 80 -84 -48 9 -7 25 39 -76 -56 -83 -56 5 40 -46 71 -39 -8 -31 73 -49 76 -71 63 -64 71 -131 80 -117 72 -127 72 -103 104 -81 64 -86 62
94 64 168 64 70 66 87 65 31 56 121 63 174 44 172 64 40 55 8 72 -5 64 9 71 -1 -1 25 -16 -15 63 -24 64 -1 -1 -73 64 -90 65 -75 64 -98 -64 -80 64 -91 64 -57 97 -42 64 -50 64 -89 65 -44 32 -64 21 -164 -64 -176 62 -66 66
111 48 74 55 81 -16 23 49 137 56 200 49 183 41 8 121 55 53 24 56 29 -24 42 -8 -31 56 -65 119 61 24 7 -24 4 55 -71 56 -72 23 -53 56 12 24 -107 -72 -65 24 -10 24 -191 -7 -139 -72 -147 -72 -57 3 -65 2 -77 8 -239 -7 -247 -7
203 48 100 -32 114 -17 103 50 170 46 24 48 16 48 64 48 60 45 2 48 48 50 47 47 35 47 53 39 -18 48 -92 -73 -31 48 -135 -15 -1 -1 6 0 -1 -1 -1 -1 -2 18 -11 16 -17 16 -27 16 -32 16 -40 16 -47 16 -59 17 -83 0 -90 0
172 10 56 -88 48 103 43 38 141 40 177 39 39 42 26 44 41 42 56 57 80 39 101 40 -31 39 -39 97 -53 -88 23 -9 0 -25 37 8 9 -6 56 1 -24 -3 -40 -24 -15 8 -9 8 -42 -8 9 -9 -48 -7 -40 -14 -75 -8 -83 -8 -78 -9 -88 -6
108 -48 72 32 113 33 38 -96 60 -32 26 32 102 -40 64 32 56 29 64 36 49 25 69 24 11 44 -42 -96 64 -24 47 -15 -66 -96 -76 -96 -143 -31 -152 -31 -1 -1 -167 -31 -2 0 -1 -1 13 0 -23 -1 -32 0 -37 -1 -47 -1 -75 0 -61 -1 -71 -1
127 25 119 25 199 24 224 16 15 17 64 26 48 24 17 23 91 29 65 26 45 21 41 23 -6 27 23 26 16 -39 40 -8 27 -1 36 -4 -17 -42 33 -9 23 -15 5 -8 -49 -39 -27 16 -34 22 -39 16 9 15 -58 16 -65 15 -75 15 -83 15 -97 16
184 12 57 16 232 -2 192 16 32 80 35 15 35 25 76 15 37 9 56 20 83 8 39 -48 112 -24 -103 -48 -52 -112 -10 -16 1 -49 -40 16 -31 16 -59 15 -83 -21 -40 17 43 15 56 0 36 12 48 -4 24 4 17 4 4 0 7 0 -13 5 -2 0
169 7 222 22 224 9 39 8 43 9 38 6 95 16 71 9 -2 0 -10 8 -14 9 -21 7 40 12 34 11 -1 -1 -1 -1 17 9 -9 -55 -15 -56 -57 -56 -3 0 51 7 47 7 41 0 28 8 20 8 16 8 12 -8 11 0 -13 8 -2 -4 -9 -9
208 -8 184 -16 213 15 81 -1 68 6 81 -1 99 2 146 0 96 1 -2 0 -2 0 -2 0 -1 -1 -18 0 -37 2 -3 0 -3 1 -3 -1 -3 -2 3 -3 72 -17 47 -2 49 -11 32 0 49 0 23 0 32 -1 4 -4 -4 -2 7 -1 -7 -7 -30 -12
208 -9 176 -8 47 -6 106 -41 97 -9 98 -9 110 -3 8 -8 29 -8 43 -9 -1 -1 -57 -127 17 -80 -22 -4 28 -6 27 -8 13 -12 3 -8 11 -9 12 -13 21 -7 -40 -14 -40 -6 -45 -7 -56 -7 -61 -8 -72 -8 -79 -12 -88 -3 -91 -12 -80 -9 -89 -8
62 -16 145 -14 48 -64 95 -15 103 -18 20 48 1 -23 8 -15 -64 -79 88 -84 48 -15 44 -16 30 -20 24 -16 8 -16 22 -8 13 -17 -13 -17 -1 -2 -15 -18 -96 17 -30 -18 -36 -19 -52 -17 -53 -13 -61 -14 -72 -14 -92 -16 -94 -19 -72 -24 -176 -16 -93 -20
202 -26 57 39 100 -24 104 -24 41 32 103 -25 91 -23 83 -23 41 -24 145 -24 144 -45 -17 -28 21 -25 -46 -29 25 -27 8 -21 -80 -31 -7 -8 13 -32 79 -41 81 -24 -8 -23 -47 -23 -57 -23 -60 -23 -69 -25 -51 -32 -167 -33 -48 -23 -64 -28 -56 -24 -88 -33
63 -32 57 -80 119 -30 49 23 48 -33 107 -31 24 -28 65 -33 64 -30 154 -31 97 -32 80 -32 57 -32 121 -48 -16 -32 -51 -65 -1 -2 28 -34 71 -40 52 -32 39 -32 -55 -32 -113 30 -7 -32 -70 -31 -57 -32 -75 -37 -80 -34 -96 -16 -91 -80 -120 -32 -121 -32
112 -40 111 -38 48 -39 123 -40 207 -56 134 -41 79 24 8 -168 96 -44 -10 -38 43 -42 42 -103 48 -28 -40 -40 5 -39 -12 -36 -51 -40 87 -40 -143 -104 -14 -42 -64 -38 -69 -40 -65 -120 -55 -120 -30 -112 -85 -38 -145 -40 -153 -104 -180 24 -120 -36 -123 -40 -72 -24
124 -48 59 -96 -15 -111 145 -51 60 8 128 -53 68 16 72 -50 0 -46 57 -56 53 -47 40 -44 30 -32 46 -47 -50 -48 26 -52 -49 -49 23 -49 16 -48 -25 -38 -98 -176 -89 -48 -111 16 -50 -47 -128 -97 -131 -49 -81 -37 -140 -56 -97 -37 -105 -47 -102 -48 -113 -49
137 -51 123 -55 127 -57 104 -119 92 -152 60 -55 -47 -120 56 -126 58 -56 12 -58 19 -56 103 -119 23 0 17 -1 -10 -2 -15 -2 -10 -2 96 -55 49 -119 55 -74 -4 -89 -37 -56 -40 -56 -61 -56 -130 -52 -81 -55 -121 -56 -87 -88 -86 -56 -61 -55 -120 -56 -125 -56
127 -61 55 -63 -16 -94 39 -191 59 -61 48 -65 33 -65 81 -60 72 -61 49 -65 48 -64 134 -84 27 0 19 -1 -1 -2 -8 -7 -1 -2 -7 -130 79 -84 -72 -72 -100 -192 -37 -113 -80 -128 -91 -64 -63 -129 -71 -113 -47 -95 -89 -63 -100 0 -100 -63 -176 -96 -167 -62
63 -72 -7 -136 45 -200 154 -104 78 -103 20 -200 14 -200 -55 -136 31 -70 17 -72 22 -72 1 -72 -43 -9 39 -72 -46 -72 25 -76 101 -71 4 -76 27 -72 -59 -80 -79 -65 -40 -64 -77 -73 -119 -136 36 -128 -85 -143 -78 -138 -139 -81 -155 -74 -91 -71 -175 -23 -162 -71
65 -32 -7 -145 164 -135 151 -112 147 -123 132 -110 125 -112 96 -132 110 -111 79 -128 -19 -208 41 -129 2 -80 -9 -78 11 -82 22 -78 5 -82 8 -79 -7 -81 -8 -79 -97 -79 -70 -80 -55 -79 -61 -80 -52 -79 -56 -80 -86 -82 -86 -160 -146 -80 -120 -160 -174 -208 -142 -80
123 -160 104 -175 157 -120 148 -120 118 -136 136 -120 113 -136 93 -136 89 -136 75 -135 80 -134 73 -135 63 -134 60 -136 -9 -87 -29 -88 -1 -56 -52 -89 -51 -89 -57 -85 13 -145 -51 -85 -29 -89 -67 -87 -66 -86 -77 -89 -80 -80 -88 -168 -105 -88 -101 -88 -109 -89 -125 -89
160 -139 133 -142 126 -143 117 -143 109 -143 102 -144 119 -144 -55 -159 -63 -159 87 -139 64 -143 92 -148 64 -140 56 -141 41 -143 21 -141 18 -143 -10 -127 13 -127 -20 -97 -96 -97 -16 -96 46 -117 55 -108 -105 -96 -42 -130 -152 -145 -216 -160 -80 -96 -97 -92 -105 -100 -157 -95
141 -150 152 -146 121 -149 117 -149 128 -148 99 -149 91 -148 85 -150 77 -150 69 -150 60 -149 54 -151 43 -150 37 -150 29 -150 21 -151 15 -149 30 -151 -80 -166 -69 -104 -54 -104 -70 -104 -175 -168 -118 -104 -51 -95 -71 -73 -88 -104 -123 -104 -165 -232 -231 -168 -141 -103 -87 -157
137 -158 134 -158 143 -157 114 -156 106 -157 100 -156 93 -158 85 -158 77 -158 69 -158 58 -158 52 -158 45 -158 37 -158 28 -157 21 -158 13 -158 -9 -175 -25 -113 -62 -110 17 -168 -16 -163 -19 -163 -46 -158 -16 -144 -29 -141 -34 -143 -41 -144 -163 -240 -55 -145 -69 -140 -119 -138
141 -166 133 -166 125 -166 117 -166 109 -166 101 -166 93 -166 85 -166 77 -166 70 -166 60 -166 54 -166 45 -166 37 -165 29 -166 20 -165 0 -185 -54 -118 -16 -168 8 -162 -21 -164 -29 -164 -37 -165 -42 -164 -35 -163 -25 -152 -27 -152 -57 -144 -68 -151 -168 -248 -161 -112 -118 -118
