200 128 53 126 43 194 39 160 140 185 155 122 166 126 136 192 153 113 116 120 49 191 83 96 112 112 32 192 81 128 48 112 113 96 78 94 64 102 17 112 -23 191 -25 192 -65 189 -47 195 -64 194 -65 193 -71 194 -90 194 -79 193 -109 65 -117 65 -125 65
143 202 208 104 205 103 203 105 184 119 161 89 164 105 173 114 136 135 138 84 109 86 104 104 -34 120 91 115 88 119 64 87 65 136 -7 184 1 183 41 113 33 151 16 183 -50 56 -123 63 -136 64 -137 64 0 8 -34 56 -72 72 -45 56 -56 58 -60 56
128 111 200 40 95 31 111 178 192 111 189 109 144 112 152 119 97 102 139 83 144 114 110 107 93 106 89 107 25 175 30 174 7 177 5 15 -80 32 40 171 -1 0 -106 56 -160 162 -41 20 32 16 -60 15 -1 8 -31 48 -16 8 -52 47 -51 47 -64 44
194 170 185 32 164 40 182 -9 159 104 153 89 81 169 176 96 127 160 120 168 14 154 96 104 97 102 89 164 113 8 -7 168 0 168 -72 96 -13 201 -7 166 64 8 4 8 7 39 -44 8 16 8 -48 55 -25 40 -32 53 -16 8 -47 40 -56 40 -64 50
196 96 51 31 166 32 64 10 159 92 152 152 142 162 135 160 142 64 68 158 114 90 101 89 97 89 27 89 -51 42 88 0 -67 40 -74 40 64 -10 -41 159 -103 40 -27 0 32 0 -1 32 0 -2 -60 0 -21 32 -40 0 -43 31 -48 32 -49 32 -60 32
195 88 185 92 128 88 156 39 183 89 156 90 148 47 169 49 160 90 112 88 108 81 105 105 44 152 32 185 -47 28 -29 8 -68 32 89 -7 80 -15 56 -8 -100 28 7 105 25 88 -1 87 -1 82 -8 84 -63 149 -74 -10 -79 38 -27 88 -17 153 -51 144
136 79 117 143 89 71 204 -16 193 82 184 79 174 150 136 144 130 96 117 73 51 179 56 144 16 98 -43 26 11 144 25 144 -64 2 62 64 47 64 36 74 -15 31 22 72 -34 146 0 80 10 83 -3 76 -150 23 -25 16 -5 5 -108 144 -30 64 -80 64
191 104 177 72 111 136 159 64 160 136 151 137 113 70 135 104 138 68 73 136 -14 13 95 136 80 57 5 11 73 17 -54 70 74 72 65 64 -4 136 -26 8 70 5 0 -1 0 -1 6 0 -63 7 -70 7 -51 7 -56 8 -73 12 -101 7 -111 7 -116 6
135 128 60 -1 52 64 195 63 175 32 197 47 176 66 137 58 126 58 121 58 120 63 107 63 95 129 121 62 33 123 -57 5 -1 -1 -4 0 0 -1 0 -1 -1 0 0 -1 0 -1 1 -1 0 -1 26 0 -48 0 11 9 -1 -1 -79 3 -79 2 -91 2
191 -9 29 103 185 49 110 120 94 120 148 114 64 -7 128 50 84 120 145 57 116 57 128 40 96 41 7 -8 64 -7 -50 120 -71 122 93 -2 103 0 -97 121 88 0 -106 55 16 -7 38 -1 -43 -8 -48 -7 -54 -4 17 0 -71 -4 -74 -4 -88 -4 -91 -6
64 -7 123 148 178 42 113 -8 183 48 75 48 20 46 143 48 137 48 121 40 108 46 126 32 82 112 56 -16 44 -18 38 -16 41 -25 37 -24 0 -1 43 -50 64 -16 19 -14 7 -12 -141 113 -140 113 21 0 -35 1 -52 4 -35 -16 -42 -16 -64 -23 -62 -17
191 97 213 36 198 -1 185 16 159 106 95 136 99 101 128 39 133 27 117 32 113 103 96 32 34 -25 23 137 -49 42 87 -23 -109 104 -84 105 -76 39 -95 105 -95 39 24 -24 41 39 44 37 -24 8 28 39 -44 12 -39 5 -63 12 -13 41 -25 41 -31 41
208 16 216 33 167 1 185 -1 105 95 92 130 143 25 132 32 129 95 115 -8 120 2 6 -17 -36 98 123 -63 43 -32 80 -22 81 96 -9 -31 -36 95 -4 95 31 24 72 34 0 -1 -9 0 -17 0 -16 10 -31 0 -35 7 -39 -4 -48 -8 -64 -1 -69 -3
183 88 182 89 172 6 200 28 102 120 153 41 140 22 192 20 164 23 137 9 109 16 91 16 96 17 88 17 72 20 72 24 65 24 57 19 60 19 42 20 16 -12 32 0 3 -7 8 -8 -13 -9 -22 -9 -23 -11 -37 -11 -45 -9 -52 -11 -61 -12 -72 -4
213 -1 183 74 175 80 117 79 33 -42 153 11 147 12 127 1 146 1 119 9 112 6 55 79 52 79 43 77 80 9 73 10 66 15 60 16 53 21 74 12 18 -20 48 0 26 0 21 0 28 0 19 0 4 -1 -5 -1 -5 0 -40 -22 -58 -20 -67 -21
228 -12 152 8 114 58 41 -49 163 3 149 8 146 -5 143 0 62 -56 35 68 110 2 105 71 95 1 90 2 22 72 68 6 67 1 48 7 72 -8 44 9 45 7 26 1 23 1 18 0 -8 8 -1 5 -24 7 -15 5 -40 8 -8 4 -23 -8 -55 -8
187 -16 191 57 114 99 178 -2 160 58 144 -1 148 -1 140 -1 0 -1 104 55 166 -32 137 1 105 -3 88 56 84 4 68 0 66 0 57 64 63 0 74 64 16 -1 27 -4 21 3 20 -4 -6 -6 1 -6 -11 -8 -32 -1 -33 56 -53 -36 -56 0 -61 -12
185 -48 133 54 168 -9 162 -8 39 -86 161 -8 145 -15 133 -16 120 -8 143 -40 122 -42 105 -11 122 -10 120 56 17 57 70 -8 74 -12 60 -8 80 -24 40 -36 48 -47 24 -4 15 24 38 -8 -63 57 -3 -12 -29 -17 -24 -17 -90 56 -97 58 -112 56 -53 -47
224 -10 176 -17 171 -20 87 -31 181 -15 180 -16 177 48 93 47 127 -48 120 42 52 48 39 50 128 -16 108 -32 -58 -80 -63 -71 56 -16 28 -43 -16 48 13 -31 -32 48 -40 -16 -32 48 -49 50 -80 46 -6 -16 -9 -20 -24 -10 -99 -79 -42 50 -56 -17 -32 -48
191 -31 137 37 129 39 168 -20 176 -51 153 -20 176 44 10 -24 160 -24 56 38 111 40 113 -23 95 -27 99 -24 80 32 76 -30 56 -24 32 -55 45 42 -24 40 -72 64 36 -24 25 -24 8 40 -126 -80 -10 -26 -81 -25 -23 8 -33 41 -41 -32 -56 -32 -114 41
199 -36 191 -33 49 -31 172 -80 112 14 84 32 77 17 76 33 127 33 129 -31 47 31 103 -65 151 -72 141 -64 10 -1 112 33 96 33 44 -64 89 32 -25 -63 40 -128 34 -29 19 -36 0 -31 0 -2 -9 18 -71 33 -152 -112 -161 -112 -7 -30 -57 -34 -119 32
201 -45 225 -45 176 -48 124 23 80 22 88 24 17 -40 136 -38 130 -43 117 -46 -23 -105 65 -32 106 -75 98 -75 90 -75 82 -75 -24 -36 -40 -138 88 28 3 21 -37 24 -27 24 -1 -40 -49 -137 0 -32 -60 25 -79 -104 23 24 -49 25 -57 24 -105 25 -55 -40
243 -48 132 16 118 -145 146 -122 141 -122 152 -151 71 -145 88 16 48 14 57 17 53 17 77 -62 81 -64 72 -64 65 -64 107 -64 66 8 -6 16 65 -64 -25 16 -103 -106 -104 -48 -29 -2 7 -37 -66 -110 -72 -111 -143 -128 -41 -65 -112 -48 -104 -61 -176 -128 -185 -105
128 -6 54 -113 168 -117 168 -119 191 -119 183 -120 176 -120 169 -120 129 -119 60 -121 43 -119 57 -105 48 8 89 -63 72 -57 63 -58 71 -58 59 -57 55 -64 42 -56 32 -26 -29 8 -118 -122 -118 -56 4 -60 7 -61 -62 10 -155 -112 -39 -58 -55 -152 -47 -45 -187 -112
62 -66 11 -1 177 -128 196 -127 171 -130 185 -129 104 -129 95 -124 93 -126 72 -127 146 -128 67 -125 65 -128 63 -128 18 1 19 -1 67 -66 56 -64 -3 -1 0 -2 -29 -129 24 -69 -47 0 7 0 0 -2 -9 -74 -31 0 -67 1 -35 1 -53 -10 -64 0 -123 -128
157 -137 152 -134 125 -136 137 -134 130 -134 102 -136 107 -139 69 -135 58 -134 88 -134 80 -132 63 -136 61 -131 136 -136 47 -136 83 -139 30 -137 46 -135 -79 -73 41 -77 36 -76 52 -71 23 -111 7 -14 -66 -136 -158 -8 -63 -9 -23 -80 -53 -87 -54 -86 -38 -80 -56 -134
159 -140 151 -141 142 -141 138 -142 126 -141 119 -142 115 -142 84 -142 94 -141 91 -142 78 -141 53 -143 66 -142 59 -142 51 -142 39 -140 32 -142 8 -146 51 -86 36 -88 -24 17 -33 -15 -40 -16 16 -96 -65 -112 -55 -81 -152 -146 -160 -136 -81 -17 -121 -15 -113 -144 -92 -140
163 -150 153 -150 146 -150 136 -150 127 -150 123 -150 111 -150 107 -150 99 -150 91 -150 83 -150 70 -150 67 -150 58 -150 51 -150 42 -150 11 -150 59 -93 54 -88 -23 -137 48 -153 32 -149 -28 -150 -25 -151 5 -150 -8 -153 -16 -152 -44 -152 -35 -149 -43 -153 -64 -160 -183 -89
163 -158 155 -158 147 -158 139 -158 131 -158 123 -158 115 -158 107 -158 99 -158 68 -159 82 -158 53 -159 66 -158 55 -157 50 -158 19 -157 -65 -173 67 -105 -17 -161 10 -161 -10 -157 -8 -158 -18 -157 -31 -156 15 -167 26 -152 -187 -33 -194 -32 -47 -145 -177 -160 -47 -102 -121 8
163 -166 155 -166 147 -166 138 -166 131 -166 123 -166 115 -166 107 -166 99 -166 91 -166 83 -166 75 -166 67 -166 59 -166 28 -166 -56 -182 65 -110 -7 -169 16 -166 10 -166 -20 -166 -29 -162 -157 -40 -120 -105 12 -205 11 -224 -37 -176 -39 -153 -140 -180 -84 -42 -57 -168 -64 -168
163 -174 155 -174 147 -174 138 -174 131 -174 123 -174 115 -174 107 -174 99 -174 91 -174 83 -174 75 -174 44 -175 108 -176 83 -116 -9 -176 4 -176 26 -174 -4 -174 -111 -47 -111 -55 24 -214 -112 -168 -123 -168 -12 -176 -16 -177 -28 -164 -105 -48 -94 -120 -49 -175 -77 -177 -104 -176
163 -182 151 -181 147 -182 138 -182 126 -181 123 -182 115 -182 107 -182 99 -182 91 -182 83 -182 75 -182 43 -182 74 -128 -1 -184 19 -183 35 -182 27 -182 -3 -184 49 -217 -97 -177 -107 -177 7 -184 -57 -184 -9 -181 -16 -184 -25 -184 -9 -230 -98 -185 -69 -182 -82 -182 -86 -182
