65 151 152 95 139 97 133 97 96 120 162 128 129 120 151 137 63 127 123 116 48 144 56 130 33 128 114 116 55 112 122 106 19 127 19 112 -14 112 39 112 -96 62 -106 68 -38 191 -47 192 -59 191 -67 191 -71 192 -84 191 -112 192 -112 190 -116 64 -136 192
129 110 184 123 201 120 203 88 127 89 120 122 176 105 185 106 167 107 89 119 104 80 137 111 129 104 117 104 131 120 113 87 1 122 81 107 -83 60 -82 148 -99 59 39 111 -65 184 -45 185 -131 61 -62 184 -74 71 -37 48 -45 54 -103 56 -53 52 -72 48
193 97 137 16 113 176 39 52 82 96 192 80 144 106 103 111 96 112 85 114 48 114 134 96 95 104 124 102 -53 52 -59 54 -65 47 4 176 -78 51 -15 108 -23 177 -107 53 -39 177 -47 180 -54 176 -53 15 -74 181 -104 177 -47 40 -109 176 -111 64 -124 176
135 106 137 7 122 171 112 172 178 93 192 72 15 107 72 101 80 108 48 104 -8 34 131 88 88 88 25 100 -49 41 -60 44 -67 40 -72 42 -9 165 -85 37 -22 169 -21 8 -38 172 -37 8 -54 172 -20 48 -32 32 -37 49 -48 32 -52 48 -60 34 -69 48
56 24 196 92 128 0 115 162 152 81 26 50 97 80 112 72 96 96 -6 29 127 89 124 88 99 86 -43 33 -56 32 15 160 -67 34 -75 34 -4 160 -25 158 -22 160 -105 34 -112 16 -73 160 -64 32 -57 0 0 0 -70 0 -80 0 -153 20 -68 47 -120 49
218 74 192 88 110 72 39 27 208 73 190 75 104 89 102 87 64 90 96 72 139 75 -19 20 -35 28 -43 28 -45 25 -60 16 13 154 -72 92 -80 9 -74 4 32 88 -103 11 -1 81 27 73 -17 77 -134 12 -70 153 -103 151 -96 152 -13 88 -30 49 -83 56
136 78 63 -48 120 81 40 81 194 78 183 51 109 80 64 80 156 68 -6 6 -21 15 -25 17 62 48 32 76 15 143 9 143 66 76 69 64 57 64 -85 10 -31 145 -107 17 -64 14 9 82 40 80 -8 64 -208 144 -24 16 -114 143 -37 64 -27 64 -40 64
136 76 121 62 113 135 88 56 88 72 104 72 112 72 -9 74 156 60 -2 1 -9 6 115 72 -33 17 41 -24 -48 -8 -64 5 86 72 56 63 -11 135 31 7 -62 128 -40 25 0 0 6 12 7 7 -40 7 0 0 -56 8 -85 7 -91 7 -42 4 -92 8
126 126 55 4 228 57 137 32 184 31 112 49 88 64 163 51 149 56 0 0 163 61 72 32 66 64 24 63 -51 4 9 127 1 -1 86 -7 -1 0 70 -8 0 0 -1 -1 0 0 -65 131 7 0 -58 0 0 0 1 -1 0 -1 -72 -1 -85 -1 -88 -1
143 -39 56 58 32 56 112 56 32 -3 106 40 113 -9 9 -9 0 -23 145 56 140 57 120 32 30 72 -104 120 67 0 -70 119 -66 -5 -7 -7 2 -40 -92 -4 15 -8 -53 115 8 -4 0 -1 13 -9 0 -1 -31 -8 -26 -16 -42 -2 -40 -14 -109 -8 -108 -6
180 40 122 37 129 33 -24 37 128 16 25 -18 18 -16 138 40 176 32 136 39 -21 -18 105 48 95 48 25 -15 20 -12 88 -22 -17 112 -13 114 -33 111 -41 111 -48 112 13 -24 -47 -15 -105 82 -10 32 -137 53 -146 52 -153 52 3 -48 -120 -1 -106 4 -114 4
144 42 153 7 152 14 128 24 95 41 23 -24 17 -22 147 37 68 23 129 39 80 9 36 59 137 -23 33 131 19 103 7 105 -64 41 -73 103 48 42 -88 40 -33 41 -105 44 -14 8 59 3 47 8 41 3 22 9 26 4 -76 25 -2 8 -2 -1 -40 0
227 30 144 18 128 34 192 -1 32 32 28 -35 135 22 60 16 177 32 169 16 0 -1 133 33 76 16 87 17 -47 -47 -58 36 94 32 -11 -30 -4 -64 -89 35 42 31 -1 0 62 0 -24 32 -31 32 40 4 32 -1 6 8 17 1 -78 14 3 0 -90 32
120 24 193 -17 207 -4 112 25 31 -40 33 -42 198 16 105 -7 177 8 147 9 135 15 126 11 -31 -49 108 17 -51 -45 45 8 56 13 37 8 83 23 73 -3 0 25 49 -9 -17 24 33 -4 40 -8 -39 -6 26 -12 -8 -2 12 -8 -5 1 -4 -17 -32 -8
160 -16 143 0 103 18 37 -47 31 19 189 1 181 11 89 1 143 63 120 16 -16 -55 -25 -47 -34 -40 -45 -53 59 0 109 2 97 -2 56 16 17 -16 87 -12 -97 -4 57 0 39 1 19 0 16 0 9 0 3 -1 -90 0 -3 0 -17 -2 0 -1 -24 -8
161 9 143 9 50 -60 41 9 197 -7 88 8 166 -9 66 -10 -64 72 49 71 81 -25 32 9 101 5 79 0 86 5 39 -24 48 -4 77 -1 -22 -10 75 -8 48 8 0 -2 9 -1 33 0 -12 -2 5 -1 4 0 3 -3 -21 4 10 -14 -10 -8 -29 -14
129 -32 119 1 49 -56 201 -12 82 -14 127 -16 122 -16 159 -18 0 -1 167 -17 75 1 42 -32 0 -1 23 2 112 -16 24 -16 0 -1 0 0 0 -2 32 -26 0 -2 28 -9 65 1 17 -1 1 -4 -25 -16 -2 -8 -1 -1 0 0 11 0 -58 -8 -88 -32
168 -32 56 -8 152 -23 105 -7 33 -89 53 8 161 -2 151 -17 177 -15 72 -6 71 -8 143 -8 70 -40 53 -7 -48 -70 9 -8 63 -8 42 -44 76 -32 72 -40 -33 -40 32 -20 43 -24 49 -8 3 -23 -23 -19 -30 -20 -23 -12 -96 55 -168 -6 -48 0 -96 -6
136 -16 189 -31 150 -32 205 -31 123 -15 184 -43 51 18 91 -63 161 -41 159 -49 112 -16 -28 -88 135 -32 25 -15 96 -8 -55 -72 56 -32 16 -30 -80 -16 16 -22 -49 48 -103 -80 46 -116 -120 -95 -130 -13 24 -23 -6 36 -90 -1 -96 -79 -41 48 1 -2 -121 -47
184 -27 56 -24 54 -97 105 40 160 -56 8 -136 103 -25 128 -40 156 -42 -9 -96 153 -40 70 -56 21 -24 59 -57 45 -28 8 -30 71 -25 23 -24 41 -48 26 -32 -35 39 63 -40 12 -32 39 -24 -65 -10 -137 -25 -82 -39 -153 -21 -32 40 -104 -26 8 -32 -46 -28
176 -45 154 -64 201 -41 168 -36 27 -99 25 -37 16 -112 8 -29 112 -48 120 -31 -17 -96 129 -65 25 0 19 0 11 -1 2 -1 0 0 83 -31 -48 -4 79 -32 -96 -29 8 -32 16 -32 1 -47 -127 -34 8 -39 -81 32 -155 32 -27 -25 -43 -47 -47 -47 -72 -40
199 -40 120 -41 46 -101 36 24 96 24 98 23 14 -100 8 -104 132 -55 139 -49 124 -48 131 -41 55 -40 46 -40 38 -41 32 -40 29 -41 56 -40 -19 0 62 -52 -14 -136 -105 -97 -41 -41 -119 -41 -59 23 -72 24 -79 -104 -63 -38 -95 -74 -63 -65 -176 -40 -186 -105
162 -80 53 -105 130 -145 161 -121 149 -120 145 -119 137 -120 56 16 68 16 59 16 59 18 -23 -110 -33 -119 110 -62 83 -63 106 -64 90 -66 44 -56 81 -48 68 -57 -90 -120 -55 -63 -111 -51 -117 -113 -127 -129 -137 -45 10 -62 -1 -60 -162 -119 -40 17 -26 -57 -187 -108
136 -54 171 -128 177 -113 168 -128 164 -121 153 -117 137 -119 104 -121 164 -120 158 -121 120 -121 110 -116 27 8 25 7 97 -64 71 -64 70 -52 88 -77 65 -63 43 -64 -160 8 -104 -53 12 -60 8 -56 23 -69 -29 -72 -152 -119 -162 -120 -161 -120 -170 -112 -177 -120 -115 7
127 -1 104 0 147 -130 201 -127 129 -129 119 -130 146 -128 149 -129 123 -119 88 -129 62 -127 109 -131 105 -123 33 -127 19 1 -8 0 0 -1 1 -2 -17 -111 -88 -60 39 -64 -8 -96 -15 -97 25 -96 1 -2 -70 0 10 -80 -12 -72 7 -95 -11 -64 -19 -64 -60 -120
159 -136 150 -136 143 -136 136 -136 127 -137 120 -136 112 -136 103 -136 95 -135 87 -136 80 -136 -48 -9 65 -136 56 -136 48 -136 41 -137 75 -143 57 -137 51 -81 68 -88 -100 -136 -37 -88 -25 -72 41 -73 -128 -68 -72 -82 -146 -130 -79 -4 -6 -86 -11 -85 -107 -9 -112 -135
161 -144 152 -144 143 -144 135 -144 127 -144 119 -144 112 -144 104 -144 95 -144 88 -144 80 -144 72 -144 63 -144 55 -144 47 -144 39 -144 33 -144 -8 -142 -72 -144 -91 -135 -48 -16 23 -152 -67 -16 -73 -16 -79 -16 -70 -17 -76 -18 -92 -16 -35 -146 -50 -144 -55 -145 -105 -176
159 -152 151 -152 143 -152 135 -152 127 -152 119 -152 111 -152 103 -152 95 -152 88 -152 80 -152 71 -152 62 -152 55 -152 46 -152 41 -152 1 -151 64 -96 45 -23 -83 -24 72 -151 -29 -153 -16 -152 -24 -150 -37 -151 -2 -144 -79 -152 -85 -151 -32 -199 -169 -143 -177 -84 -47 -98
159 -160 151 -160 143 -160 135 -160 127 -160 119 -160 111 -160 103 -160 95 -160 87 -160 79 -160 71 -160 63 -160 55 -160 47 -160 9 -159 86 -109 -136 -32 11 -161 8 -160 -1 -160 -5 -160 -46 -160 -56 -142 -19 -168 -74 -32 -75 -32 -87 -160 -161 -155 -174 -162 -106 -34 -66 -166
159 -168 151 -168 143 -168 135 -168 127 -168 119 -168 111 -168 104 -168 95 -168 87 -168 79 -168 71 -168 60 -168 56 -166 -48 -100 96 -118 -15 -42 23 -168 16 -167 -22 -167 -29 -151 -28 -38 -113 -163 -123 -165 -55 -37 -19 -161 -28 -163 -152 -164 -156 -174 -100 -41 -119 -36 -119 -169
159 -176 150 -176 143 -176 135 -176 127 -176 119 -176 111 -176 103 -176 95 -176 87 -176 79 -176 72 -176 63 -176 -39 -111 20 -17 35 -176 31 -176 23 -176 15 -177 -14 -45 -96 -174 -29 -49 -37 -48 -54 -48 -76 -48 -77 -47 -71 -45 -78 -48 -92 -49 -71 -176 -84 -176 -89 -177
160 -184 152 -184 145 -184 136 -184 128 -184 120 -184 111 -184 103 -184 95 -184 88 -184 79 -184 71 -184 33 -184 103 -127 80 -184 33 -184 30 -185 23 -184 15 -184 -35 -50 -33 -56 -41 -56 -61 -57 8 -182 -67 -55 -18 -176 -86 -56 -91 -56 -65 -185 -75 -184 -87 -184 -89 -184
