160 126 152 126 51 127 54 121 104 133 97 128 89 130 24 134 49 127 -7 128 55 124 39 129 136 128 27 128 102 130 128 108 108 120 97 128 16 124 25 112 57 112 65 112 -16 127 -13 129 -32 126 -40 127 -8 119 -98 128 -101 128 -110 128 -99 124 -113 129
67 119 -8 54 142 70 135 25 54 120 97 122 91 123 67 119 58 120 60 120 83 111 65 120 135 104 55 115 48 117 40 118 103 100 75 120 15 112 8 118 0 118 -102 120 -28 120 -54 120 -32 118 -40 118 -85 179 -8 110 -67 116 -20 120 -168 112 -111 120
122 112 118 49 112 49 74 48 83 111 86 108 95 113 75 110 117 113 166 130 107 52 103 99 75 113 -37 111 129 116 40 110 32 110 24 110 16 110 41 112 13 116 -87 110 -93 177 -121 160 -129 160 -110 178 -145 160 -153 160 -143 177 -155 178 -225 177 -198 173
143 104 167 104 145 102 147 104 200 104 162 88 163 105 104 104 63 106 161 104 145 103 120 105 25 104 26 105 95 104 40 102 -51 95 -72 104 -66 98 -23 100 -32 128 -40 88 -18 40 -26 28 -32 26 -76 28 -207 40 -72 24 -82 25 -88 26 -97 25 -68 70
113 113 140 19 74 96 54 160 123 97 116 100 79 100 184 96 176 96 130 79 128 94 123 95 32 96 111 96 -46 96 -34 162 -69 102 -136 32 -66 40 -88 96 -131 -30 -105 145 -32 21 -24 4 0 0 -200 30 -57 62 -72 17 -83 16 -88 16 -59 63 -104 17
62 92 56 24 131 13 136 -7 104 92 171 89 36 80 9 88 97 86 88 88 2 80 41 89 94 21 -41 90 -111 23 -41 88 9 90 4 6 -53 95 -17 93 -32 8 -166 23 -47 6 -60 10 -71 7 -56 6 -88 8 -73 8 -104 8 -89 9 -96 12 -66 54
126 84 152 0 127 0 87 15 95 80 24 80 120 78 104 78 176 80 -72 64 53 79 53 80 51 80 40 80 -25 80 -118 15 -1 0 23 -23 -13 0 -64 76 -79 76 -56 8 -175 15 -33 48 16 -16 -65 1 -66 4 -65 49 -80 0 -92 5 -97 3 -102 2
123 72 123 74 81 8 104 0 99 72 88 72 176 72 153 69 1 72 50 72 57 72 48 76 39 77 -24 71 -33 70 -24 8 -41 72 -136 8 15 -25 15 -21 -22 73 -51 71 -49 72 -57 74 -69 72 -72 72 -130 72 -214 7 -128 72 -104 73 -111 72 -121 73
83 64 160 64 56 128 40 -63 177 62 152 56 112 62 104 64 54 64 63 68 57 68 -8 72 25 63 -26 0 -14 62 -41 72 0 1 41 65 66 66 -23 77 -65 64 -19 61 -110 64 -57 70 13 57 41 48 -49 -10 -72 -16 0 0 -64 65 -69 64 -88 64
64 1 135 56 73 64 40 56 32 89 120 54 191 58 128 -9 73 59 13 56 15 -8 33 55 -31 55 -33 122 8 -26 7 -7 97 56 60 57 -80 58 -151 -8 -15 -22 -17 24 -46 24 -19 -40 -130 -71 -138 -71 -98 24 23 23 17 23 -71 -5 -107 8 -186 -72
241 48 104 47 113 -14 103 50 193 48 153 39 16 48 66 47 73 52 6 48 73 47 121 49 131 63 118 24 -32 57 -7 63 -30 48 0 0 65 17 59 17 51 16 -13 19 33 15 -37 -27 31 16 -55 -31 -80 -18 -89 -16 -96 -17 -87 -32 0 0 -50 6
128 -26 56 -87 129 40 40 42 33 39 118 42 14 -88 25 40 16 42 59 41 79 39 72 41 89 42 -45 48 41 10 7 -24 0 -23 -8 -28 -17 -26 -25 -24 -32 -25 -74 -22 -30 -40 -40 -40 -64 -25 -72 -26 -80 -26 -88 -26 -96 -26 -104 -26 -32 -10 -120 -26
0 0 73 32 113 33 103 -34 86 32 -40 16 80 -32 66 32 59 33 -8 24 61 28 72 28 33 32 0 0 100 0 91 1 -128 -33 25 -65 -82 -96 -151 -33 -12 -44 -168 0 3 0 -40 -44 -64 -33 -55 -47 -63 -47 -71 -47 -79 -47 -88 -47 -95 -47 -102 -47
129 26 120 24 111 25 178 7 32 24 119 -72 37 23 62 24 129 25 75 23 41 24 -24 57 -47 86 15 15 47 -56 41 -57 -1 -40 -6 -44 -16 -39 -25 -39 -33 -39 -21 -50 -54 24 -24 21 -32 22 -3 7 -11 7 -19 7 -16 0 -77 16 -113 25 -121 25
208 16 55 18 143 14 201 17 102 24 44 16 33 11 8 14 55 15 88 8 64 80 24 31 31 -48 54 -50 95 -15 25 -64 0 0 -134 -46 -20 46 -74 80 29 20 -11 9 -16 14 -24 14 -32 14 -40 14 -48 14 -56 14 -64 14 -72 14 -80 14 -88 14
64 42 146 6 192 7 41 8 48 7 42 5 102 8 71 10 166 -9 88 10 -16 0 -24 0 -31 8 24 10 23 10 -2 12 112 8 -15 9 -23 8 2 0 0 6 -8 6 -16 6 -24 6 -32 6 -40 6 -48 6 -56 6 -64 6 -72 6 -80 6 -88 8
240 0 153 0 152 -2 48 -2 1 -124 82 0 143 -2 157 -16 0 0 64 5 61 0 55 0 -16 -8 -33 0 31 1 7 2 98 0 21 1 55 0 8 -2 0 -2 -8 -2 -16 -1 -24 -1 -32 -2 -40 -2 -48 -2 -56 -2 -64 -2 -72 -2 -80 -2 -88 -1
160 -10 231 -5 50 -8 2 -129 91 -8 87 -6 169 -9 9 -8 -64 -70 46 -8 58 -6 33 -9 13 7 39 -8 73 -4 96 -10 86 -8 14 -10 16 -10 8 -9 48 -8 31 -15 41 -7 20 -16 -127 -18 -10 -72 -37 -3 -77 -9 -85 -10 -9 -13 -80 -9 -89 -7
64 -16 161 -17 112 -92 109 -17 98 -15 77 -17 15 -22 135 -83 63 -80 53 -31 79 -21 121 -17 36 -18 24 -15 20 -15 120 -15 80 -16 -72 -16 64 -17 76 -18 -1 -18 -16 -13 -18 -16 -5 -15 0 -83 -130 -24 -144 -25 -69 -17 10 -32 -72 -18 0 0 -70 -32
225 -24 -8 -24 102 -24 96 -18 35 -22 93 -28 -19 -8 7 -22 59 -24 126 -41 31 36 120 -40 31 -21 120 -38 64 -23 40 -32 65 -23 -72 -22 16 -26 8 -26 0 -26 4 -24 16 -25 -24 -30 -25 -28 23 -24 19 -40 -151 -24 -160 -25 -166 -25 -73 -23 -6 -24
64 -30 107 -32 112 -32 104 -32 97 -35 89 -49 75 -31 89 -32 96 -34 89 -33 102 -30 -35 -32 136 -32 56 -34 1 -32 -47 33 0 0 60 -46 97 -32 7 -36 32 -32 58 -16 -111 -33 -129 -32 -53 -32 32 -32 5 -32 -88 -1 -158 25 -137 -96 -129 -24 -88 -34
128 2 83 -42 48 20 104 -39 129 -42 120 -41 79 20 73 -103 96 -41 -8 -40 49 -47 47 -41 127 -54 87 -40 16 -23 7 -39 0 0 60 -54 -31 -38 -24 -30 -32 -104 -42 -44 -42 -120 -61 -40 -73 -40 -39 -47 -64 -9 -153 -38 -129 -104 -104 -15 -179 -48 -184 -40
133 -48 114 -48 82 -112 137 -110 61 8 155 -47 55 16 85 -38 79 -52 57 -50 129 -48 65 -49 64 -49 55 -49 16 19 106 -59 24 -48 24 -50 63 -48 16 -48 -3 -114 48 -47 -5 -44 50 -43 -60 -48 -72 -16 -144 -47 -100 -48 -129 -80 -167 -49 -51 -116 -110 -48
127 -56 199 -64 -16 0 55 9 69 -40 82 -56 49 -120 65 -56 -14 -52 72 -56 0 -120 72 -58 20 0 8 -2 0 -1 -5 -2 -20 3 88 -64 -19 -2 -88 -57 -41 -56 -105 -56 -9 -52 -120 -57 -64 -24 -136 -55 -143 -184 -103 -55 -160 -56 -176 -56 -106 -54 -122 -54
153 -64 59 -64 80 -64 144 -153 128 -156 120 -160 14 -192 26 -71 75 -61 68 -68 101 -63 86 -64 64 -65 56 -64 48 -64 -29 -8 0 0 32 -66 -48 -8 -25 -65 -26 -153 -40 -127 -32 2 -66 -64 -103 -62 -56 -143 -79 -129 -56 -68 -99 0 -64 -66 -114 -128 -167 -63
64 -70 119 -136 131 -147 104 -138 96 -137 88 -138 80 -138 90 -153 96 -169 -69 -135 14 -72 -7 -72 41 -67 -40 -71 28 -72 97 -71 64 -72 20 -80 97 -72 -25 -72 -14 -56 -103 -72 -112 -136 -40 -56 -65 -87 -82 -72 -137 -7 -134 -80 -95 -73 -132 -72 -164 -74 -96 -105
64 -144 137 -160 231 -110 104 -145 96 -146 88 -146 177 -112 147 -122 181 -110 168 -111 48 -146 40 -146 68 -112 -9 -79 28 -78 -68 -81 80 -80 24 -84 -79 -89 -97 -79 -96 -144 -48 -80 -113 -81 -37 -81 -126 -88 -143 -79 -127 -81 -120 -80 -116 -85 -230 -145 -160 -72 -125 -127
136 -136 96 -120 192 -120 213 -128 173 -129 196 -120 134 -135 -53 -120 82 -162 56 -154 48 -154 152 -120 32 -154 24 -154 48 -184 17 -136 -66 -216 -73 -216 -34 -176 -33 -88 -33 -103 65 -105 -14 -98 49 -104 -128 -88 -137 -215 -142 -88 -97 -96 -65 -88 -60 -87 -65 -87 -248 -120
128 -162 120 -162 230 -136 104 -162 96 -162 88 -162 80 -162 72 -162 64 -162 56 -162 48 -162 120 -128 32 -162 24 -162 16 -162 92 -128 0 -162 9 -176 -22 -96 45 -97 -12 -99 3 -96 -4 -96 -38 -32 -95 -160 -77 -97 -131 -160 -107 -176 -160 -95 -142 -98 -153 -97 -8 -145
128 -170 191 -156 112 -170 175 -152 96 -170 88 -170 80 -170 72 -170 64 -170 56 -170 127 -144 40 -170 32 -170 24 -170 16 -170 8 -170 0 -170 -7 -167 -16 -104 -23 -89 -7 -137 59 -135 -13 -135 -47 -152 -130 -231 -138 -232 -157 -42 -216 -169 -71 -136 -87 -184 -29 -137 -105 -200
128 -178 120 -178 112 -178 104 -178 96 -178 88 -178 80 -178 72 -178 64 -178 56 -178 48 -178 40 -178 31 -178 24 -178 16 -178 8 -179 1 -176 59 -111 -82 -108 3 -143 -32 -178 -40 -180 -48 -178 -56 -177 -64 -178 -55 -191 -80 -177 -88 -176 -80 -188 -128 -175 -144 -176 -133 -111
128 -186 120 -186 112 -186 104 -186 96 -186 88 -186 80 -186 72 -186 64 -186 56 -186 48 -186 40 -186 32 -186 24 -186 16 -186 9 -184 -56 -128 -45 -124 -16 -187 -24 -186 -32 -186 -40 -186 -48 -185 -38 -199 -50 -196 -50 -155 -40 -210 -1 -152 -96 -192 -156 -112 -169 -53 -248 -186
