67 95 58 125 9 194 73 193 188 128 181 125 175 126 137 129 162 128 60 194 82 128 -11 0 40 194 31 196 24 197 18 192 13 186 -9 193 -17 185 -11 181 -19 185 24 194 16 160 -58 193 -55 194 -73 185 -95 176 -89 194 -95 193 -57 128 -48 124 -27 127
193 120 102 185 48 184 86 185 77 184 169 120 157 119 151 120 65 55 151 115 56 54 102 186 37 53 28 56 113 120 18 185 9 187 4 174 38 108 20 112 33 185 25 116 12 143 7 119 -16 143 -135 88 0 24 -134 184 -223 185 -149 184 -225 174 -166 184
220 112 121 48 125 169 141 96 120 176 97 179 142 179 80 180 69 179 64 178 57 177 103 178 89 176 56 112 80 176 20 172 -17 175 -7 48 76 110 70 112 54 128 -40 177 -142 168 -126 62 -128 58 -171 161 -200 170 -169 178 -185 175 -217 176 -174 176 -219 174
217 108 29 169 166 128 168 108 104 172 96 173 80 -24 142 68 88 168 71 161 64 106 92 99 97 108 88 168 82 172 -55 73 -1 6 -78 54 31 8 -24 105 -97 54 8 127 -120 159 -107 163 -108 164 -124 35 -193 162 -179 160 -204 160 -191 167 -187 163 -207 167
191 92 8 152 12 145 184 2 194 92 100 156 143 95 90 92 73 164 73 110 111 95 137 93 91 100 88 163 60 -10 3 32 -2 32 -79 47 49 143 39 97 -99 46 -141 144 -148 145 -141 151 -169 145 -164 152 -156 151 -175 159 -195 158 -192 159 -184 158 -196 160
131 23 181 90 31 151 167 119 193 88 89 153 79 152 81 154 89 152 128 96 111 152 131 87 127 89 86 88 107 104 -58 37 32 -17 83 104 -84 38 -96 33 60 86 -140 136 -115 38 -156 136 -168 145 -155 141 -180 150 -186 151 -177 154 -201 149 -192 153 -217 148
191 80 128 144 177 80 154 -32 99 146 117 78 105 144 118 56 82 94 148 81 109 81 132 78 95 81 115 96 108 78 47 -9 65 81 -76 31 -85 31 -102 136 60 77 52 81 15 148 10 144 -14 144 -9 84 -17 112 -152 76 -135 145 -6 80 -106 148 -119 146
224 88 120 7 173 72 138 -1 161 136 153 136 89 140 88 86 157 71 119 72 140 71 132 70 99 73 115 88 25 8 21 8 79 72 -7 7 46 139 65 69 -78 135 22 72 -49 11 40 67 -52 136 -71 135 -17 73 -188 140 -183 164 -108 7 -111 8 -58 138
192 71 119 0 158 64 112 64 95 65 96 131 104 128 144 72 152 66 145 80 142 64 22 129 32 1 -102 129 -59 125 -91 127 6 132 54 131 48 62 -67 127 -119 127 -132 120 -128 130 -161 119 -115 128 -122 128 -144 132 -148 136 -158 135 -157 128 -162 128 -168 128
191 -72 184 57 178 84 133 56 98 72 134 32 83 -11 164 56 156 53 149 54 65 40 103 121 30 121 33 123 -48 24 97 53 -62 52 -60 120 -85 123 -88 124 -109 122 -125 112 -133 121 -151 119 -128 120 -159 120 -144 124 -153 120 -160 120 -162 124 -180 126 -183 127
63 113 160 -48 177 112 108 -20 98 -15 92 118 18 16 136 49 156 46 67 113 57 115 42 -18 33 -16 87 46 -98 112 -69 122 -76 110 -74 112 -77 113 -88 112 -109 120 52 48 -140 111 -122 112 -125 113 -134 113 -142 120 -143 118 -161 120 -165 120 -173 120 -183 119
220 38 211 38 120 38 56 134 191 41 152 106 10 114 165 42 157 43 145 36 141 40 10 -88 120 56 -73 97 -59 106 -49 104 -99 96 -83 96 -56 105 -67 103 -109 102 -91 103 -130 105 -156 103 -128 104 -155 114 -145 104 -153 104 -174 102 -185 104 -176 104 -187 104
127 97 217 32 137 96 160 9 96 33 151 33 172 30 165 30 72 21 144 36 139 34 39 33 -14 96 23 -40 -43 -32 -69 95 -78 94 -80 96 -80 96 -102 94 -97 96 -137 97 -49 57 -47 99 -55 98 -62 97 -72 99 -80 99 -87 100 -96 100 -104 93 -113 92
194 88 138 19 111 81 129 88 161 21 180 23 172 26 65 15 128 25 63 89 46 78 23 89 -32 88 -95 89 -41 88 -65 90 1 89 -71 20 -19 -72 39 29 12 21 -34 88 -38 90 -47 90 -55 90 -62 90 -70 90 -80 92 -87 90 -95 91 -103 88 -110 90
128 80 126 84 160 -10 121 14 157 16 179 13 97 0 79 83 74 80 73 17 141 11 102 84 93 20 118 14 12 -48 8 -48 63 82 46 16 66 24 -16 76 -23 83 -31 83 -38 82 -47 83 -55 82 -62 82 -70 82 -78 82 -88 84 -94 80 -102 82 -104 15
184 -22 129 76 120 74 167 9 188 6 142 8 95 73 79 73 81 8 119 8 139 5 103 8 124 8 87 8 108 10 87 9 5 74 55 73 45 74 -16 74 -22 74 0 -4 -14 -120 -10 -14 -34 -118 -9 73 -72 76 -78 74 -33 73 -96 76 -104 75 -110 74
136 67 177 -32 176 66 196 -2 192 3 97 65 89 64 79 -8 0 -55 150 -2 139 -3 132 -2 123 -1 116 0 17 -64 7 65 6 63 89 0 -8 68 39 65 32 64 42 0 15 67 7 67 1 66 -7 66 8 2 3 -1 -4 -2 -1 -4 -91 -16 -56 64
171 -20 136 8 204 -9 102 -22 104 58 153 -9 163 -9 119 -10 1 56 53 16 56 59 52 54 17 56 89 64 66 57 9 -73 -1 -4 105 56 -9 56 -15 57 -8 -10 15 -4 7 -8 0 -4 -2 -4 -8 -4 11 -9 4 -6 -97 56 -94 58 -17 -8 -112 56
136 6 184 -19 205 -17 104 47 158 -16 87 47 177 -21 73 -17 160 -18 65 50 10 32 34 48 126 -15 36 49 116 -18 9 50 46 -16 57 49 -8 52 -16 49 -24 51 -5 -144 -47 52 -47 50 -8 -12 -16 -18 -14 52 -84 -80 -93 -80 -103 -78 -113 -81 -92 -16
145 -23 213 -26 209 -24 193 -8 189 -21 86 41 66 41 163 -26 71 42 68 35 47 -88 41 -88 96 40 71 -48 108 -24 71 -23 89 -32 1 43 50 40 -23 -89 -31 -26 -41 41 -111 -57 -54 -87 -128 -56 -11 44 -66 41 -24 -23 -156 -92 -95 -73 -41 49 -92 -22
192 -31 183 -31 49 -65 110 34 96 24 98 24 79 18 80 -80 71 36 121 33 112 39 133 -33 41 32 96 -32 16 32 8 32 94 -36 6 27 48 -16 32 -32 -31 63 55 -31 -21 -132 11 -31 0 -32 -64 28 -16 36 -126 -34 -33 -94 -39 31 -113 -96 -121 -96
192 24 212 -39 159 -128 104 -124 167 -167 155 -40 78 14 70 -105 147 -36 153 -41 60 24 47 25 31 25 31 27 17 16 8 25 -1 -4 2 23 -1 17 -33 -42 -127 24 40 -40 36 -40 -55 -104 -1 -40 -105 -56 -81 -102 -25 -40 -130 -104 -104 25 -25 -41 -48 -44
228 -51 129 20 48 -80 41 -80 188 -50 153 -48 120 -112 170 -51 129 20 144 -47 140 -49 32 3 47 -1 39 -2 31 -2 23 -2 17 -33 -7 -110 -1 -4 -24 -114 31 -16 -35 -113 -38 -112 -48 -112 -49 -111 -72 -112 -120 -56 -4 -143 -99 -112 -19 -49 -20 -50 -24 -50
156 -56 184 10 212 -42 68 8 30 -107 23 -108 146 -32 164 -56 156 -58 149 -56 49 -121 41 -121 99 -183 56 -72 48 -72 22 -4 0 -4 -72 -183 -1 -4 40 -56 -112 6 -105 7 -47 2 -7 -96 -127 -60 -137 -55 -147 9 -144 -168 -80 -4 -103 -184 -142 -60 -25 -40
192 1 53 -112 16 0 33 0 15 -1 23 0 22 0 21 0 -58 1 20 0 -18 -115 131 -66 124 -64 115 -68 79 -64 70 3 21 -63 -1 -4 49 0 41 -63 57 -64 -39 -128 -115 -112 36 -48 28 -64 20 -65 -143 -96 -25 -31 -3 -67 -167 -68 -48 -50 -165 -4
63 -69 23 -16 44 -8 38 0 33 -4 24 -4 16 -4 11 -2 -4 -2 0 -4 -16 -4 -19 -5 -24 -8 -20 -8 103 -75 99 -71 53 -71 -1 -4 46 -6 -14 -137 -95 -104 54 -70 -39 -84 29 -68 22 -72 -68 -136 6 -56 4 -72 -31 -72 -48 -185 -20 -72 -185 -124
13 -25 8 -15 23 -14 -2 -14 -12 -16 4 -16 15 -15 -9 -17 -1 -16 -10 -16 -21 -16 -47 -9 -29 -8 -37 -8 -97 -16 -41 -16 -45 -16 76 -175 -127 -48 71 -77 34 -52 -29 -16 -47 -15 7 -16 -64 -78 -182 -26 -81 -143 4 -80 -118 -208 -103 -145 -111 -145 -184 -80
16 8 75 8 1 8 54 8 57 8 58 10 44 7 -23 8 -1 -4 17 1 -47 7 -62 7 -31 3 -74 -10 -87 8 -86 -23 -85 -22 -96 -24 48 -56 -6 -88 30 -88 -39 -154 34 -215 -3 -99 -125 -24 20 -87 -133 -156 -156 -137 -9 -86 -12 -88 -15 -73 -182 -18
33 -1 78 2 87 0 67 0 80 0 31 -9 17 -4 -46 8 -63 -1 8 0 -33 -10 -39 -6 -93 6 -39 -3 -16 -1 -120 -4 -50 0 -8 4 76 -99 40 -96 -76 -32 -105 -32 -106 -32 -104 -32 -107 -31 -118 -32 -143 -128 -140 -32 -160 -35 -161 -32 -196 -32 -199 -34
64 12 57 -10 52 -12 32 8 32 16 25 0 -45 0 -8 0 -63 -8 -7 4 -45 -1 -56 -9 -79 -8 -38 -10 -19 -8 -24 -8 0 -5 57 -39 -9 -168 -87 -39 -95 -36 -100 -31 -64 -7 -103 -8 -107 -32 -140 -40 -144 -40 -152 -40 -173 -42 -181 -41 -189 -41 -28 -105
64 4 72 0 63 1 -8 -8 40 8 32 0 -9 1 -7 -4 -15 -8 -8 -8 -40 0 -49 1 -31 -2 -32 4 -46 8 8 -14 64 -43 90 -96 -88 -41 -88 -16 -160 -9 -165 -16 -96 -16 -133 -50 -141 -50 -150 -48 -194 -48 -184 -56 -192 -56 -39 -84 -14 -97 -163 -48
65 -17 71 -12 64 0 71 -8 32 -8 25 -16 -9 -8 0 -4 -53 -8 -33 -9 -41 -8 -21 -9 -37 -15 -9 -25 -62 -58 71 -119 -63 -152 -46 -8 -102 -11 -64 -24 -71 -23 -117 -58 -148 -58 -125 -169 -174 -64 -152 -58 -144 -56 -189 -56 -4 -123 -73 -224 -223 -63 -209 -53
