128 193 135 189 80 191 50 192 49 130 39 136 69 125 103 55 95 62 16 120 0 120 51 132 33 128 17 128 11 128 8 128 2 127 -11 127 -14 128 57 129 30 124 -15 127 -19 126 7 129 31 128 -40 128 -143 103 -17 60 -112 142 -134 65 -120 130 -124 130
182 122 55 -8 112 54 136 27 129 24 37 120 31 116 100 40 57 119 52 120 49 119 43 119 42 118 24 120 45 112 37 121 100 103 10 136 -15 120 96 119 73 120 -104 122 -60 130 -66 120 -64 122 -43 116 -82 182 -84 118 -77 116 -98 118 -95 120 -109 117
96 128 119 49 112 49 104 49 127 46 73 113 31 113 60 112 130 112 132 128 48 112 72 104 61 112 -43 116 31 111 35 115 24 113 97 112 90 112 25 114 -95 113 24 16 -106 176 -98 176 -101 176 -139 117 -117 176 -35 114 -149 175 -135 111 -185 177 -151 111
80 104 171 104 142 104 208 106 127 103 195 104 16 106 73 105 81 119 96 97 159 104 103 105 16 118 17 105 33 104 35 107 -49 95 0 108 -55 104 -12 102 -51 29 -69 39 -17 40 -24 20 -74 26 -75 28 -64 32 -72 26 -76 31 -88 8 -93 26 -99 31
65 42 120 30 145 32 75 87 160 88 120 96 92 102 133 112 96 87 176 86 -16 96 41 96 45 98 17 96 -42 92 45 0 -58 160 24 1 -15 27 -72 94 -36 14 -105 -32 -31 16 -62 16 -72 20 -40 0 -88 18 -69 18 -79 21 -88 16 -91 23 -104 18
65 86 123 56 107 9 137 -4 108 90 168 88 31 89 8 88 90 88 126 72 -16 -40 32 88 43 90 -38 88 32 10 63 -15 -31 94 11 15 18 -4 -152 57 -39 7 -8 -8 -29 12 -39 12 -21 8 -54 11 -64 9 -70 12 -78 8 -86 14 -94 9 -102 14
200 16 98 20 133 9 138 -10 108 80 24 80 79 78 95 80 175 82 -72 80 63 80 49 83 44 82 -103 13 0 1 25 0 0 1 24 -12 0 1 8 14 -24 -8 -44 -1 -33 7 -20 -8 15 -14 -54 2 -61 6 -70 3 -80 2 -84 6 -93 4 -99 9
112 86 120 88 107 71 105 8 95 73 108 86 112 71 7 73 0 72 69 74 59 73 -15 72 -7 72 55 -24 -35 18 8 9 1 0 25 -21 15 -21 -5 -8 -81 16 -56 -7 -36 73 -61 73 -71 71 -119 78 -33 0 -58 -22 -65 8 -104 71 -116 72 -126 72
75 64 120 70 48 66 137 3 32 66 25 64 107 64 147 55 40 55 10 64 -6 64 72 -32 0 1 14 -15 -17 64 -26 64 0 1 33 65 -82 57 46 -8 0 0 -90 56 -92 128 -46 69 -61 62 -66 60 -67 -13 -89 -1 -60 24 -87 62 -67 64 -71 64
70 2 58 24 90 55 119 56 101 54 207 37 191 58 -56 56 50 62 88 -45 24 -8 16 59 -41 56 -40 -10 17 -13 8 -7 -1 55 0 59 -69 119 -10 -23 -32 -9 -4 -32 32 23 -47 8 -129 -72 -75 24 -1 24 -88 -9 -96 -9 -71 -5 -82 -7 -86 -6
180 48 -8 16 81 -16 103 51 207 50 23 49 16 48 147 -21 15 53 4 49 47 47 50 46 32 47 26 47 85 -48 -33 -20 29 -15 -18 16 -16 -17 -24 -17 -32 -17 -20 -22 -48 -18 -56 -17 -64 -18 -72 -18 -80 -18 -88 -17 -96 -17 -104 -18 -112 -18 -120 -17
127 -25 151 -25 -16 40 45 36 137 41 110 40 13 -86 21 44 96 -60 56 39 81 31 92 40 74 42 -32 -24 16 -25 7 -23 0 -23 -8 -25 -16 -25 -25 -24 -32 -25 -89 -39 -48 -25 -56 -25 -64 -25 -72 -25 -80 -25 -88 -25 -96 -25 -104 -25 -112 -25 -120 -25
119 -48 71 32 111 30 103 -33 65 -32 -40 32 79 -31 65 32 58 32 70 30 63 31 106 33 1 0 23 -33 16 -33 8 -34 0 1 26 0 17 -61 0 0 -11 -42 47 0 -48 -33 -56 -32 -64 -32 -71 -36 -80 -33 -66 -40 -74 -41 -82 -41 -91 -41 -120 -34
129 24 110 24 144 24 224 12 136 23 121 -81 112 -72 56 20 129 24 64 28 42 23 -7 30 31 -8 23 26 -9 -39 7 -43 -1 -39 -7 -40 -16 -38 -24 -40 -33 -39 -39 -43 -49 23 -26 16 -32 18 -41 17 -12 7 -20 8 11 24 -103 24 -111 23 -119 23
224 16 57 16 158 10 208 17 168 -48 120 -84 64 12 89 15 55 16 56 17 46 80 40 0 32 -47 23 -56 16 -49 8 -52 1 0 -25 -15 16 -48 25 -48 -23 19 -36 15 -18 13 28 0 25 3 48 0 40 -3 32 1 24 1 -74 14 7 -3 0 1
127 9 119 10 207 -8 40 8 48 8 36 9 79 8 73 8 96 3 -9 9 1 0 51 6 41 10 34 10 -31 7 22 8 11 9 -12 7 -20 7 -24 9 48 -4 73 -7 72 -12 48 4 40 0 8 -7 39 -5 1 -8 9 8 0 8 8 -7 -90 7
239 1 149 -1 217 8 40 -62 44 -48 81 1 83 0 184 -16 0 0 5 -1 1 0 0 0 66 -94 56 -96 1 0 1 0 0 0 3 1 -3 -3 1 1 -2 -2 8 0 47 1 39 1 -7 0 24 0 16 0 0 -2 11 0 16 -20 -8 0 0 0
186 -23 231 -6 -16 -8 53 -63 92 -8 90 -8 163 -10 9 -17 69 -56 34 -7 0 0 33 -9 -13 0 -25 -8 -32 -16 8 -10 14 -6 6 -8 77 -7 36 -4 -15 7 -28 -10 -40 -12 -39 -8 -50 -8 -60 -8 -69 -7 -75 -8 -83 -9 -80 -8 -10 -10 -56 -8
64 -16 161 -17 66 -82 120 -16 98 -16 88 25 88 -18 81 -18 53 -87 55 -32 74 -16 -23 -17 1 0 25 -17 10 -16 22 -6 0 0 -65 49 -15 -14 -21 -17 0 0 -26 -15 -36 -16 -44 -16 -59 -21 -65 -21 -71 -13 -97 -16 -65 -24 -72 -16 -112 -12 -24 -32
126 -22 55 -88 109 -27 119 -26 32 -87 87 -24 93 -22 37 -32 61 -25 81 -24 63 36 53 -20 33 -27 128 -28 23 -16 14 -24 11 -25 -72 -30 75 -24 96 -43 73 -24 3 -21 -111 -24 -26 -31 -51 -24 -68 -24 -30 -20 -16 -87 -160 -22 -150 39 -45 -23 0 -40
64 -32 71 -26 113 -32 88 -15 93 -32 90 -33 16 -34 33 -32 184 -52 -9 -32 9 32 23 -23 121 -33 72 -33 24 -112 40 -128 1 0 24 -32 79 -29 69 -28 -81 -31 -33 -32 -94 32 3 -157 -81 -32 -69 -34 -159 -32 -86 -1 -160 -96 -105 -47 -111 8 0 -50
113 -40 103 -40 70 -38 103 -38 75 9 128 -42 78 20 39 -104 131 -44 103 -40 47 -40 29 -40 31 -38 36 -36 -63 -41 14 -40 1 0 24 -40 -16 -56 -79 -40 -30 -108 -50 -39 -77 -104 -117 -67 -76 -48 -11 -40 -89 -40 -151 -48 -97 -55 -128 -24 -101 -42 -181 -41
135 -49 109 -49 97 -33 106 -110 64 15 57 -49 184 -46 26 16 75 -43 53 -48 58 -46 40 -46 137 -48 129 -48 121 -49 115 -49 1 -64 23 -50 9 -48 -104 -48 -32 -112 -44 -49 -34 -47 -58 -48 -119 15 -79 -49 -120 -48 -97 -57 -96 -15 -41 -49 -100 -52 -111 -47
127 -56 200 -65 65 -56 134 -152 56 -57 96 -55 65 -41 89 -57 65 -56 42 -56 35 -40 160 -74 47 2 39 -1 31 1 23 2 19 2 -71 -182 0 -2 -63 9 -63 -56 -91 9 -111 -56 -107 8 -96 -32 -137 -184 -79 -87 -89 -72 -161 -55 -88 -40 -171 7 -101 -58
130 -62 55 -192 143 -159 123 -94 152 -157 125 -151 112 -159 104 -160 21 -65 6 -72 2 0 93 -56 81 -62 74 -64 66 -62 1 0 1 0 6 -54 1 0 -69 -67 -1 -144 -55 -50 -112 -62 -88 -48 -64 -129 -73 -130 -81 -79 -46 -63 -97 0 -9 -63 -62 -160 -90 -164
63 -70 161 -161 131 -144 105 -138 117 -143 88 -138 80 -139 72 -138 64 -138 135 -104 79 -135 71 -136 1 -73 -23 -71 -32 -64 17 -69 7 -76 -1 -77 -8 -71 -24 -56 -21 -73 -87 -80 -63 -57 -62 -74 -58 -76 -49 -80 -207 -137 -64 -152 -102 -72 -105 -137 -160 -71 -161 -132
114 -66 119 -143 111 -145 104 -145 96 -145 88 -145 80 -145 72 -145 64 -146 56 -145 48 -146 40 -145 32 -145 24 -146 -28 -80 -35 -83 9 -80 -71 -89 -55 -80 -52 -80 -32 -145 -43 -80 -102 -16 -66 -80 -57 -85 -59 -81 -90 -80 -56 -145 -105 -81 -112 -80 -121 -80 -104 -160
128 -154 120 -154 112 -153 104 -154 96 -153 88 -153 80 -154 86 -136 93 -136 56 -154 49 -154 40 -153 32 -153 24 -154 16 -153 8 -153 0 -153 47 -122 -55 -148 -27 -88 36 -152 -9 -95 57 -89 -122 -87 -129 -151 -71 -151 -144 -216 -73 -87 -66 -84 -9 -85 -58 -84 -95 -120
128 -161 120 -162 112 -161 104 -161 96 -162 88 -161 80 -161 72 -162 64 -162 56 -162 48 -161 40 -162 32 -161 24 -161 16 -161 8 -161 0 -162 -7 -162 -3 -96 -72 -104 0 -192 -83 -32 2 -96 -56 -31 -62 -96 -73 -97 -119 -89 -79 -177 -135 -95 -140 -95 -129 -128 -120 -161
128 -169 120 -169 112 -170 104 -169 96 -169 88 -169 80 -169 72 -169 64 -169 56 -169 48 -169 40 -170 32 -170 24 -169 16 -169 8 -169 1 -170 -33 -96 -2 -104 6 -168 -12 -175 -40 -170 -48 -170 -56 -170 -64 -169 -72 -170 0 -136 -11 -136 -96 -170 -104 -171 -112 -169 -166 -188
128 -177 120 -177 112 -177 104 -177 96 -177 88 -177 80 -177 72 -177 64 -177 56 -177 48 -177 40 -177 32 -177 24 -177 16 -177 9 -178 -7 -113 -61 -49 -33 -144 -24 -178 -32 -177 -40 -178 -48 -178 -56 -177 -64 -177 -72 -176 -32 -192 -73 -193 -103 -191 -80 -195 -117 -112 -176 -50
128 -185 120 -185 112 -185 104 -185 96 -185 88 -185 80 -185 72 -185 64 -185 56 -185 48 -185 40 -185 32 -185 24 -185 16 -185 -6 -104 -8 -124 71 -176 -16 -185 -24 -185 -32 -185 -40 -185 -32 -215 -60 -197 -67 -201 -55 -200 -63 -198 -88 -184 -144 -183 -151 -119 -97 -199 -102 -192
