177 128 224 112 47 0 82 130 80 128 81 128 32 128 39 140 14 65 22 128 47 129 40 144 -38 129 -40 131 -64 128 -66 128 -63 127 36 132 91 135 88 136 1 131 -102 128 56 136 -63 126 -64 128 -141 128 -145 127 -89 144 -93 129 -102 128 -108 128 -115 128
111 120 120 55 113 55 184 39 69 129 53 121 81 120 27 121 64 136 -8 112 -32 120 -36 120 -33 119 73 117 115 126 95 120 -67 120 -71 119 29 121 26 117 17 119 -40 152 -53 123 -121 113 -20 124 -24 122 33 122 -9 124 -32 119 -94 120 -111 140 -155 120
123 117 57 145 111 128 41 144 86 116 83 115 73 115 88 108 78 112 55 128 -32 112 -23 112 109 55 -10 112 16 126 41 108 77 116 111 111 103 111 -88 48 -64 111 -7 14 -51 34 -58 30 12 8 -40 24 -62 35 -91 33 -79 35 -112 39 -89 37 -119 47
109 106 135 118 216 112 24 116 32 104 200 108 49 103 169 109 0 106 -7 103 -16 104 52 105 45 108 37 110 -44 100 -63 104 -5 106 -47 105 17 6 -45 103 -73 109 -41 105 -48 40 24 7 20 8 -95 41 -62 25 -88 40 -100 24 -111 23 -92 26 -124 23
97 95 120 32 145 32 76 100 193 101 23 100 72 110 9 94 0 96 120 98 112 98 48 101 32 112 24 113 -22 96 10 17 -15 17 -11 16 16 30 -24 96 48 -8 -24 15 -54 14 -37 18 -72 17 -76 16 -81 15 -68 18 -102 16 -84 20 -111 31 -100 21
160 -12 139 9 111 8 136 -4 96 101 23 92 48 88 136 68 113 88 106 86 31 93 48 88 35 87 32 120 -1 12 -19 90 -28 92 -16 8 -46 97 -63 90 -35 11 -43 7 68 -16 -37 11 -70 6 -56 9 -89 10 -68 10 -79 10 -84 10 -97 -9 -124 6
145 84 82 16 129 2 89 82 97 80 25 142 16 72 -1 80 -1 80 57 112 50 80 24 79 -14 78 -6 80 -24 14 19 8 -51 28 -14 -1 -22 -2 8 16 -74 16 -49 0 -60 0 -79 17 -63 15 -72 17 -87 -1 -88 16 -104 0 -109 8 -112 17 -120 16
128 72 56 72 107 76 100 -8 31 64 25 70 16 72 135 74 128 72 55 73 -3 71 24 72 63 -24 7 74 -1 73 -32 6 19 -8 -39 7 -16 9 -23 8 -48 76 -70 9 -46 72 -49 80 -64 90 -69 73 -128 82 -8 -31 -65 10 -118 70 -175 72 -43 72
109 68 48 72 80 32 87 -1 160 -4 153 43 129 63 1 62 19 62 5 64 32 65 24 64 27 66 -5 0 -1 49 -58 -63 -27 2 1 63 -16 84 -62 64 -10 13 -73 65 -72 64 -55 47 -137 62 -147 63 -120 64 -66 -8 -95 -1 -71 -1 -91 63 -201 65
33 -72 127 55 89 49 112 56 32 48 135 54 17 54 73 88 25 56 39 58 32 56 35 59 49 71 24 25 40 -17 0 -14 0 56 1 64 -54 60 40 -25 -31 -9 50 24 -47 -9 -55 -9 -63 -9 -71 -9 -79 -9 -87 -9 -95 -9 -103 -9 -111 -9 -120 -9
203 48 70 -16 110 48 41 47 32 47 152 48 135 52 23 49 14 56 40 49 48 64 -39 48 -29 79 -41 48 -16 16 -9 48 29 -15 -8 -17 -15 -17 -23 -17 -31 -17 -39 -18 -47 -17 -40 -49 -63 -17 -71 -17 -79 -17 -4 8 -95 -17 -103 -17 -111 -17 -119 -17
129 -25 94 47 81 38 173 -24 207 45 25 40 112 -58 26 48 38 45 -17 40 -22 40 -35 43 88 -87 -8 6 17 -25 11 -27 1 -22 -7 -25 -16 -24 -24 -23 -32 -24 -89 49 -49 -28 -55 -25 -63 -25 -71 -25 -79 -25 -87 -25 -95 -25 -103 -25 -111 -25 -119 -25
75 -20 96 33 128 50 105 -33 93 33 89 63 81 -31 68 34 57 33 42 30 37 31 -26 34 1 48 24 -33 17 -33 9 -33 33 -31 31 -21 16 -64 -6 -49 -11 -43 -24 -46 -47 -34 -55 -32 -64 -31 -72 -32 -80 -32 -87 -33 -76 -45 -84 -47 -111 -33 -119 -33
65 23 120 37 46 24 168 23 143 11 71 24 58 29 57 23 -8 24 20 24 45 25 40 39 29 -7 23 25 -16 -48 8 -44 -1 -39 -8 -40 -16 -39 -24 -40 -41 -47 -43 -56 -51 25 -128 24 -135 24 -141 25 -146 24 -154 24 -161 24 -169 23 -176 16 -183 15
192 18 192 15 160 14 40 16 65 14 53 19 64 16 73 32 33 15 -20 16 93 16 35 18 33 -48 56 -49 16 -49 8 -49 -4 18 -136 -44 17 -47 -61 20 -32 47 -35 12 45 18 22 17 -32 20 29 13 2 2 -8 8 -48 17 -52 12 -78 16 -41 16
63 0 57 7 175 1 169 6 72 8 75 9 1 23 -4 6 -16 8 -7 10 9 8 53 9 33 6 -17 9 1 17 -5 17 -5 16 -13 11 -20 10 -24 24 -96 8 61 9 40 8 40 10 17 8 12 10 16 4 10 9 9 9 -7 10 -61 2 -32 8
192 4 168 0 51 -2 73 0 79 0 87 1 17 -2 0 2 -6 1 25 -1 3 1 2 0 5 1 -9 0 0 2 -40 -1 2 1 1 8 -4 4 -99 -2 -96 0 -105 1 51 -7 48 -8 -32 -2 25 3 -15 2 -157 1 -166 1 -7 -4 -9 -3 -190 0
177 -25 39 -6 192 -68 54 -64 95 -8 104 -8 2 -8 -8 -10 46 -6 22 -8 38 -8 -9 0 16 -8 -24 -8 19 -11 23 -1 17 -4 -17 -8 -91 -8 -90 -5 -113 -7 -44 -9 -55 0 -60 -1 -68 -1 -70 -12 -67 -3 -87 -8 -102 -10 -93 -6 -184 -8 -26 -4
201 -22 202 -16 108 -97 103 -15 111 -8 88 16 95 -17 9 47 63 -82 23 -80 -15 -17 -39 -11 1 -17 13 -8 15 -15 0 -2 0 -15 -11 -16 -12 -16 -13 -7 -92 -18 -41 -1 -33 -14 -48 -16 -63 -19 -70 -19 -106 -17 -104 -16 -96 -14 -177 -16 -48 -83 -196 -17
64 -25 121 8 84 -12 113 -15 63 -54 93 -26 90 -18 84 -19 47 -24 -17 -23 96 -23 104 6 -2 -24 88 -26 32 -24 9 -8 0 -8 -32 -9 -82 14 16 -26 32 -26 36 -24 -110 -31 -57 -7 -65 -9 -58 -20 -160 -8 -168 -9 5 -18 -170 -21 -168 -24 -192 -24
193 -34 103 -32 108 -32 72 -63 79 -29 53 -31 68 -32 56 -32 0 2 -8 -31 161 -35 -18 -42 -29 0 74 -34 -20 -32 -8 -16 0 2 -75 -33 -90 -32 -97 -25 30 -40 -71 -33 -37 -27 -135 -16 -95 -32 -71 -34 -68 -31 -75 -28 -94 -32 -105 -96 -117 -30 -151 -33
97 -41 94 -40 73 -40 105 -32 143 -40 184 -56 80 28 104 -102 -8 -35 128 -42 46 -40 24 -32 -49 -40 -40 -58 -31 -41 -6 -36 -15 -32 87 -36 -8 -88 -23 -10 -33 -106 -6 -104 -176 -136 -88 -104 -76 -122 -75 -41 -161 -22 -136 -41 -85 -112 -105 -40 -144 -40 -199 -40
119 -49 93 -36 130 -128 73 -1 96 14 104 -24 80 20 71 -47 161 -40 26 -49 35 -40 41 -35 41 -47 -37 -53 80 -50 24 -32 -16 -47 -75 -49 -79 -49 -8 -41 -41 -119 -65 -47 -107 0 -59 -45 -96 -32 -94 -51 -81 -49 -111 -47 -127 -48 -176 -114 -195 -24 -112 -48
119 -55 118 -54 67 -58 56 -56 92 -56 71 -144 84 -104 39 -56 62 -54 32 -56 18 -88 -32 -52 5 3 -1 2 1 2 -6 2 -25 1 -81 -53 29 -56 16 -54 -13 -136 -45 -51 -41 -52 -51 -52 -89 -93 -75 -55 -114 -55 -55 -119 -145 -55 -182 -40 -115 -55 -118 -56
128 -49 31 -56 79 -63 99 -144 75 -60 65 -63 29 -59 32 -65 72 -57 55 -63 47 -50 90 -68 0 -4 -6 -4 -19 1 -27 1 0 2 -42 -126 -29 0 -65 -60 -32 -128 -8 -127 -54 -61 -88 -97 -113 -55 -200 -129 -18 -96 -136 -48 -48 -79 -103 -34 -175 -17 -134 -61
196 -135 152 -168 112 -137 105 -137 97 -137 131 -126 122 -118 104 -136 47 -68 22 -72 14 -72 20 -75 -6 -72 37 -72 29 -73 27 -73 101 -68 -11 -73 88 -65 -58 -72 -66 -71 -37 -72 -59 -72 -21 -105 -64 -137 -92 -68 -96 -136 -110 -72 -77 -72 -138 -72 -112 -104 -152 -73
96 -112 152 -145 113 -145 105 -146 96 -145 89 -145 81 -145 73 -145 65 -145 57 -145 72 -131 72 -142 20 -96 10 -78 -33 -81 4 -80 -1 -64 -15 -73 -1 -77 -12 -79 -95 -16 -72 -112 -69 -72 -59 -78 -63 -79 -73 -67 -111 -63 -107 -75 -143 -70 -136 -73 -60 -168 -137 -80
121 -167 111 -159 113 -153 105 -153 97 -153 89 -153 81 -153 73 -153 65 -153 57 -153 49 -153 41 -153 33 -153 25 -153 87 -183 -13 -87 -26 -88 -33 -88 -35 -87 8 -185 -33 -153 -41 -87 -36 -82 -103 -72 -73 -87 -120 -87 -97 -90 -56 -169 -102 -86 -166 -57 -113 -72 -145 -64
129 -161 121 -161 113 -161 105 -161 97 -161 89 -161 81 -161 104 -158 64 -162 57 -161 49 -162 40 -160 32 -161 25 -162 17 -161 9 -161 1 -161 -7 -161 85 -128 -24 -80 -18 -92 -103 -97 -1 -96 -10 -96 -177 -155 -72 -160 -121 -159 -8 -192 -80 -96 -91 -96 -99 -94 -143 -96
129 -169 121 -169 113 -169 105 -169 97 -169 89 -169 81 -169 73 -169 65 -169 57 -169 49 -169 41 -169 33 -169 25 -169 17 -169 9 -169 1 -169 -7 -169 -65 -94 -65 -104 0 -200 -8 -168 -15 -167 10 -96 -63 -80 -87 -96 -130 -104 -105 -103 -64 -169 -73 -200 -78 -168 -120 -169
129 -177 121 -177 113 -177 105 -177 97 -177 89 -177 81 -177 73 -177 65 -177 57 -177 49 -177 41 -177 33 -177 25 -177 17 -177 9 -177 1 -177 -27 -145 -47 -113 9 -211 -31 -177 -39 -177 -47 -178 -55 -177 -63 -177 -71 -177 -79 -177 -87 -177 -96 -177 -103 -177 -112 -176 -118 -177
129 -185 121 -185 113 -185 105 -185 97 -185 89 -185 81 -185 73 -185 65 -185 57 -185 49 -185 41 -185 33 -185 25 -185 17 -185 9 -185 0 -182 -32 -120 13 -182 -24 -185 -31 -185 -39 -185 -47 -185 -55 -185 -63 -184 -71 -185 -79 -184 -96 -191 2 -152 -105 -197 -129 -116 -120 -119
