210 128 151 96 175 135 160 128 159 152 163 128 136 126 145 119 148 112 -1 63 132 112 61 102 32 129 97 116 100 112 121 94 17 128 -8 112 -14 112 -89 128 -96 64 -33 191 -38 192 -46 192 -54 192 -64 192 -70 192 -80 192 -90 192 -107 191 -125 192 -117 192
192 112 117 180 205 121 103 106 192 112 87 88 168 106 167 88 120 103 88 119 105 88 136 120 78 112 115 101 119 113 72 80 52 112 81 107 -1 182 52 112 -99 59 17 121 -47 55 -46 188 -132 62 -60 192 -75 72 -82 74 -90 72 -99 59 -106 74 -81 72
177 101 162 40 140 64 114 176 191 94 173 91 16 32 170 111 127 73 85 115 25 112 128 95 78 101 71 96 81 99 20 175 0 208 8 13 -58 32 -24 114 -23 178 -22 17 -40 178 -40 12 -79 176 -55 12 -52 63 -82 66 -91 64 -99 60 -107 64 -96 64
136 102 103 54 95 169 127 11 172 92 205 95 16 104 88 84 82 104 48 105 -17 105 86 90 89 97 32 106 -50 48 15 166 -64 44 -75 46 -17 167 -87 42 -23 170 -22 7 -31 6 -33 11 -43 10 -56 6 -41 56 -68 10 -67 55 -103 56 -109 39 -119 56
56 24 191 95 115 50 85 157 166 97 164 99 64 80 154 62 127 57 -4 32 98 86 129 85 116 88 -40 34 -51 35 20 164 -66 37 -81 32 0 -1 -22 161 15 110 -107 39 -113 39 20 -16 -63 31 -58 0 -63 -2 -73 -1 -80 -2 -89 -1 -96 0 -135 47
197 81 50 23 191 88 192 -17 192 84 181 81 192 68 72 56 72 88 136 81 135 80 127 80 -35 28 -40 27 -47 28 96 80 12 157 -72 92 -79 7 -5 -10 56 80 22 112 23 90 -58 78 -4 80 9 80 -67 150 -102 152 -97 152 9 84 -80 88 -92 86
216 72 58 0 120 81 42 76 202 78 168 56 98 81 89 65 1 -2 144 72 135 72 -23 20 88 80 102 71 15 143 7 143 65 80 66 64 48 63 52 68 -49 144 -104 17 -61 143 9 84 20 48 -9 65 -47 -16 9 17 -85 17 -28 64 -14 64 -20 76
136 76 186 64 114 136 169 67 88 72 104 71 149 41 9 5 129 66 -8 12 -17 74 120 72 107 57 39 -25 33 -24 -60 136 90 72 56 63 -11 136 -23 7 7 23 -34 24 44 9 38 12 33 9 7 2 -53 8 -59 8 -68 8 -79 7 -88 7 -90 7
129 127 127 128 169 56 142 28 175 32 90 31 88 63 0 -2 0 2 134 54 95 48 76 32 69 32 27 47 23 128 9 128 -2 0 18 0 0 -1 3 0 -1 -1 -1 -1 -22 -8 33 1 16 -8 18 1 -53 0 -26 0 -1 -1 -78 -1 -81 -1 -89 0
147 -38 112 -37 46 58 169 119 104 119 184 24 169 -26 9 -5 -1 -1 147 56 146 39 124 40 33 55 57 -40 21 9 57 0 71 151 0 -1 99 -39 16 -56 32 -8 46 48 -46 -8 30 0 31 -9 -49 -7 -1 -1 9 0 7 -1 -80 -8 -84 -6 -95 -6
192 64 209 40 128 32 27 13 171 47 152 35 8 -16 160 39 138 48 135 39 137 39 136 32 64 16 33 -10 19 -16 24 -12 94 -15 87 -15 71 -15 63 -15 59 -15 53 -15 -46 -16 10 65 2 65 -7 65 -59 -40 -73 -48 -79 -48 -87 -50 -105 0 -118 2
145 40 160 32 221 24 104 8 95 43 152 47 16 -18 9 41 48 39 -9 44 80 8 104 104 138 -16 120 24 19 104 88 -72 -7 -57 39 56 -79 41 -87 36 15 57 -105 44 47 8 43 13 7 -1 9 -2 -31 10 -71 39 -79 39 -77 22 -83 16 -103 40
8 0 120 2 128 34 183 0 31 32 25 -30 144 32 119 17 108 22 147 8 19 -29 134 32 108 24 89 49 70 -38 23 -64 94 32 -11 -30 -21 96 -89 33 42 32 0 -1 -20 8 -39 32 -35 13 -41 10 -50 10 -71 31 -64 33 -73 5 -95 32 -91 33
119 25 201 -9 210 24 112 24 23 -40 151 39 161 8 105 -7 99 -8 123 9 136 16 104 18 120 16 92 15 107 13 72 20 77 14 111 15 84 22 67 -5 80 -8 52 -4 -31 24 -31 6 31 -9 24 -8 15 -16 -71 24 -67 -1 -73 0 -81 -2 -92 -1
49 15 154 -4 129 1 40 -45 33 16 168 0 175 -15 164 -4 128 72 121 20 137 8 -24 -43 -33 -40 -40 -41 93 7 57 1 101 11 72 0 18 -16 72 -16 -81 -16 57 1 12 -1 -64 -1 -76 1 -74 1 -82 0 -3 -1 0 -2 -105 -1 -95 15 -92 -8
144 9 152 6 184 66 40 10 142 0 90 -2 159 -3 151 1 124 -56 49 72 122 8 112 12 106 5 74 -2 80 -4 45 -27 84 -4 49 4 -19 -9 41 -8 53 -13 34 8 14 0 15 0 13 0 -6 3 -16 -7 -23 -5 -25 11 11 -23 -20 -16 -33 -16
128 -32 119 -32 49 -59 147 -15 97 -7 163 -8 151 -8 128 -8 0 -2 154 -32 74 0 41 -32 104 0 23 -6 98 -16 8 -10 -5 -17 55 -4 0 -2 0 -2 0 -2 -7 -31 39 -30 -12 -9 -12 -12 -7 -9 -8 -8 1 -40 -6 -36 -38 -27 -21 -24 -42 -42
209 -41 55 -8 165 -16 105 -18 32 -6 162 -20 159 -17 137 -8 112 -16 72 -6 71 -8 84 -8 105 -4 51 -6 -56 -73 9 -8 47 -15 24 -39 -16 -40 24 -48 0 -24 -103 -7 0 -8 -31 -25 -1 16 20 -8 2 -24 -12 -11 -87 -12 -169 -7 -113 -7 -96 -6
130 -49 176 -24 209 -30 200 -32 121 -18 87 -48 97 22 73 -81 155 -42 89 -34 112 -9 114 -24 129 -32 24 -16 88 -24 -55 -73 75 -24 17 -31 -17 47 36 -27 -45 47 -73 -16 -112 -76 -120 -13 -132 -73 11 -32 -80 -15 -24 -31 -97 -80 -103 -16 -73 -48 -28 -40
64 -22 53 -79 177 33 105 40 60 8 55 -24 102 -25 136 -16 160 -40 -9 -96 80 -40 88 -30 31 -38 69 -48 14 -24 -25 -13 -63 -23 23 -24 5 -40 61 -34 56 -120 58 -37 24 -24 50 -24 20 -29 -8 41 -93 -40 -154 -88 -113 -24 -25 -25 -67 -32 -48 -27
201 -48 201 -24 198 -47 175 -40 160 -23 153 -16 81 32 8 -30 132 -31 112 -36 60 31 64 -30 27 -1 12 -1 4 -1 -7 -2 0 -2 83 -32 -46 -4 40 -64 55 -136 8 -48 16 -32 56 -30 -130 -32 -87 -48 -68 34 -20 -20 -33 -24 -7 -32 -43 -36 -61 -48
202 -41 123 -57 177 -40 105 -136 106 25 99 23 96 19 6 -103 146 -52 130 -48 119 -48 64 -36 59 -39 51 -39 43 -39 35 -39 0 -2 47 -24 -52 -8 45 -44 -36 24 -31 24 -11 -40 -59 -105 -60 23 -73 27 -80 -88 -64 -42 -60 -40 -67 -72 -105 24 -32 -54
170 -84 53 -107 133 -139 197 -111 189 -111 94 -96 102 -96 98 -96 60 16 56 16 -16 -108 -31 -111 95 -53 101 -63 107 -64 120 -55 1 -64 49 -64 81 -48 41 -32 55 -58 -41 -52 -65 -112 -51 15 -128 -45 -83 -139 -16 8 -49 -64 -17 -63 -41 17 -47 -44 -187 -108
107 -56 117 9 116 -122 119 -120 121 -104 145 -119 113 -127 99 -121 97 -123 87 -120 62 -120 127 -118 27 8 25 7 94 -64 53 -66 72 -52 31 -90 49 -71 22 -71 -96 -122 -104 -55 34 -68 8 -56 -16 -70 34 -56 9 -65 -24 -55 -40 -60 -170 -114 -47 -60 -117 40
136 -1 115 -128 202 -128 200 -127 128 -128 119 -129 104 -129 135 -136 105 -136 66 -128 63 -127 146 -128 57 -127 38 -128 18 0 11 0 0 -2 0 -2 -10 0 -87 -63 -96 -62 59 -65 8 -65 -20 -97 -62 -74 -70 -1 11 -64 -24 -64 -64 -96 -68 -64 -81 -96 -116 -127
159 -134 151 -136 144 -136 135 -135 127 -136 123 -136 110 -135 103 -134 97 -136 87 -135 80 -136 76 -140 64 -136 57 -136 48 -136 104 -136 16 -136 -1 -120 -79 -71 75 -72 -96 -136 -41 -104 -23 -72 -54 -105 -66 -134 -135 -153 -72 -6 -79 -9 -53 -86 -37 -81 -47 -16 -104 -140
159 -143 151 -144 143 -141 134 -144 128 -142 119 -143 111 -142 103 -143 95 -142 87 -142 79 -143 71 -143 63 -143 55 -142 47 -143 39 -143 32 -144 8 -145 53 -89 37 -64 -47 -17 -39 -128 -56 -16 -54 -16 -67 -18 -74 -18 -13 -18 -80 -15 -90 -129 -103 -128 -23 -135 -119 -126
159 -151 151 -151 143 -151 135 -150 127 -151 119 -151 111 -150 103 -151 95 -151 87 -151 79 -151 72 -150 63 -151 55 -150 47 -150 38 -151 15 -152 41 -103 35 -102 -23 -153 64 -151 -11 -153 -15 -153 -41 -151 17 -153 -62 -150 -76 -152 -85 -152 -6 -140 -91 -184 -178 -26 -51 -73
159 -159 151 -159 143 -159 135 -158 127 -159 119 -159 111 -159 103 -159 95 -159 87 -159 79 -159 71 -159 63 -159 55 -159 47 -159 23 -160 85 -109 -5 -33 57 -154 7 -158 -1 -159 -9 -158 -34 -160 40 -150 -79 -144 -32 -200 -97 -33 -83 -148 -87 -31 -18 -104 -43 -39 -113 -32
159 -167 151 -167 143 -167 135 -167 127 -167 119 -167 111 -167 103 -167 95 -167 87 -167 79 -167 71 -167 63 -166 60 -168 -7 -40 72 -112 66 -40 23 -166 15 -167 53 -162 35 -169 10 -220 -65 -41 -44 -40 -46 -201 13 -157 -75 -167 -152 -164 -9 -112 -94 -39 -80 -154 -24 -166
159 -174 151 -174 143 -175 135 -175 127 -175 119 -175 111 -175 103 -174 95 -175 87 -175 79 -175 71 -175 63 -175 39 -175 95 -124 7 -176 33 -176 23 -174 15 -176 -6 -209 -49 -51 -21 -207 -37 -48 -55 -49 -59 -163 -69 -159 -77 -160 -105 -48 -82 -51 -87 -160 -76 -176 -73 -175
159 -183 151 -183 143 -183 135 -184 126 -183 118 -183 111 -183 103 -182 95 -183 87 -183 79 -183 71 -183 46 -184 65 -135 15 -184 40 -184 31 -182 23 -183 15 -183 -42 -58 -32 -55 -55 -56 -29 -212 37 -183 26 -172 -66 -170 17 -172 -103 -56 -73 -184 -88 -183 -80 -184 -87 -184
