175 129 213 48 153 126 175 0 30 129 14 32 16 124 8 124 -1 128 36 0 -16 126 -26 24 -32 23 1 0 -2 0 52 128 48 129 -73 125 -80 124 -90 124 -96 124 -104 124 -113 129 -121 131 -55 0 -136 125 -27 133 -42 126 -49 127 -16 126 -30 129 -31 130
183 119 168 121 210 62 37 117 30 121 155 92 16 24 -6 24 -33 -8 -72 70 80 -8 23 -8 127 55 -104 71 15 -8 53 120 41 119 -39 -8 -80 121 34 118 22 120 9 121 -117 121 -7 122 22 116 8 117 -25 123 -36 120 -48 124 -52 120 -25 72 -89 121
177 110 169 115 158 111 160 112 141 115 151 57 14 110 2 18 18 49 25 80 -40 79 -26 117 35 31 64 44 -11 58 -71 65 85 108 64 112 33 111 19 116 58 113 8 123 34 112 30 112 14 111 4 112 -1 112 -9 114 -18 111 -25 109 -35 109 -44 112
183 105 169 100 159 103 154 108 145 109 165 40 16 104 30 -24 35 -24 -10 9 -21 9 -24 102 80 100 95 -24 91 -24 3 -23 48 103 -12 -24 34 100 51 105 55 104 41 103 27 103 24 104 -19 100 9 103 -20 104 -10 104 -22 105 -29 107 -36 107 -42 107
28 97 55 97 163 94 40 98 27 97 23 99 3 0 8 93 0 93 -8 92 -16 97 -24 92 32 64 89 47 -49 1 54 101 63 -32 -78 95 31 104 26 95 -50 -32 24 100 16 96 -9 98 -130 97 -25 103 -30 100 -20 100 -17 97 -27 99 -32 98 -42 93
61 -8 48 -8 46 -8 9 58 -11 22 35 -5 132 72 -9 87 127 39 -7 23 -24 37 23 24 -72 31 -40 85 -50 88 74 -40 -64 24 -68 -16 -25 -39 25 87 35 93 33 92 22 92 -20 88 -16 91 -30 90 -37 87 -41 86 -49 86 -27 88 -35 88 -43 88
64 76 56 76 48 81 70 17 163 48 91 18 69 15 58 15 52 16 71 0 -15 15 -23 17 -96 48 2 17 -48 14 -68 -24 -68 79 25 9 -80 76 -23 48 11 78 24 80 17 79 -5 77 -164 82 -136 81 -147 77 -157 87 -160 82 -232 50 -24 80 -41 81
68 8 57 7 92 8 85 17 79 9 152 40 81 40 60 7 66 8 41 7 29 9 40 32 -33 9 -40 68 -111 39 15 16 -5 16 -9 29 24 9 8 0 -156 -8 -105 73 -52 -56 -126 72 -128 72 -143 -32 -193 -10 -155 70 -149 -31 -167 8 -119 7 -80 79
62 71 56 60 174 27 34 -32 33 -1 7 32 85 -1 57 1 3 -1 55 32 33 0 -25 0 1 0 89 32 1 -1 -103 0 3 -2 -7 2 -1 -1 -17 17 0 12 -9 23 -115 -33 -123 61 -128 60 -136 65 -146 -32 -155 -30 -160 64 -171 63 -159 -40 -186 -30
67 -8 24 -8 50 -8 172 24 98 -9 67 -8 -32 -8 73 24 49 -7 -52 -10 33 -8 7 -32 31 -7 25 24 82 23 12 -4 5 -7 -1 0 -15 4 -16 8 -32 12 -37 -8 -63 1 -121 52 -192 20 -136 52 -36 55 -153 53 -161 57 -171 53 -175 -9 -56 4
62 44 53 54 45 55 103 -16 78 -16 -40 -15 10 -48 -36 -32 28 -14 38 -16 37 -17 32 -16 35 -18 7 -15 -65 0 3 -16 1 -1 -1 -10 -32 8 -148 -26 8 8 -119 7 -48 15 -74 -17 0 16 -141 -47 -147 -57 -42 47 -48 48 -168 47 -212 24 -183 50
228 -20 56 38 176 -26 -16 -41 9 -54 29 -25 48 7 71 8 65 -24 -69 -24 -69 -48 -76 -28 23 -25 6 -24 16 -23 9 -21 -1 -21 -8 -8 -13 -26 43 -12 -127 12 -140 -24 -112 -9 -120 -26 -178 8 -138 -55 -146 43 -38 45 -49 37 -158 -65 -18 -8 -26 -8
64 33 32 0 -7 -57 34 -64 -4 4 -8 8 79 0 70 -28 91 -40 40 -31 88 -32 -56 5 -33 -64 -40 -32 -49 -21 -57 -33 0 0 4 -40 -12 -26 -41 -31 -50 -31 -114 -49 -77 -15 -77 -25 -25 -16 -138 40 -39 -27 -79 -48 -144 -62 -54 -96 -36 40 -71 35
63 29 53 29 -2 -64 163 -31 158 -12 91 -41 64 -40 13 -41 103 -39 36 -40 62 -40 53 -39 47 -40 88 -104 -48 24 107 -40 -67 -72 -76 -72 -85 -72 -21 -39 -22 -40 -40 -32 -45 -40 -73 -39 -124 -32 -137 -40 -145 -40 -152 -40 -63 25 -165 -40 -44 24 -73 21
190 -40 56 -80 47 -78 37 -79 28 16 16 -32 11 25 9 -48 34 -16 70 -48 77 -17 3 -2 -12 16 24 -40 -1 -47 47 -32 -90 1 -105 3 -144 -79 -9 -49 -17 -48 -25 -47 -126 -77 -184 -8 -25 -54 -71 -49 -77 -64 -87 -49 -112 -47 -63 18 -192 0 -217 -112
64 8 56 8 48 9 199 -57 31 -87 113 8 191 7 139 -87 63 7 56 25 -2 -97 84 -24 -10 -24 40 -56 15 -42 27 -56 2 -46 11 -57 -42 17 7 -25 -32 58 -39 -46 -45 -49 -57 -36 -63 -42 -73 -41 -130 -24 -147 -56 -47 -56 -33 -25 -111 -57 -185 -56
174 -1 206 6 199 1 181 1 190 20 152 -1 140 -4 5 -2 127 -65 57 -72 52 -56 41 -56 41 -56 41 -63 49 -32 8 -48 15 -49 -26 16 16 -56 -21 -126 -100 0 -40 -128 8 0 6 0 -14 0 -40 0 -31 5 -57 1 -9 -64 -72 1 -80 0 -38 0
64 -7 182 -104 189 -136 -24 -72 31 -23 24 -8 144 -56 5 -10 64 -38 106 -8 111 -73 64 -60 44 -59 48 -64 21 -47 -59 -70 -100 -32 -73 -11 -80 -8 -88 -8 -100 -4 -41 -135 -48 -136 0 -8 -8 -7 -8 -3 -16 -8 -16 -8 -51 -11 -24 -5 -36 -4 -40 -7
183 -17 63 -80 -8 -84 102 -49 48 -126 120 -47 0 -8 103 -79 0 -84 53 -33 112 -80 40 -63 16 -15 4 -80 -49 -65 71 -70 -64 -15 41 -77 47 -83 -39 -81 -27 -80 -168 -62 56 -72 -39 -79 -49 -78 -57 -78 -68 -82 -155 -81 -18 -17 -24 -12 -36 -13 -38 -14
1 -57 24 -88 184 -24 40 -24 166 -56 120 -72 176 -88 76 -94 -61 -97 23 -97 46 -88 51 -74 5 -70 72 -55 24 -80 -20 -56 -96 -88 -72 -88 56 -22 32 -23 0 -24 40 -28 33 -24 18 -28 11 -28 2 -28 -144 -26 -39 -19 -20 -24 -24 -20 -23 -23 -25 -89
212 -36 192 -33 143 -31 57 -136 195 -88 47 -159 17 -80 132 -68 -18 -31 -9 -34 -17 -96 8 -104 0 -64 30 -96 32 -80 63 -31 44 -28 56 -32 32 -32 32 -32 16 -35 7 -35 3 -35 3 -34 25 -31 23 -29 -4 -28 -8 -31 -20 -30 -168 -30 -30 -32 -43 -34
208 -37 199 -37 191 -37 181 -40 174 -40 136 -44 126 -88 87 -95 83 -104 56 -80 64 -89 84 -73 28 -104 42 -104 -47 -40 -32 -160 65 -168 87 -104 -47 -137 -5 -103 -67 -27 -75 -22 -80 -25 -91 -25 -64 -88 -71 -96 -80 -95 -49 -40 -20 -37 -24 -41 -36 -36 -42 -36
209 -48 198 -44 207 -46 187 -48 171 -44 151 -113 80 -79 37 -33 81 -98 55 -100 -18 -111 48 -113 32 -103 24 -109 -50 -111 51 -80 1 -88 -8 -97 -1 -100 -40 -47 -52 -47 -56 -48 -64 -47 -95 -47 -50 -99 -72 -102 -64 -97 -9 -47 -16 -47 -17 -47 -31 -49 -42 -46
205 -56 209 -55 147 -55 182 -57 176 -52 183 -55 114 -121 40 -56 80 -120 79 -112 49 -88 75 -89 64 -121 42 -121 16 -120 8 -116 1 -103 8 -121 -17 -113 -20 -110 -27 -114 -25 -120 -50 -112 -40 -104 -68 9 -58 -108 -67 -119 -167 -56 -7 -56 -40 -58 -32 -56 -40 -52
207 -61 200 -64 209 -144 143 -55 181 -64 -7 -128 89 -117 107 -95 80 -115 -72 -125 57 -127 55 -127 38 -126 -10 -81 20 -126 25 -112 34 -95 8 -115 -82 -127 -92 -127 -24 -135 -16 -124 -12 -136 -56 -105 -96 -64 -69 -96 -100 -63 -50 -132 -68 -147 -15 -63 -30 -63 -39 -62
207 -69 200 -68 192 -69 199 -71 112 -136 94 -134 80 -135 105 -105 72 -120 94 -131 -80 -129 75 -104 30 -140 -25 -120 9 -15 5 -5 -2 -6 -31 -76 -144 -136 -15 -120 -160 -136 -101 -168 -31 -135 -48 -120 -57 -120 4 -68 -16 -135 -85 -136 -78 -137 -27 -69 -33 -72 -40 -74
208 -76 191 -161 45 -79 62 -144 33 -145 96 -138 88 -145 76 -127 102 -144 -10 -143 114 -76 72 -80 131 -136 -39 -144 -47 -145 26 -128 12 -129 -8 -132 16 -150 -33 -145 -31 -144 26 -128 -114 -152 -117 -146 -129 -175 -135 -144 -55 -109 -82 -128 -53 -63 -18 -79 -31 -77 -41 -81
205 -87 195 -85 190 -90 184 -85 104 -129 25 -160 97 -140 72 -151 64 -120 128 -88 125 -84 120 -84 111 -85 98 -88 96 -88 96 -92 94 -145 -70 -152 -17 -168 -29 -35 -100 -151 -139 -151 -63 -152 -16 -148 28 -88 12 -88 11 -89 -6 -86 -16 -84 -24 -85 -32 -84 -43 -84
209 -95 201 -97 189 -92 168 -192 88 -161 125 -130 111 -159 72 -160 -2 -159 135 -92 126 -92 119 -95 111 -92 103 -97 95 -92 88 -94 80 -93 -24 -163 16 -95 50 -100 0 -96 -8 -95 7 -95 40 -98 -14 -90 8 -95 0 -93 -8 -96 -16 -92 -16 -158 -29 -223 -42 -96
208 -106 199 -104 207 -103 38 -169 103 -167 92 -151 -44 -175 72 -134 144 -104 135 -100 127 -100 119 -100 111 -100 103 -100 95 -100 88 -100 64 -166 65 -104 60 -104 39 -105 15 -105 10 -101 -113 -103 -118 -168 8 -105 4 -100 0 -100 -8 -104 -16 -104 -104 -159 -46 -156 -181 -168
225 -177 175 -112 42 -174 102 -174 96 -175 23 -175 15 -113 103 -183 144 -109 135 -108 127 -108 120 -109 111 -108 104 -109 96 -109 -57 -112 76 -108 72 -112 -83 -115 -49 -240 23 -107 10 -113 22 -108 22 -112 19 -111 2 -108 -1 -112 -8 -108 -17 -112 -192 -223 -178 -176 -184 -112
200 -116 184 -216 179 -171 107 -175 32 -175 24 -118 -40 -196 144 -120 129 -121 118 -122 110 -122 105 -123 110 -119 102 -120 106 -120 88 -124 64 -120 78 -88 67 -114 56 -121 51 -120 40 -120 33 -120 9 -123 12 -120 8 -116 0 -116 -10 -119 -30 -123 -168 -124 -72 -169 -248 -184
