179 205 148 132 120 190 145 208 140 207 140 202 136 192 120 204 116 202 91 129 125 185 105 205 73 192 60 192 71 208 72 207 -2 183 32 192 47 225 -21 184 -37 183 -45 183 -48 185 -1 208 -61 184 -100 186 -89 187 -51 192 -62 192 -52 208 -49 205 -64 208
175 184 165 184 176 197 101 175 148 202 140 200 136 184 122 196 116 194 120 -8 80 -8 89 187 78 184 13 7 16 15 -51 1 0 8 -16 174 -1 180 -27 175 5 184 -32 180 -11 184 -46 183 -52 182 -103 184 -85 195 -97 188 -128 180 -136 184 -147 180 -117 183
25 30 200 96 141 115 156 192 143 177 130 176 111 115 114 176 96 114 82 116 83 114 69 115 62 115 76 192 16 167 11 167 46 189 33 176 30 176 -55 171 -24 172 -73 171 -75 171 -52 176 -83 166 -73 167 -85 167 -88 167 -130 173 -136 172 -148 175 -145 176
177 177 164 170 163 169 166 181 142 168 140 175 128 172 124 176 113 179 105 181 100 175 87 169 83 175 8 -8 77 -24 38 106 47 182 40 168 41 168 31 168 -39 160 -3 167 -72 160 -47 164 -61 160 -10 168 -6 200 -48 168 -100 160 -91 166 -151 181 -134 166
179 169 171 169 163 169 167 -32 49 -17 23 -32 16 -11 39 1 61 -15 71 -16 83 96 -57 -31 -33 -32 108 38 66 170 52 162 -12 -16 25 98 31 160 40 174 -33 151 0 160 -53 153 -88 157 -84 152 -24 176 -39 160 -46 160 -40 176 -41 173 -116 150 -120 156
66 -20 120 -24 113 -16 105 -17 51 -16 23 -39 -8 -10 9 24 1 25 -9 32 125 39 -60 -6 58 92 24 -40 78 -40 71 -40 46 152 -9 -23 62 39 39 -40 30 -40 21 165 -4 152 -58 143 -65 143 -22 160 -16 -40 -40 152 -46 162 -52 159 -44 39 -128 142
129 -32 75 -35 66 -37 39 -48 17 32 31 21 154 16 42 -16 -16 32 -9 17 -12 -48 -13 -26 109 33 -21 -38 17 -34 60 144 -47 11 -12 16 -81 -48 -90 -48 44 32 23 -48 15 -48 -1 159 -10 160 -20 145 -36 144 -142 -32 -47 154 -55 156 -57 153 -199 32
64 -56 17 -23 196 14 40 -56 -30 -24 19 -56 16 -56 140 24 17 8 14 -40 45 -39 -60 -25 -15 -40 73 143 -87 -25 -52 -56 -49 -32 -89 28 56 6 -55 8 -96 23 -168 -24 -118 -50 -7 145 -1 149 -21 144 -38 136 -40 152 -49 136 -53 143 -104 -34 -119 -39
180 135 152 65 166 136 57 -48 -13 -35 8 18 2 16 12 -64 -57 -32 -4 -64 1 -40 -6 -44 108 14 -62 21 98 15 92 14 -61 -64 -73 13 -104 16 -107 0 -101 -63 -101 -64 -108 -64 -116 -64 -13 136 -22 138 -30 134 -32 128 -44 143 -16 47 -176 -48 -105 -48
179 129 168 132 161 127 50 -52 48 -9 87 -8 -4 23 -55 -39 17 -53 113 -19 -17 -72 -59 -38 -21 -50 -41 -72 -49 -72 -38 -49 -65 -7 -87 7 -80 7 -86 -72 17 126 11 130 15 -72 -8 130 -131 -72 -183 -40 -29 127 -45 120 -60 120 -73 59 -48 -72 -88 56
180 120 170 122 161 121 105 -64 -5 -49 25 -80 29 -60 21 -59 144 0 55 -16 -17 -80 109 -1 80 120 -96 -52 -46 -80 -120 -48 -79 7 -76 -80 -85 0 -88 -80 -93 -71 -44 -63 -51 -62 -56 -64 -12 118 -21 121 -33 125 -25 -80 -51 112 -53 120 -50 125 -133 101
177 115 172 111 175 -88 153 113 47 -68 20 -73 15 -69 72 -72 -15 -24 -10 -88 -31 -8 -25 -88 104 -26 83 -33 64 113 51 104 35 42 40 115 36 114 9 40 31 -88 42 -15 -49 -72 -57 -71 -191 -56 -132 -88 -140 -88 -93 -7 -101 -7 -33 39 -65 40 -9 24
178 105 172 103 65 -74 166 -96 -20 -64 136 104 112 31 8 -96 17 -80 118 -96 -13 -71 40 -32 75 -39 55 -40 28 -38 -56 -96 -4 -81 57 109 36 115 41 109 13 96 8 96 23 -32 -24 33 -12 104 -22 104 -32 100 -25 95 -104 -80 -74 -96 -76 96 -72 96
127 -40 117 -39 178 -104 153 98 146 100 140 95 140 -104 107 88 105 88 68 42 73 -48 109 23 -31 -81 105 -35 -48 -24 -10 -41 72 -22 -7 -9 -10 -8 -23 -5 -30 -40 -39 -7 -39 -7 -124 -28 -141 -22 -152 -12 -155 -20 -53 24 -32 24 -29 9 -114 -89 -184 -104
176 80 157 17 157 81 136 95 101 77 88 76 124 80 70 71 23 114 89 18 48 -112 110 -33 104 -33 94 -33 -55 -80 26 -53 -63 -32 -9 -16 -14 -48 -84 -111 7 96 6 80 -10 80 -57 71 -69 75 -110 112 -22 16 -51 80 -62 18 -72 16 -54 16 -87 80
167 83 182 72 115 -119 150 72 65 -119 -8 -92 141 71 136 -120 127 -120 101 73 120 -62 74 10 -31 -72 -36 -72 40 -55 -41 -55 -64 -47 45 80 33 80 23 82 11 72 13 90 -51 63 -61 63 -69 65 -75 64 -98 65 -92 65 -16 70 -97 74 -106 72 -151 76
180 72 161 79 149 2 138 0 159 -68 121 -1 13 -112 139 -56 112 72 120 -48 -15 -63 104 -128 -51 -65 24 -26 -49 -57 -72 -48 63 -32 54 -128 -17 -124 24 67 -113 -128 28 -48 -7 80 -21 64 -33 -63 -103 -80 -14 -48 -152 -126 -67 65 -112 64 -110 64 -105 65
162 -136 112 46 168 56 -8 -88 111 56 40 -72 144 -40 9 -71 79 -8 16 -124 82 54 -56 -40 31 -37 56 -72 90 -73 17 -40 65 -57 32 72 36 -8 16 56 -36 48 -64 48 -42 54 -49 55 -63 56 -102 56 -63 56 -81 57 -99 47 -95 54 -113 47 -112 49
105 53 110 47 108 48 104 81 63 46 83 79 113 49 110 48 65 -121 73 -64 127 -64 48 -50 48 -48 24 -128 -63 -80 -52 -80 2 -144 25 -14 32 48 21 48 15 48 -26 -48 -33 -48 -42 -48 -48 -48 -8 47 -17 -48 -6 48 -117 43 -106 41 -80 48 -151 44
124 48 88 47 113 47 104 39 56 48 94 39 85 40 90 40 -5 -144 56 -35 60 -84 61 -88 -16 -88 93 -71 16 -58 37 -86 -30 -120 61 -73 50 -87 -16 -55 -31 -38 -40 -37 -47 -38 -54 -37 -61 -37 -54 -92 -156 -89 -88 -88 -86 38 -92 40 -105 38 -114 38
89 40 124 34 80 32 104 32 128 -34 47 37 76 32 80 26 -2 -84 81 -95 53 -64 74 -95 112 -80 25 -81 93 -86 40 -64 71 -81 -63 -96 -80 -96 -23 -63 -113 -97 -104 -88 -114 -78 -49 -63 -134 -123 -70 -28 -17 -96 -29 -105 -100 23 -125 24 -118 28 -112 30
118 24 83 24 92 24 112 26 106 22 168 23 92 23 70 -152 127 -105 117 -105 45 -73 -25 -168 96 -104 -55 -104 80 -98 40 -103 4 -56 -72 -104 -32 -104 -24 -104 -72 -111 -105 -88 -111 -96 -104 -144 -95 -120 -135 -41 -17 -44 -55 -112 -29 -93 -43 38 -75 24 -154 24
120 23 87 16 108 16 92 16 63 16 60 12 109 -80 147 -97 65 -128 80 -110 -22 -114 -39 -112 63 -50 26 -112 -49 -103 -8 -108 5 -6 17 -8 -17 -103 0 -102 -8 -128 -97 -175 -16 -46 -56 -48 -113 -112 -72 -104 -89 32 -159 -176 -10 -96 -88 -113 -133 17 -119 23
108 16 103 11 87 16 105 24 157 -184 151 -184 87 -103 -9 -117 0 -100 43 -118 -20 -104 136 -57 66 8 62 8 48 -54 40 -56 23 -53 -64 -120 -96 -136 -71 -120 32 -88 40 -104 -111 -119 -65 -159 -59 -183 -40 -55 -47 -54 -121 -119 -47 -57 -136 12 -111 7 -117 11
114 4 127 0 146 -62 143 0 105 -3 95 -2 80 -192 73 -137 64 -128 89 -111 -33 -125 3 1 26 0 -7 0 -4 -1 -24 0 1 0 -4 -5 15 -61 -39 -152 -37 -111 -5 -127 5 0 -28 -64 30 -64 -58 -4 -114 0 -104 -4 -124 7 -93 -2 -33 -2 -39 7
165 -8 91 -12 118 -11 107 -7 76 -10 193 -8 35 -139 -7 -137 4 -135 -24 -120 78 -7 30 -4 8 -2 12 -4 8 -2 -16 0 -11 -8 -8 -8 -74 -130 5 -6 -64 -8 -40 -17 -47 -17 8 5 -8 26 -76 -17 -112 -4 -92 -4 -95 -1 -37 -8 -52 -119 -186 -200
128 -76 124 -76 191 -15 170 0 110 -16 -7 -128 144 -112 104 -136 18 -185 -24 -144 36 -8 28 -10 16 -12 18 -12 -2 -8 -4 -12 0 -12 65 -97 -43 -13 -24 -1 16 -7 -14 -76 -3 -16 -21 -78 -96 -16 -104 -16 -78 -16 -116 -3 -91 -17 -121 -1 -48 -208 -57 -208
66 -88 151 -22 127 -23 104 9 143 -21 171 -135 21 -181 33 -200 115 -19 -7 -151 53 -26 55 -24 -5 -8 28 -16 -1 -8 -29 -15 61 -87 71 -32 48 -25 -56 -8 20 -7 -32 -22 -52 -31 -82 -32 -64 -8 -79 -27 -92 -22 -59 -84 -36 -24 -224 -184 -175 -193 -59 -215
198 -156 103 -192 114 -38 207 3 96 -208 88 -176 79 -169 168 -112 80 -208 119 -22 31 -16 -24 -224 62 -160 -10 -128 -48 -224 113 -97 -5 -209 59 -140 -16 -162 -23 -160 -1 -31 -56 -28 -67 -28 -72 -31 -100 -34 -78 -34 -68 -33 -86 -32 1 -112 -72 -32 -78 -32 -140 -23
67 -175 164 -25 199 -24 9 -205 97 -137 23 -159 108 -100 116 -40 -32 -201 120 -7 54 -41 80 -40 74 -40 56 -104 -6 -39 -26 -40 5 -7 55 -104 79 -103 -58 -37 -52 -32 -57 -37 -49 -32 -47 -41 -80 -40 -78 -40 -99 -40 -113 -40 -95 -40 -122 -46 -103 -40 -136 -42
17 -208 121 -32 151 -31 136 -114 156 -160 52 -53 77 -57 131 -33 96 -49 62 -47 15 -52 17 -55 69 -44 86 -47 73 -15 9 -47 -20 -48 -23 -40 -25 -47 -40 -45 -50 -42 -58 -42 -56 -48 -88 -48 -102 -35 -91 -45 -89 -32 -24 -49 -132 -39 -117 -47 -119 -40 -128 -44
161 -217 167 -49 147 -113 89 -49 124 -56 88 -40 115 -56 136 -135 51 -55 53 -39 127 -56 86 -52 102 -140 -11 -61 3 -55 8 -47 -12 -52 -26 -53 -35 -50 -21 -55 -46 -40 -80 -49 -51 -232 -73 -217 -55 -167 -136 -232 -97 -169 -136 -184 -59 -182 -110 -48 -135 -58 -144 -47
