131 0 184 0 128 6 200 1 179 1 182 4 95 0 148 0 146 0 64 1 136 0 132 0 129 65 120 0 105 80 19 0 72 0 56 0 33 0 -43 0 30 0 27 0 -67 1 -52 0 18 0 -60 0 -100 0 -104 1 -103 0 -8 166 -16 164 -118 0
167 150 121 -4 199 -8 37 24 85 57 87 55 -24 94 127 64 108 50 115 -8 53 -4 39 -3 49 -8 93 24 23 -8 28 -4 -19 -8 -70 23 52 -8 72 182 64 161 54 176 0 128 39 155 -72 -8 -71 -8 -78 -8 -87 -8 -95 -4 -104 -8 -28 -6 -109 -8
99 -16 216 144 205 141 199 148 178 116 180 -16 152 -16 106 46 63 79 155 -16 145 48 120 -12 -29 15 21 47 20 30 -35 -16 95 156 105 136 -65 -16 -55 -15 2 142 -23 15 -24 144 -31 143 -27 142 -14 142 -47 144 -64 144 3 159 -70 -16 -97 -16 -94 142
184 104 233 133 116 -24 108 -24 209 127 95 -23 170 -24 164 -24 138 -24 127 -24 116 -24 133 -23 87 103 103 105 95 105 105 -23 26 136 -7 -24 97 127 72 144 6 136 -9 133 16 136 41 145 -61 -24 41 152 -19 137 -56 138 -91 -24 -69 137 -80 136 -84 136
114 -32 136 -31 92 -32 55 -31 176 -31 166 -30 156 -32 145 -31 138 -32 129 -31 125 -32 25 -31 -28 -2 89 -32 89 -31 -11 -31 15 -31 -22 -32 80 133 76 142 -31 -29 -7 130 -11 125 44 142 27 127 -74 -32 -76 -31 10 156 -64 126 -70 125 -76 126 -52 128
195 -40 196 -40 175 -40 117 8 163 56 17 -15 177 -39 143 -40 5 24 55 57 47 23 32 24 121 24 120 -39 2 -40 98 121 0 26 66 -40 15 -40 72 119 64 129 -10 119 -21 120 8 22 27 -40 -136 -40 -93 -40 10 136 -61 120 -70 122 -83 121 -64 120
198 -48 196 -48 48 -19 88 16 93 48 88 28 97 51 69 24 130 -48 -7 -15 28 17 36 18 80 15 -33 -17 109 12 72 -48 76 -48 54 -48 43 -48 -37 -48 64 121 7 113 -24 112 -17 112 32 119 -62 -47 32 -47 -137 -47 -13 -44 -148 -48 -72 112 -84 114
127 7 163 9 111 7 140 5 98 8 64 12 81 24 72 16 64 40 55 5 -13 -25 41 8 60 -1 91 -1 -56 -24 0 8 -59 37 -8 16 -17 7 54 24 47 -56 -53 -56 -51 -55 44 116 27 -55 -10 8 1 -55 -14 -55 -37 -56 -105 40 -50 39 -124 -56
193 -64 8 46 109 34 -8 -7 96 33 118 0 47 9 104 32 55 31 48 0 63 32 19 1 -31 -32 -42 -32 40 32 11 32 -20 24 1 -1 -9 0 -17 0 32 -64 56 0 32 -64 -45 -63 10 -64 -91 -63 -176 0 -20 -64 -8 -59 -32 -64 -128 31 -56 0
62 -8 125 -11 116 -11 39 -7 96 -23 125 24 105 -7 7 -41 65 -9 41 -10 49 -10 -24 -8 25 -8 35 -13 -87 23 10 -16 17 26 6 -8 5 108 -24 -4 1 -12 24 -6 33 -71 55 -71 8 -72 21 -72 -6 -72 7 -71 -24 -72 -42 -72 -240 -9 -247 40
215 -80 53 -48 4 16 89 16 82 8 71 -15 78 -14 57 -17 64 -17 61 -17 56 -16 45 -24 33 -16 60 -16 13 -8 35 15 17 17 8 14 -1 13 -39 16 -48 16 -42 -16 -51 -15 6 -80 -127 -55 -8 -80 1 -79 -79 -79 -80 -72 -167 -50 -128 -16 -122 16
65 -59 120 -28 112 8 86 -25 -32 -33 89 -26 63 -24 73 -24 64 8 40 -26 84 -24 33 -20 32 8 -23 -16 16 -24 24 8 17 9 0 -6 -14 -17 -27 -23 62 -24 -144 9 -48 -24 -56 -24 -64 -24 -8 -88 -109 -88 -104 -88 -92 -88 -106 -25 -117 -25 -122 -24
193 -96 23 -32 96 -32 105 -33 -6 4 87 -34 19 -33 107 1 49 -33 48 -32 3 -30 17 -27 31 -31 60 0 32 -2 3 -15 16 1 8 0 -16 -24 -23 -32 32 -96 -159 -36 21 -96 8 -96 -20 -32 24 -96 -16 -96 -78 -91 -93 -93 -8 -96 -92 -92 -107 -96
220 -104 18 -8 176 -104 89 -37 32 -32 83 -40 79 -28 67 -32 64 -32 65 -43 50 -40 107 -104 121 -20 120 24 14 -5 -89 -41 36 -8 -3 -7 -14 -48 -24 -8 -36 -24 -8 -19 -60 -37 -56 -40 -65 -39 -136 -39 -66 -40 -72 -40 -80 -40 -88 -41 -46 -72 -118 -100
6 -64 119 -47 176 -112 104 -49 112 -15 123 -16 129 -48 72 -48 100 -48 76 77 66 63 59 64 40 -46 89 -112 94 -112 -63 -80 83 18 42 -49 81 -104 -39 -17 -32 -24 -41 -56 -66 -24 -72 -48 -113 -39 -4 -111 -25 15 -32 16 -41 16 -60 16 -145 -111 -136 -112
209 -72 184 -120 179 -120 177 -120 168 -119 32 -88 125 -56 3 -86 79 -56 69 -25 51 8 44 8 34 6 24 -48 24 -56 76 -22 -66 -120 -72 -56 -82 -24 -8 -56 -16 -56 -42 -64 48 -120 -122 -56 -129 -55 -75 -57 -79 -56 -82 -56 -63 -23 -57 -56 -99 -112 -50 -24
218 -44 154 -96 197 10 170 -128 175 0 113 31 118 -33 75 -1 69 0 120 4 80 -64 22 -64 45 -63 38 -32 42 48 27 48 -33 -17 -40 -16 -19 -1 -55 -65 -8 44 -23 -63 -33 -53 -53 -73 -49 -33 -56 -30 -208 -65 -26 0 -46 0 -168 -97 -80 -31 -85 -32
127 -104 113 -134 81 -135 61 -136 52 -136 73 -135 47 -136 -4 -121 1 -7 1 -7 1 -7 41 -57 46 -71 37 -41 16 -68 -25 -24 1 -7 -103 -56 -142 -75 -38 -136 44 -136 -48 -136 -50 -136 42 38 -14 20 -16 -8 -32 0 -24 -1 -49 -8 -35 -7 -46 -8 -30 -2
63 -111 197 -144 176 -81 63 -111 63 -109 89 -93 15 -113 8 -111 129 -84 84 -8 88 40 8 -56 28 -24 -24 -80 49 -47 81 -144 65 -80 57 -144 -34 -144 -15 -144 -31 -143 -60 -144 45 15 36 13 31 19 19 15 12 16 11 30 -31 -144 -73 17 -78 16 -64 16
80 -88 183 -89 110 -88 40 -137 50 -88 151 -152 -47 -85 73 -57 105 -81 15 -120 63 -57 10 -41 72 -84 24 -92 65 -89 76 -152 59 -152 72 -152 47 -152 -31 -88 -28 -108 -26 -152 -42 -146 -42 -88 -66 -99 -72 -119 -9 -56 -95 -88 -65 7 -43 6 -52 8 -89 9
127 -96 168 -112 109 -61 168 -160 96 -64 136 -96 112 -62 75 -92 64 -65 44 -96 64 15 36 -32 97 -89 -42 -96 80 -95 48 -24 32 -64 74 -80 80 16 32 -32 76 -31 9 -1 -1 -7 37 -40 28 -40 21 -40 -76 -31 -39 -96 15 16 -71 1 -88 2 -114 -155
177 -136 127 -31 50 -138 88 -104 160 -104 194 -42 65 -121 -56 -89 132 -40 80 -72 49 -42 69 -104 45 -105 39 -72 16 -41 91 -37 -41 -168 -2 -152 -9 -151 82 8 -1 -7 -5 -6 -12 -10 -20 -8 -29 -10 -65 -9 -43 -136 10 6 0 0 -108 -163 -13 6 -86 -11
188 -18 186 -16 169 -18 135 -18 193 -7 81 -109 111 -80 72 18 68 -111 71 -111 120 -112 -25 -161 33 -111 -7 -113 -47 -49 9 -155 -45 -176 -44 -176 -59 -176 -91 -80 -17 -112 -38 18 -81 15 -65 -1 -129 -80 -72 16 -142 -176 -130 -176 -61 -18 -18 -46 -122 -175 -88 -16
186 -26 179 -24 108 -168 102 -168 155 -184 92 -117 47 -73 69 -58 75 -119 52 -57 145 -119 55 -88 48 -86 28 -56 113 -119 106 -104 50 -88 -73 -88 -1 -8 -5 -9 -65 -73 -73 -73 -81 -73 -89 -73 -95 -72 -40 -2 -48 -3 -20 -128 -40 -26 -70 -26 -78 -25 -89 -23
187 -160 120 -4 170 -34 165 -34 111 -39 88 -97 41 -83 82 -65 -16 -1 122 -104 47 -103 55 -96 63 -128 -41 -128 -81 -127 39 -96 17 -93 8 -96 1 -119 -14 -121 -21 -120 -31 -120 -47 -64 -88 -80 -31 -10 -41 -13 -44 -95 22 0 -62 -34 -70 -33 -79 -33 -62 -34
129 -197 151 -39 143 -39 136 -40 96 -153 104 -108 41 -89 96 -27 61 -72 56 -104 49 -132 84 -104 -29 -136 39 -78 32 -138 14 -124 0 -12 0 -106 3 -24 -14 -135 -16 -103 -21 -124 -48 -72 -41 -103 -97 -89 -104 -87 -59 -24 -24 -138 -97 -197 -8 -24 -71 -40 -86 -41
158 -50 58 -80 130 -200 120 -56 57 -145 122 -101 81 -121 39 -96 64 -144 89 -136 65 -143 23 -143 29 -88 -25 -144 9 -85 -56 -112 20 -28 34 -24 -112 -144 -119 -145 -95 -144 -69 -118 -176 -160 -55 -113 -59 -82 -72 -112 -77 -82 -88 -145 -96 -16 -8 -44 -88 -48 -84 -50
190 -58 120 -195 107 -167 122 -40 109 -120 68 -81 15 -31 64 -136 59 -136 151 -143 31 -120 109 -88 30 -118 55 -144 -17 -106 70 -24 -2 -88 -38 -104 -78 -186 -32 -120 18 -118 47 -216 -48 -120 -31 -120 -48 -120 -7 -153 -143 -185 -90 -144 -93 -128 -39 -154 -48 -56 -59 -56
94 -176 87 -160 113 -129 57 -160 109 -41 104 -127 111 -38 72 -151 64 -39 151 -56 144 -55 72 -88 121 -95 54 -97 19 -96 10 -96 14 -145 8 -148 16 -165 25 -160 32 -160 -41 -127 -46 -96 39 -160 -34 -89 -41 -169 -44 -160 -54 -34 -89 -99 -67 -65 -46 -66 -87 -65
162 -74 152 -74 136 -68 119 -55 32 -168 104 -54 107 -135 72 -137 113 -192 86 -74 85 -73 77 -71 64 -72 60 -74 50 -71 94 -103 114 -104 -59 -184 -81 -167 10 -42 -40 -144 24 -169 -33 -168 -65 -159 35 -61 -40 -76 -23 -104 -43 -104 -36 -74 -47 -74 -81 -72 -86 -74
185 -82 154 -81 47 -144 60 -177 137 -57 9 -32 59 -169 136 -175 126 -80 116 -82 109 -81 103 -81 92 -81 89 -80 73 -81 73 -81 65 -81 -8 -143 55 -111 49 -112 14 -239 5 -177 33 -112 -22 -196 31 -59 -41 -82 -49 -80 -33 -81 -39 -81 -69 -78 -113 -236 -115 -240
190 -88 57 -216 140 -185 120 -151 125 -153 89 -153 80 -152 136 -88 126 -89 122 -88 110 -89 101 -89 94 -89 88 -88 80 -88 65 -89 66 -248 17 -89 42 -91 12 -88 3 -85 57 -89 -40 -248 -65 -183 -42 -248 -72 -232 -18 -88 -28 -89 -39 -88 -71 -87 -15 -183 -23 -184
