0 2 -5 1 -16 184 40 191 33 191 24 191 48 188 41 187 32 192 29 189 15 191 4 195 29 191 22 191 15 209 -59 255 -64 254 0 220 -15 253 -23 253 -31 253 -39 252 -47 253 -55 252 -63 252 -71 263 -78 260 -181 191 -224 256 -232 249 -160 241 -121 250 -129 250 -179 258 -206 254 -200 240 -222 254 -231 255 -224 240 -231 241 -253 255 -267 260 -279 256 -287 256 -278 216 -239 197 -255 209 -253 195 -257 210 -300 257 -333 257 -343 248 -272 206 -420 132 -431 270 -440 294 -448 295 -456 294 -464 294 -472 294 -480 295 -488 296 -496 296 -504 293
0 9 -8 -4 1 184 7 223 32 183 24 183 16 187 42 180 32 185 29 181 42 182 23 181 28 183 24 184 -63 227 -59 247 -64 244 -56 235 -17 245 -23 245 -31 245 -39 244 -47 244 -55 244 -60 248 -114 239 -144 255 -96 188 -173 -8 -181 -8 -160 237 -119 232 -129 242 -135 245 -145 242 -149 217 -153 212 -164 212 -174 218 -181 218 -190 219 -248 233 -255 233 -264 232 -272 232 -280 232 -286 232 -319 247 -272 238 -328 255 -328 263 -291 182 -388 179 -368 183 -373 184 -389 -8 -430 -8 -452 122 -464 29 -472 29 -480 29 -486 263 -494 262 -503 262
4 251 -8 -16 -8 -4 -23 174 32 175 26 175 21 175 42 172 32 176 49 172 30 174 32 172 28 175 21 193 -48 251 -56 234 -66 241 -56 228 -19 235 -23 237 -32 237 -39 236 -47 237 -55 236 -63 237 -72 233 -81 224 -87 237 -96 236 -105 234 -109 208 -121 234 -131 235 -140 235 -136 204 -200 229 -160 203 -165 205 -171 204 -184 203 -196 235 -196 205 -256 225 -264 227 -276 228 -284 227 -292 227 -305 239 -321 250 -276 207 -270 180 -312 193 -275 189 -340 21 -312 172 -324 172 -352 178 -360 176 -401 177 -408 176 -416 175 -471 -2 -496 -6 -502 252
2 246 -4 238 -16 -24 -15 -20 -22 164 24 167 17 166 41 164 32 169 24 169 32 168 32 168 19 165 19 185 13 185 -9 204 -64 240 -71 233 -14 195 -23 229 -32 229 -40 229 -49 229 -55 229 -64 226 -71 229 -80 229 -88 229 -96 229 -103 227 -111 229 -120 228 -128 229 -140 227 -141 200 -200 220 -208 220 -166 198 -223 220 -234 220 -240 220 -252 219 -264 230 -281 263 -351 240 -360 252 -368 252 -376 233 -349 166 -392 266 -264 184 -311 174 -414 244 -424 270 -432 268 -439 241 -353 171 -336 164 -369 168 -378 167 -416 170 -488 161 -496 -13 -504 250
4 235 -4 231 -16 192 -18 -24 -5 192 -14 189 16 159 41 155 32 160 24 161 22 156 23 159 17 160 12 156 17 168 7 177 -1 176 -24 184 -80 227 -72 211 -28 187 -44 220 -51 220 -57 221 -67 219 -76 218 -80 221 -91 219 -100 219 -95 189 -160 212 -116 188 -128 187 -133 187 -192 212 -204 211 -208 212 -231 239 -304 225 -252 240 -197 168 -327 236 -336 244 -344 262 -352 262 -360 262 -368 262 -376 262 -384 263 -392 262 -400 262 -408 262 -416 262 -424 262 -432 242 -440 263 -448 226 -335 159 -369 161 -375 157 -400 161 -488 164 -495 97 -502 239
2 227 -4 225 -12 221 -20 -30 -24 -32 -40 140 16 151 9 155 33 153 23 153 1 152 6 147 11 147 -103 86 -112 229 -7 149 -11 152 -11 168 -80 223 -75 215 -95 220 -88 203 -96 203 -47 180 -65 179 -124 203 -137 215 -181 149 -223 228 -232 234 -240 250 -168 224 -180 203 -205 225 -142 168 -216 225 -216 217 -175 157 -230 -24 -252 -37 -220 168 -320 -40 -336 88 -344 231 -352 239 -360 231 -368 238 -376 231 -384 231 -392 254 -400 256 -408 254 -416 254 -424 254 -432 255 -440 258 -424 -35 -360 155 -368 153 -378 152 -402 152 -488 144 -494 88 -502 228
1 220 -7 219 -12 219 -24 208 -31 210 -40 173 -48 136 8 143 33 139 26 140 15 145 7 144 0 145 -9 145 -17 144 1 143 -14 142 -12 143 -19 161 -28 151 -96 215 -105 215 -113 215 -119 215 -125 215 -136 216 -65 164 -198 -48 -224 81 -231 222 -216 -48 -129 153 -131 151 -137 145 -159 159 -217 219 -224 215 -164 156 -181 146 -188 162 -192 160 -207 148 -212 148 -227 144 -259 145 -359 1 -368 221 -376 226 -384 226 -392 225 -400 231 -408 246 -416 246 -424 247 -432 226 -440 215 -414 165 -361 145 -370 144 -408 147 -447 144 -486 210 -496 220 -504 246
0 218 -8 238 -16 238 -24 238 -32 240 -38 215 -39 -45 -40 136 -34 137 -42 136 -51 133 9 132 1 132 -10 137 -17 136 -25 136 -36 140 -39 141 -30 132 -34 132 -25 152 -44 144 -51 153 -55 143 -62 152 -64 152 -72 152 -80 152 -111 133 -108 152 -114 152 -129 144 -126 152 -137 152 -137 152 -255 133 -175 134 -165 148 -179 153 -187 153 -194 152 -202 153 -211 153 -216 152 -268 -49 -293 -36 -364 208 -375 209 -383 214 -392 217 -400 214 -408 -26 -415 215 -424 72 -432 217 -440 243 -368 132 -440 134 -431 134 -471 209 -480 221 -488 238 -496 238 -504 238
0 231 -8 230 -16 230 -24 230 -32 204 -38 200 -44 200 -56 226 -57 -53 -53 128 -79 200 -88 185 -66 128 -74 126 -81 126 -118 204 -128 232 -136 230 -144 227 -151 204 -160 230 -168 229 -176 199 -179 176 -192 211 -200 230 -208 230 -216 230 -224 230 -232 227 -221 184 -244 201 -256 204 -263 193 -272 230 -280 229 -288 160 -220 -8 -191 126 -194 125 -195 127 -204 127 -205 144 -222 126 -227 127 -281 131 -356 -64 -376 203 -384 212 -337 129 -312 -56 -305 125 -382 -57 -423 -51 -431 205 -439 204 -448 202 -456 210 -464 230 -472 230 -480 230 -488 230 -496 230 -504 231
0 222 -8 222 -16 222 -24 207 -32 224 -40 223 -48 223 -56 221 -64 222 -72 196 -80 224 -88 221 -96 222 -104 222 -112 196 -120 222 -128 206 -136 222 -144 221 -152 222 -160 222 -168 222 -176 206 -184 223 -192 222 -200 222 -208 222 -216 222 -224 222 -232 222 -240 222 -248 222 -256 222 -264 222 -272 222 -280 224 -288 222 -296 222 -301 57 -306 56 -221 -8 -202 121 -206 120 -344 228 -343 57 -356 57 -368 62 -372 58 -384 -44 -280 135 -303 185 -308 185 -287 168 -305 123 -428 58 -440 228 -448 223 -456 223 -464 227 -472 -42 -398 88 -169 217 -175 217 -145 219
0 215 -8 213 -16 199 -24 194 -32 216 -40 215 -48 214 -56 215 -64 214 -72 214 -80 214 -88 214 -96 192 -103 189 -112 216 -120 215 -128 215 -136 216 -144 219 -152 215 -160 215 -168 215 -176 216 -184 189 -192 215 -200 215 -208 215 -216 214 -224 214 -232 215 -240 215 -248 215 -256 220 -250 -1 -257 65 -9 220 -64 112 -26 177 -59 165 -54 176 -62 176 -67 176 -87 178 -83 177 -87 182 -113 176 -121 176 -131 172 -173 48 -200 48 -200 16 -207 17 -172 173 -304 22 -187 170 -193 171 -202 171 -210 171 -263 47 -224 176 -232 173 -232 176 -233 176 -120 201
5 42 -3 42 -12 41 -24 196 -27 42 -30 -88 72 204 327 104 318 104 311 104 327 121 182 169 160 167 151 167 144 167 135 169 128 170 121 170 106 161 83 168 88 161 73 167 72 162 57 167 39 152 25 104 -126 72 167 104 159 104 87 201 142 104 22 169 0 167 -8 170 -29 165 -86 40 -94 40 -103 40 -110 40 -65 168 -76 162 -83 158 -91 159 -103 156 -108 159 -116 164 -123 165 -252 15 -242 8 -233 31 -263 28 -272 24 -282 24 -289 25 -297 25 -305 25 -302 24 -257 9 -219 165 -227 160 -231 164 -232 39 -241 167 -112 230
244 151 200 1 192 0 222 155 217 153 217 162 207 159 199 159 192 159 182 159 175 161 167 159 162 163 152 152 128 151 125 155 57 0 40 17 0 3 1 8 8 0 0 1 -16 -1 12 8 0 2 0 2 -8 0 -9 0 35 162 24 162 16 162 -5 158 -15 32 -17 32 -14 169 -25 162 -43 157 -81 0 -96 0 -107 -1 -142 -3 -152 0 -158 -2 -184 -1 -192 1 -194 8 -224 11 -234 13 -250 17 -256 17 -265 17 -273 16 -282 16 -289 17 -297 18 -283 18 -311 17 -321 17 -329 16 -337 17 -337 17 -239 153 -252 151 -258 154
191 -8 152 -8 144 -8 152 -7 120 8 120 7 132 1 153 -8 186 147 194 72 194 23 306 216 92 392 151 143 133 148 88 8 24 7 8 2 0 2 -1 -7 0 2 -15 -3 -8 -4 -17 -7 0 1 -8 -7 -24 -8 -29 -9 -23 -8 -24 -8 20 22 8 151 -3 144 -19 147 -72 -6 -80 -6 -90 -8 -105 -7 -119 -6 -128 -4 -160 -8 -142 0 -176 -9 -189 0 -200 8 -197 8 -182 -8 -182 23 -216 8 -240 9 -262 10 -273 9 -281 9 -287 9 -304 5 -304 9 -280 16 -299 17 -311 17 -314 -9 -317 8 -242 22 -273 21 -261 21
438 144 239 16 231 16 226 16 214 16 219 15 198 140 139 16 130 16 196 146 177 146 151 128 149 141 40 0 64 -12 51 -17 24 -15 0 2 0 2 0 2 -10 -3 -16 -16 1 -15 -6 -16 -16 -16 -22 -16 -2 -4 -16 -16 -17 -16 -26 -16 -29 -16 -48 -14 -64 -15 -72 -16 -80 -15 -74 -16 -101 -16 -109 -15 -109 14 -118 15 -124 16 -142 -16 -149 -16 -158 -16 -166 -15 -151 -15 -208 -18 -225 -17 -220 -16 -230 0 -235 0 -239 0 -246 10 -209 -1 -177 16 -193 17 -296 306 -200 143 -249 -15 -224 137 -206 154 -124 144 -168 239 -280 272
71 -65 380 328 384 200 366 200 430 134 215 121 209 145 391 167 190 9 182 8 140 9 138 8 126 8 81 5 102 -9 66 -24 64 6 102 8 49 6 16 -8 4 -8 -1 -8 -17 -8 -19 -8 -24 -8 -36 -24 -20 -24 -16 -18 -33 -25 -42 -22 -40 -24 -31 -10 -58 5 -26 8 -41 8 -56 8 -41 136 -48 129 -56 130 -73 125 -76 128 23 9 -72 42 -86 144 -108 128 -117 132 -127 129 -132 133 -191 8 -145 132 -143 7 32 264 5 37 -180 9 -165 184 -213 265 -124 170 -213 133 -219 133 -222 128 -237 130 -290 8 -230 135 -184 169
2 -128 -8 0 12 96 168 134 176 368 154 256 201 1 381 135 384 160 390 127 319 140 347 128 92 335 148 314 293 128 129 1 -7 0 127 121 242 146 112 48 116 -2 87 126 77 0 90 -2 28 1 57 0 89 -1 41 -1 36 -1 -6 1 15 0 97 192 -127 1 -8 130 -18 127 -26 127 8 -1 -40 0 -45 123 128 136 -78 118 -85 128 -96 113 -88 126 -112 1 -113 121 -212 0 60 129 -126 120 -250 -27 -274 -2 -39 271 -62 160 -72 1 -174 256 -121 258 -159 192 -235 2 -65 128 -89 265 -353 -1 -61 256 -148 192 -258 0
37 -105 27 -105 75 55 69 55 62 55 54 58 47 60 63 66 -59 -82 -72 140 -80 132 -88 132 -96 112 -23 108 1 105 -56 123 128 107 124 122 294 119 259 118 98 120 76 110 210 140 52 328 48 328 35 329 -7 362 40 120 23 115 20 112 150 120 174 46 1 104 -63 -9 -28 114 -33 115 -153 -3 67 184 73 176 72 186 68 257 -72 121 81 -8 37 225 -96 -3 -224 -8 28 245 -137 105 -142 -7 -144 -7 -153 -9 -162 -7 -225 345 -230 360 -303 120 -211 248 -124 248 -70 252 -145 236 -85 232 -108 264 -103 185 -104 240 -148 276
85 103 103 65 241 239 76 112 94 50 59 113 18 80 63 95 -64 155 196 158 42 147 41 96 -96 -1 -38 112 18 104 135 240 129 97 120 -16 65 240 263 239 62 -16 87 -16 244 152 -54 113 -62 113 28 240 111 241 -36 179 219 206 -38 240 156 295 7 113 0 95 -39 -15 -16 -16 -35 -16 108 176 88 248 -176 13 8 231 64 230 100 239 103 239 45 173 -36 112 8 33 11 220 -9 112 -14 112 -15 48 -136 175 -25 207 -28 224 -31 245 -56 240 -53 240 -67 229 -215 110 -38 303 -343 113 -225 320 -280 304 -375 96 -444 112
392 234 53 113 425 105 368 40 347 120 338 103 336 124 262 297 -31 -104 119 72 -75 98 -59 39 95 70 281 216 212 218 135 105 126 102 306 48 278 104 255 33 103 96 87 104 85 106 231 104 152 172 167 152 184 170 121 89 208 39 185 144 152 232 77 168 0 102 -15 -24 125 95 169 72 169 101 -40 87 124 40 69 217 71 95 49 121 72 88 103 103 -96 104 -105 -24 92 112 -121 -24 -130 104 -151 88 -17 41 -153 105 -161 105 -189 105 -56 40 -5 38 -12 40 -220 -22 -24 103 -142 88 -101 215 -137 233 -109 241 -280 232
400 225 222 344 8 29 374 152 368 112 376 96 387 96 348 157 315 114 238 -2 190 97 222 -2 222 130 281 208 225 144 277 222 258 157 255 160 252 160 239 159 255 154 263 104 260 96 224 96 254 39 183 97 208 164 174 160 166 159 152 156 176 170 204 45 182 96 -9 94 -19 105 -29 103 -33 94 -41 94 -49 94 -56 94 -64 94 -73 94 68 33 114 95 58 96 24 127 16 126 8 120 0 126 -6 129 3 112 -8 94 0 174 -32 160 -101 160 -50 232 -60 240 -76 237 -148 196 -244 312 -228 286 -361 91 -425 94 -377 39
1 102 -6 102 -13 102 -24 -168 0 -136 20 104 161 328 331 206 183 81 167 87 184 82 167 78 151 83 233 216 16 93 257 238 254 216 248 208 232 194 255 224 238 154 250 162 219 89 184 119 177 129 216 147 192 152 116 152 128 138 176 152 177 156 170 164 112 119 173 25 184 91 176 89 122 24 -41 86 -49 86 -56 86 -65 86 -73 86 -81 86 109 84 104 89 98 84 44 78 80 91 0 117 60 36 -16 120 -24 120 -32 90 -37 88 -110 88 -105 85 -46 221 -65 221 -41 279 -152 280 -231 278 -358 83 -415 74 -446 96
15 -163 27 -137 -8 -167 32 9 33 16 18 12 7 11 163 77 72 -56 75 -57 69 -57 53 -61 71 -55 -15 48 89 321 198 64 260 80 231 79 244 80 233 80 223 80 200 113 249 12 201 110 207 79 130 144 182 201 137 159 166 201 120 144 112 152 151 144 160 140 132 80 111 111 176 83 119 14 -41 78 -49 78 -57 78 -64 78 -73 78 -81 78 64 16 58 14 60 78 50 75 40 76 34 76 18 69 11 69 -24 112 -32 110 -4 96 -49 80 -30 151 -128 80 -148 150 -83 223 -96 280 -254 209 -357 79 -415 65 -443 80
16 7 16 -165 0 2 7 -161 43 5 -31 -173 -39 -177 8 7 -37 3 0 2 -50 9 -78 -177 -30 6 -8 8 0 2 -24 9 96 73 115 -31 111 -57 110 69 96 70 87 70 80 70 71 83 245 72 187 135 144 152 108 232 96 199 152 209 143 9 26 72 160 144 117 105 112 101 168 70 -33 70 -40 70 -49 70 -57 70 -64 70 -73 70 -80 70 -89 70 -97 70 -105 71 -113 70 31 8 74 72 62 71 58 70 10 70 6 70 -6 70 -46 105 -59 72 -40 152 -121 69 -68 211 -48 263 -236 200 -222 280 -369 64 -422 72
0 -60 24 -1 -13 -65 -18 76 -32 -2 -35 75 -41 -178 -26 -184 0 2 25 0 0 2 -25 -1 0 2 0 2 16 0 9 0 14 17 -40 0 75 61 248 129 93 160 223 185 240 149 233 121 197 124 202 192 174 190 164 200 176 191 170 192 -111 48 170 136 124 97 173 -1 184 66 179 65 -33 62 -41 62 -48 62 -57 62 -64 62 -72 62 -80 62 -88 62 -97 62 -104 62 -113 62 -121 62 -129 62 11 1 -8 0 -18 0 -12 0 -14 -1 -14 62 -54 96 -48 62 -41 131 -128 64 -125 150 -176 201 -220 273 -366 59 -372 32
4 65 -4 66 -13 69 -24 -200 -32 -185 8 -24 47 -11 42 -13 32 -7 28 -11 28 -8 -88 -5 -91 -71 -91 -192 8 -12 -6 -10 0 8 -18 -12 -49 -9 -59 -8 -30 24 23 296 212 168 226 200 58 153 -4 303 -79 53 -87 63 -96 61 152 186 140 168 72 212 152 191 128 119 128 114 174 60 -33 54 -40 55 -48 55 -57 55 -64 55 -73 55 -81 55 -88 54 -96 54 -105 54 -112 54 -120 54 -129 54 -137 54 -145 54 -153 54 -160 54 -169 54 -10 -7 -22 54 -13 -9 -72 73 -144 184 -274 55 -478 57 -410 54 -367 51 -375 53
2 63 -4 61 -14 -208 -24 -202 -32 16 25 -17 19 -17 71 -15 33 -14 40 -18 16 -15 10 -20 8 -16 -8 -17 -9 -15 6 -16 -1 -15 -10 -16 -14 -15 -37 -1 -49 -22 -39 40 208 -16 -60 31 162 80 56 176 -123 39 -82 -2 -95 -9 -104 53 17 -63 0 177 -2 241 25 144 96 160 112 111 153 49 -41 46 -48 45 -56 46 -65 46 -66 49 -81 46 -88 46 -96 46 -104 46 -113 46 -121 46 -128 46 -136 46 -145 46 -153 46 -161 46 -169 46 -177 46 -22 -16 -30 44 -70 80 -80 108 -344 0 -478 -158 -488 52 -229 256 -374 48
0 -213 -2 -216 -13 -24 -6 -201 -28 -212 59 -29 69 -28 68 -7 47 -24 52 -7 28 -24 23 -27 33 -12 28 -20 11 -22 -58 56 -64 40 -71 40 -76 31 -24 -23 -46 -8 -54 -8 -79 47 208 103 192 57 -87 8 -94 -30 -152 7 -94 -14 -104 36 -47 281 -214 -3 -127 36 -8 228 -48 200 105 177 132 112 144 44 144 41 -56 38 -64 38 -73 38 -81 38 102 40 -96 38 -105 38 -113 38 -121 38 -128 38 -136 40 -144 38 -153 38 -160 39 -169 39 -177 39 -185 38 -193 38 -36 39 -77 42 -344 -8 -478 54 -488 70 -248 168 -252 230
5 -224 24 0 14 -33 -23 -95 -22 -223 56 -31 64 -32 71 -32 59 -16 56 -17 38 -32 23 -32 24 -33 19 -25 0 -32 -60 30 -64 31 -63 32 -31 -24 -122 -33 -127 -34 -139 -208 -113 24 -118 1 -70 -20 184 -30 60 33 146 32 -150 30 -105 32 160 167 -23 161 -125 -15 -73 225 47 161 119 157 129 97 115 94 64 72 128 -31 128 32 113 30 121 24 70 88 95 36 -105 30 64 32 80 23 -128 30 -136 30 -144 30 -153 30 -160 31 -168 30 -176 30 -185 30 -193 30 -4 32 -48 80 -321 -5 -477 -95 -488 45 -495 41 -504 32
0 -42 -8 -52 -15 -42 -23 -102 32 -41 31 -42 82 -35 72 -40 63 -41 44 -42 47 -39 23 -39 25 -35 19 -35 12 -37 -55 20 -56 24 -6 -24 -24 -40 -88 -41 -159 -102 -104 -43 -113 -41 -169 -40 -72 -32 56 8 46 25 7 -136 167 -40 -7 152 80 56 138 39 -33 -102 0 70 -141 23 -88 216 102 144 64 96 88 91 90 86 79 80 78 80 48 84 59 153 40 88 7 54 18 65 16 85 -15 65 56 23 36 23 -153 22 -161 22 -169 21 -176 22 -185 22 -192 22 -201 22 -80 55 -342 -39 -421 -40 -488 -232 -496 -104 -504 39
0 -49 -8 -53 -8 -51 41 -49 59 -48 59 -51 81 -36 68 -47 64 -48 53 -30 -16 16 39 -32 41 -20 -40 24 -49 24 7 10 -52 11 -77 24 -16 -32 -122 -49 -64 -53 -137 -49 -146 -49 -184 -47 -155 -200 -15 16 41 -112 45 25 7 7 33 17 0 16 15 9 0 2 -8 -113 -14 152 85 166 96 162 110 152 18 16 15 16 88 82 74 80 72 76 60 159 48 144 -42 16 28 81 -24 63 -32 79 -5 8 -33 47 33 18 32 16 -169 14 -177 14 -185 14 -193 14 -64 -47 -77 81 -344 8 -425 14 -487 -111 -493 -189 -504 55
0 -24 0 -237 -14 -68 72 -59 61 -57 60 -58 65 -55 65 -39 -15 -13 1 -23 -16 0 38 -50 -31 0 -24 9 -46 17 -56 9 -4 4 -65 10 -9 -45 -124 -59 -130 -232 -154 -58 -119 -53 -121 -54 -125 -55 -88 -39 -145 -59 11 11 43 -86 20 15 19 16 0 2 -20 0 0 2 -81 201 104 128 32 8 37 8 92 136 10 56 74 71 72 72 -12 83 63 219 32 188 31 136 13 117 25 138 -54 7 14 70 -31 40 -9 24 40 13 23 6 -177 6 -185 6 5 8 -22 10 -76 33 -93 124 -254 138 -356 -8 -377 -53 -453 -248
0 2 0 -250 53 -65 73 -64 80 -68 56 -64 68 -68 12 8 31 -5 -5 17 -13 -3 39 -57 -31 -32 -39 -8 14 -48 -24 -1 -1 -2 -68 16 -113 -69 -120 -216 -105 -63 -105 -63 -58 -66 -86 -67 -76 -68 -82 -68 -112 -68 -152 -66 -29 -1 24 -2 18 -128 11 -129 0 2 0 2 128 -65 72 122 112 129 20 -18 112 76 24 0 97 67 -24 0 0 2 45 133 32 112 -40 0 -64 0 42 73 -5 8 -16 8 -21 8 -28 33 40 3 31 -3 -14 -2 16 5 6 4 -44 -9 -209 -2 -209 -7 -96 19 -102 111 -238 129 -373 2
0 2 -8 -40 41 -77 68 -70 61 -69 55 -70 48 -71 73 -65 48 -40 -9 -16 -17 -1 40 -56 34 -64 -45 0 13 -73 11 -65 -64 7 -12 -64 -79 -40 -95 -9 -37 -55 -113 -8 -54 -55 -55 -71 -80 -72 -97 -72 -148 -72 -152 -72 -156 -72 -49 -8 154 56 150 48 -1 1 -24 -20 -25 -16 86 -8 7 121 57 119 87 54 8 -8 64 -7 88 56 -28 -24 -5 -8 -35 39 -38 -8 16 55 25 55 24 56 8 -8 -15 -8 -26 -7 -1 39 -40 26 -48 24 -35 49 -32 52 -60 -7 -208 -8 -215 -16 -235 -17 -223 -7 -68 -76 -116 -9
0 2 -8 -48 1 -83 41 -81 61 -77 55 -82 43 -76 56 -82 58 -72 53 -63 45 -80 41 -80 2 -80 24 -79 0 -80 4 -80 1 -64 -10 -72 -65 -29 -81 -16 -82 -16 -103 -16 -105 -24 -111 -15 -80 -40 -135 -47 -72 -74 -153 -79 -160 -83 -139 -82 -178 -82 -112 -64 112 28 0 -110 -15 -8 -24 -19 -25 -17 106 -80 79 12 80 50 13 47 87 66 48 46 -24 -17 -11 -15 -54 -31 8 47 9 -11 -4 -16 13 47 1 39 -7 -15 -20 -2 -44 16 -39 -8 -55 -16 -56 48 -49 46 -208 -30 -232 -26 -235 -20 -294 -145 -249 -21 -252 -17
0 2 -7 -23 -8 -274 8 -249 37 -92 -39 -221 -48 14 -56 14 -64 14 -72 14 -80 -4 -70 -32 -3 -83 24 -72 -19 -88 -11 -93 -11 -80 -12 -88 -47 -56 -43 -56 -63 -57 -71 -23 -107 -35 -103 -35 -124 -18 -73 -67 -160 -41 -136 -40 -100 -84 -129 -92 -142 -92 -152 -72 -61 -25 119 89 47 9 -24 -25 -32 -26 -41 -26 66 -88 73 -4 65 95 62 96 55 38 36 -22 17 41 36 -24 10 -25 -59 -24 0 8 23 -25 -17 -23 14 -8 -16 -24 -22 -24 -34 -25 -70 16 -62 9 -44 48 -208 -26 -229 -32 -270 -152 -278 -152 -304 -152 -265 -151
0 2 -3 -25 -8 -285 42 -96 79 -80 219 15 73 -49 -39 -145 -56 -208 -72 8 -80 6 -88 6 -96 6 -104 6 -112 -12 -120 -32 -32 -91 -20 -96 -22 -63 -90 -40 -81 -45 -97 -33 -47 -88 -120 -32 -67 -80 -68 -80 -77 -80 -85 -80 -101 -94 -104 -96 -146 -94 -179 -98 -160 -99 -80 -32 -23 62 103 178 -97 193 30 -61 -48 -34 112 -96 56 -33 28 96 -145 192 54 108 25 -31 17 -33 16 -31 7 -32 0 2 9 -26 53 -30 23 -97 -15 -16 -8 28 -20 48 -66 32 -46 99 -56 96 -208 -34 -236 -40 -260 -160 -241 -160 -249 -160 -268 -223
0 2 -2 -296 49 -105 57 -107 96 -39 208 -46 193 -50 211 -37 320 -104 251 -6 176 86 -71 -152 -96 -2 -104 -2 -112 -2 -120 -2 -128 -5 -22 -107 -15 -87 -22 -92 -78 -29 -69 -40 -48 -102 -114 -24 -63 -97 -72 -88 -83 -104 -90 -103 -130 -40 -103 -103 -120 -103 -181 -104 -161 -136 -167 -136 -160 -89 -49 88 100 103 23 88 137 -41 130 -41 66 24 23 8 -18 153 -22 78 54 24 15 20 29 17 20 16 14 17 24 31 -1 -32 -40 -9 -30 -10 -41 -30 -296 -71 -120 89 -192 -39 -185 -38 -208 -40 -208 -40 -113 -40 -364 -6 -402 -136 -453 -296
129 -48 120 -16 95 -96 41 -81 96 -47 272 96 349 72 399 -15 189 -176 175 -54 237 -181 168 -177 -95 -241 -104 -10 -112 -10 -120 -10 -128 -12 120 79 112 78 104 80 96 80 95 86 80 80 72 80 64 80 55 79 48 80 40 80 32 80 24 16 144 -124 199 -19 -46 47 -16 -175 -24 -48 -17 -175 -29 -159 88 -31 78 80 68 73 64 73 68 82 65 85 0 2 -34 -49 36 38 44 22 36 28 32 28 21 29 -15 -47 -15 -41 -20 -44 -38 14 -304 -57 -116 67 -192 -45 -246 -176 -213 -54 -217 -40 -225 -177 -241 -177 -249 -176 -257 -175
319 61 295 68 385 130 365 60 213 -63 200 -71 311 -22 199 9 270 102 171 40 359 71 160 -184 -95 -249 -104 -18 -112 -18 -120 -18 -128 -20 253 120 280 136 272 145 272 144 255 135 204 100 161 43 236 144 235 153 166 88 173 57 23 -186 15 -186 -31 -217 -30 -220 -16 -73 -13 -61 164 -56 105 -39 93 60 -49 -57 84 78 72 54 62 60 57 55 -24 13 -19 -56 48 30 -40 -56 45 8 36 8 32 9 24 8 13 5 5 5 -8 1 5 -123 -64 40 -153 -64 -207 -59 -256 -215 -318 -212 -217 -56 -98 -120 -220 -10 -361 -72 -382 -22
385 48 374 -140 239 -65 232 -63 225 -63 204 -68 112 -200 80 -211 182 -68 168 -79 282 -64 277 85 -96 -257 -104 -20 16 -64 -104 -175 145 -19 252 80 245 84 234 84 208 62 214 80 174 31 232 121 256 160 216 128 144 48 23 -79 156 86 184 128 156 120 144 98 128 -129 -23 -70 -9 -70 105 -47 108 60 95 -70 -168 -190 70 48 64 49 72 68 0 -4 -19 -64 -30 -64 -23 -64 -47 -64 21 2 14 1 -38 -18 -46 -16 -16 0 -8 0 -40 -128 -169 -71 -58 -129 -208 -77 -256 -225 -327 -208 -216 -56 -204 -194 -233 -192 -249 -193 -257 -192
382 44 386 -8 235 -199 203 -199 157 -224 95 -215 128 -233 77 -216 70 -216 66 -212 57 -213 49 -214 152 -77 143 -75 107 -199 127 -201 266 -8 252 66 244 56 232 70 220 80 260 134 192 120 109 24 96 23 100 24 111 56 26 -89 58 25 57 26 46 56 55 27 2 -70 -8 -72 -128 -233 105 -52 -50 -87 -167 -200 -49 -200 68 48 64 48 52 47 50 48 66 71 50 68 25 48 44 72 10 48 14 60 9 61 -56 -22 -80 -88 -1 2 17 -70 -177 -74 -184 -73 -204 -77 -256 -231 -292 -216 -219 -73 -213 -70 -263 -136 -113 -136 -185 -39
400 56 328 -18 313 -81 382 -16 397 -73 179 -206 184 -210 97 -216 71 -223 66 -223 64 -240 47 -224 41 -224 34 -225 251 -79 267 65 256 63 216 32 154 15 9 112 32 64 62 48 79 47 73 48 113 89 122 64 111 13 -89 -209 43 128 13 131 -40 161 88 69 -105 -220 -130 -225 -118 -224 -15 -79 -43 -208 -296 -68 -304 -42 -312 -42 -320 -42 -328 -42 -336 -42 -221 -79 36 84 -8 30 17 55 10 42 14 51 -72 -9 -5 7 8 -15 0 2 -25 -144 -185 -208 -192 -209 -222 -207 -296 -240 -332 -230 -212 -76 -222 -82 -232 -208 -52 -51 -122 48
384 29 398 55 386 51 326 -40 360 -26 376 -28 320 -47 384 -151 200 -182 175 -217 140 -215 71 -220 159 -216 143 -216 253 -73 255 63 60 120 79 39 112 40 120 24 192 104 120 17 144 72 103 27 160 108 92 21 115 16 145 -159 94 -54 37 -44 -118 -54 6 110 -120 -232 -115 -232 -124 -229 -24 -215 -270 -200 -292 -213 -304 -255 -302 -264 -320 -48 -328 -48 -336 -292 -344 -45 60 103 -4 10 14 28 18 48 19 44 -65 -89 -2 0 4 -18 -22 -23 -55 -48 -93 -103 -153 -87 -65 -152 -256 -247 -329 -232 -217 -80 -225 -90 -102 -20 -308 119 -380 -100
386 40 380 48 366 32 356 24 354 24 279 -49 352 -32 338 -33 330 -33 323 -31 302 32 295 32 258 31 168 32 81 47 124 72 124 32 119 32 126 30 164 64 160 48 105 65 144 65 92 72 152 64 125 63 181 19 46 -88 22 -101 16 -100 2 -98 -56 -96 -122 -236 -126 -239 -141 -248 127 52 -36 0 -295 -84 -304 -88 -311 -96 -320 -80 -328 -71 -334 -220 -24 19 32 80 24 49 17 15 0 -96 -3 -171 -9 -160 -135 -95 -25 -160 11 -164 -62 -96 -310 -62 -345 -192 -128 32 -213 -103 -321 -250 -208 -100 -72 48 -294 145 -436 -87 -415 -128
382 24 346 6 368 48 360 47 344 36 342 40 343 48 332 40 317 40 284 -11 304 42 338 88 224 -7 183 24 148 24 136 25 152 24 136 34 182 79 124 24 112 24 168 57 96 7 74 30 160 64 120 119 176 32 5 -232 -87 -246 -83 -240 -103 -248 -111 -216 -43 -111 -42 -216 -50 -216 -74 136 -49 -120 -50 -109 -58 -110 -41 -101 -63 23 -328 -78 -336 -85 -344 -84 -32 18 24 56 16 32 34 40 -73 -58 22 -46 38 -104 -154 -95 -154 -112 -169 -106 -2 -80 -38 40 -59 12 -213 -110 -330 -248 -221 -109 -226 -104 -265 -121 -226 -200 -91 -65
408 72 372 48 299 -15 295 -16 358 80 377 79 336 35 344 49 320 42 344 80 336 80 287 48 288 61 180 -15 224 48 135 17 128 16 139 19 112 48 153 32 168 62 99 16 95 16 136 48 64 58 117 17 114 17 103 -78 -96 -242 153 -77 3 -117 -111 -255 -16 -113 -121 -147 -272 -102 -184 -106 -159 -256 -54 -240 -71 -240 -178 -256 -76 -240 -328 -74 -336 -73 -280 -208 32 48 0 -22 0 2 8 12 0 2 27 -82 -144 -112 -167 -113 -153 -117 -169 -114 -35 -112 -31 31 -64 0 -212 -116 -330 -256 -201 -105 -225 -114 -51 -103 -108 16 -312 128
432 102 304 -23 296 -1 310 -19 284 -24 279 -27 336 42 324 31 336 64 312 71 312 72 288 41 240 -18 232 4 200 -23 169 7 192 42 132 8 160 4 199 68 160 22 151 41 72 48 135 9 184 -24 219 -191 47 -122 41 -109 -86 -263 152 -120 1 -123 -113 -263 -120 -263 -129 -264 -4 -119 103 -184 -44 -124 136 -112 62 -88 -178 -263 -184 -245 55 -185 -91 -123 -23 -77 32 24 15 7 18 15 16 25 4 7 14 24 -70 -46 30 -120 -163 -247 -193 -133 -167 -119 -75 -119 -66 -184 -212 -128 -328 -263 -194 -248 -87 0 -357 -115 -383 -174 -469 -185
344 -8 306 -32 298 -28 274 -4 336 83 260 -4 328 32 264 -32 256 -32 244 -36 236 -32 232 -31 224 -28 214 -30 208 -28 232 76 160 7 150 0 144 0 123 5 192 76 181 75 216 67 197 -60 259 -97 238 -130 48 -131 23 -126 -34 -287 -97 -271 -105 -271 -113 -271 -121 -271 -129 -271 -136 -271 -145 -272 -154 -272 -29 -127 -66 -143 -177 -271 -185 -271 -189 -267 -81 -255 -39 -128 48 15 28 14 12 4 4 9 0 2 -4 8 1 11 -78 -132 -24 -64 -22 -68 -13 -53 -28 -50 -67 -95 -12 -126 -200 -222 -209 -222 -37 -129 -85 -114 -176 -128 -185 -128
416 60 404 54 288 -10 296 -34 282 -40 280 -39 248 -40 263 -41 272 -40 218 -39 252 -40 232 -39 220 -41 184 -7 192 -8 200 -35 184 -15 165 -11 176 88 151 0 144 -8 119 -6 174 50 118 -12 182 8 181 0 191 -1 133 -89 173 -80 160 -104 192 -128 183 -128 -8 -263 -16 -264 -52 -262 -59 -263 -67 -264 -126 -269 -157 -272 -71 -265 -64 -263 122 -187 60 -72 35 -5 32 56 38 56 14 22 8 24 -2 -10 -2 -8 -16 -19 -6 -4 -64 -87 -72 -88 -56 -72 -36 -72 -34 -76 -88 -106 -80 -103 -89 -102 -96 -102 -90 -130 -80 -61 -94 -72
407 50 408 56 288 -17 290 -48 288 -25 244 -48 272 -16 264 -49 224 -48 248 -40 304 48 231 -45 224 -43 200 -16 176 -8 180 -16 166 -44 184 -44 172 -44 216 64 155 -49 151 -45 140 -50 216 44 160 -16 180 5 174 -16 169 -24 185 -1 170 -6 76 -97 68 -97 134 -76 117 -76 128 -80 114 -80 103 -81 94 -82 87 -82 84 -80 82 -14 52 -16 -18 -17 -64 -40 -36 -48 -41 -47 -24 -24 8 24 0 11 -13 -4 -16 -20 -14 -2 -16 -4 -22 -15 -117 -149 -126 -161 -72 -80 -43 -81 -48 -84 -54 -68 -68 -84 -76 -80 -82 -79 -125 -80
416 40 348 -36 298 -59 361 33 364 35 280 -58 232 -56 248 -25 256 -54 242 -50 236 -58 211 -57 192 -24 244 32 208 -49 186 -26 189 -23 149 -29 160 -26 133 -18 160 -7 148 -54 144 -48 136 -57 96 -56 84 -56 80 -56 80 -56 59 -56 150 39 134 0 127 -1 131 39 19 -56 104 8 11 -56 96 8 124 55 116 56 73 39 -33 -55 -88 36 -16 8 -24 72 -63 -55 -72 -56 32 40 32 39 32 34 -39 -39 -16 -24 -24 -24 -32 -31 -41 -35 -30 -14 -112 -80 -120 -153 -54 -87 -56 -84 -58 -88 -154 -164 -80 -86 -120 -88 -148 -105
352 -36 370 -31 407 34 382 32 352 4 344 6 336 16 346 33 250 -62 232 -34 220 -36 263 28 207 -50 216 -64 192 -34 248 48 176 -32 224 31 144 -33 135 -46 160 1 112 -32 160 0 132 -1 128 17 124 12 112 0 -26 31 48 -30 40 -24 48 -32 32 -32 102 32 4 -29 80 31 -4 -30 64 34 -8 -24 -16 -31 -2 7 -32 -19 -80 -2 -80 -29 -56 -4 -64 -22 -58 -32 -35 -65 30 32 0 2 24 32 -22 -18 -19 -15 -32 -27 -40 -45 -38 -24 -49 -24 -136 -89 -137 -161 -143 -161 -122 -112 -126 -112 -134 -113 -177 -161 -168 -96
352 -73 347 -43 368 -8 355 7 376 30 328 24 336 2 312 24 220 -71 216 -40 216 -40 200 -28 218 -72 208 -71 176 -35 170 -40 143 -37 136 -40 112 -40 120 -40 160 0 117 -65 144 -9 89 -56 64 -41 48 -7 57 -8 10 -8 28 -8 39 -3 23 -5 24 -6 64 -8 -24 -24 -5 -40 27 -14 32 -8 -20 -40 -32 -56 -41 -3 -46 -32 -72 -8 -72 -40 -26 54 -48 -56 -60 -72 -48 -73 -60 -72 24 24 -8 -8 -16 -23 -41 -43 -33 -39 -31 -27 -44 -40 -56 -47 -64 -59 -56 -37 -62 -37 -140 -105 -144 -107 -152 -115 -160 -114 -102 -37
384 -31 338 -90 352 -24 392 16 384 18 338 -1 272 -80 263 -81 254 -78 233 -47 240 -32 199 -37 224 -77 215 -79 180 -40 216 0 158 -48 222 8 206 32 136 -65 128 -16 90 -41 72 -18 72 -48 64 -47 58 -17 32 16 -8 -32 42 32 -40 16 16 -16 -60 -16 0 2 -8 -32 -80 16 -24 -16 -32 -16 -24 -16 -48 -20 -60 0 -69 -41 -40 16 -80 -32 -44 -16 -64 -34 -74 -40 -64 -50 -60 -80 0 -6 16 20 48 70 -59 -81 -34 -48 -47 -51 -64 -48 -56 -52 -64 -56 -66 -53 -72 -40 -72 -40 -143 -123 -160 -128 -93 -41 -104 -49
386 -39 338 -101 400 8 376 0 380 7 296 -86 234 -86 250 -55 255 -84 215 -56 240 -8 184 -24 184 -48 202 -40 146 -24 161 -56 192 -24 152 -39 174 -20 102 -22 104 -56 101 -25 80 -11 82 -59 72 -24 26 -32 47 8 40 8 16 30 21 4 11 -31 19 23 -32 -40 -8 -24 -73 -22 -24 -55 -24 -23 -40 -40 -48 -24 -56 -24 -128 -24 -56 -8 -112 -22 -88 -24 -80 -48 -9 25 -56 -62 -58 -62 16 4 -80 -93 0 2 8 7 4 8 -72 -72 -48 -56 -56 -43 -68 -56 -68 -56 -79 -64 -86 -63 -76 -40 -96 -48 -98 -52 -108 -48
352 -104 338 -108 396 0 372 -8 272 -65 274 -91 308 -4 200 -63 224 -57 262 -32 200 -61 176 -57 176 -86 168 -56 192 -96 228 -10 160 -50 150 -50 128 -32 131 -49 112 -15 81 -64 81 -33 70 -32 64 12 41 -17 56 19 12 -48 32 -48 32 -30 -12 -32 8 0 -16 -64 -8 -64 -16 -64 -56 -32 -32 -62 -44 -60 -53 -37 -56 -65 -64 -63 -72 -48 -88 -32 -88 -32 -80 -79 -56 -50 -52 -95 -60 -92 -64 -89 -73 -96 -32 0 -10 -8 -22 -8 -6 0 -48 -38 -73 -59 -80 -77 -73 -55 -79 -71 -78 -56 -96 -71 -104 -72 -95 -53 -100 -49
388 -51 379 -52 343 -76 360 -42 368 -8 248 -102 272 -42 284 -38 216 -64 216 -40 188 -64 168 -40 168 -88 152 -73 156 -74 200 -42 128 -68 128 -72 107 -68 104 -55 32 -7 94 -36 62 -42 72 -40 32 -40 64 8 48 -8 8 -31 64 -8 22 -40 16 -40 -24 -31 0 -8 -72 -49 -34 -32 -24 -68 -16 -90 40 -40 -32 -60 -24 -54 -44 -24 -63 -73 -64 -24 -80 -72 -96 -69 -8 -16 -70 -72 -64 -79 -64 -101 -73 -101 -80 -102 -72 -85 1 1 -40 -44 -48 -40 -85 -77 -88 -86 -72 -70 -72 -63 -88 -80 -86 -76 -90 -74 -96 -64 -126 -92
376 -80 401 -57 408 -18 364 -36 370 -16 266 -79 256 -84 233 -81 320 28 208 -80 224 -82 191 -80 240 -49 169 -77 208 -48 182 -64 64 -65 63 -47 50 -48 80 -64 104 -48 56 -32 64 6 64 -23 60 -21 66 0 54 -4 51 -1 0 -60 -8 -55 -1 17 6 -16 -56 -54 -40 6 -8 0 -40 -88 -18 -44 24 -46 -48 -79 -24 -48 -64 -78 -80 -76 -56 -80 -96 -48 -80 -48 -40 -50 -64 -64 -72 -72 -64 -52 -106 -79 -96 -96 -90 -110 -96 -112 -104 -114 -52 -32 -88 -80 -64 -57 -88 -82 -80 -82 -86 -74 -100 -93 -104 -98 -102 -73 -108 -84
379 -108 386 -81 370 -82 325 -121 378 -26 360 -22 266 -120 228 -120 255 -118 289 -33 216 -113 214 -72 176 -80 168 -56 142 -56 103 -68 128 -40 70 -72 80 -24 72 -90 84 -47 88 -23 90 -8 63 -29 74 -8 66 -8 56 -10 50 -8 40 -6 30 -8 24 -8 -8 12 -62 -57 -74 -8 -56 -72 -88 -25 -50 -57 -24 -47 18 -56 -66 -56 -56 -88 -80 -60 -83 -59 -88 -88 -160 -22 -104 -88 -96 -56 -57 -55 -96 -40 -37 -27 -96 -96 -92 -116 -112 -88 -127 -88 -48 -36 -24 -24 -70 -73 -72 -73 -92 -96 -89 -97 -88 -92 -92 -80 -98 -84 -120 -106
344 -176 328 -168 372 -91 344 -106 384 -24 360 -36 268 -126 264 -120 243 -97 210 -94 200 -114 264 -15 192 -64 174 -118 160 -97 120 -64 144 -64 116 -56 108 -67 115 -16 96 -16 100 -16 91 -15 64 -36 74 -17 47 -37 39 -36 32 -34 40 -12 35 -17 16 -32 -8 -16 -64 -63 0 -14 -16 -33 -28 -64 -32 -95 -10 -80 -44 -96 -56 -48 -64 -63 -104 -64 -69 -63 -136 -64 -96 -32 -168 -28 -114 -64 -118 -81 -113 -95 -120 -88 -119 -94 -136 -96 -112 -96 -84 -64 -113 -97 -56 -64 -32 -33 -72 -81 -76 -96 -84 -87 -96 -106 -88 -93 -96 -97 -104 -87
335 -235 330 -168 376 -104 360 -88 392 -36 344 -40 336 -56 256 -139 254 -132 224 -104 206 -104 217 -90 185 -104 249 -45 177 -105 153 -71 128 -100 56 -68 80 -70 63 -17 108 -24 98 -24 90 -24 83 -24 56 -46 52 -41 40 -48 36 -45 30 -39 22 -40 7 -45 19 -25 8 -24 0 -21 -4 -24 -12 -24 -88 -40 -48 -73 -114 -25 -120 -71 -64 -72 -86 -7 -96 -40 -96 -46 -130 -72 -168 -73 -126 -63 -120 -91 -64 -72 -99 -105 -144 -99 -136 -106 -112 -113 -107 -133 -116 -132 -57 -41 -40 -45 -70 -103 -80 -107 -88 -97 -82 -99 -88 -101 -95 -100 -104 -100
332 -257 328 -241 388 -96 364 -96 328 -152 375 -49 352 -54 275 -139 256 -139 244 -140 224 -120 223 -112 194 -112 216 -25 144 -112 144 -114 128 -106 124 -80 112 -48 112 0 106 -32 84 -49 91 -33 68 -48 55 -53 52 -49 39 -53 31 -53 23 -53 15 -53 12 -48 -1 -53 -4 -48 -17 -54 -20 -53 -12 -31 -24 -32 -68 -72 -80 -80 -48 -30 -64 -32 -59 -32 -82 -48 -94 -51 -100 -53 -106 -52 -112 -64 -120 -79 -74 -96 -96 -112 -82 -16 -87 -76 -120 -134 -105 -143 -117 -147 -45 -56 -48 -48 -73 -95 -80 -103 -83 -103 -96 -121 -92 -103 -95 -107 -103 -107
384 -246 409 -185 386 -115 368 -124 342 -122 340 -106 304 -158 338 -64 272 -146 242 -152 229 -140 228 -151 206 -128 168 -119 208 -88 192 -97 112 -88 104 -72 108 -56 96 -62 92 -60 79 -61 71 -61 68 -57 60 -58 52 -58 39 -61 36 -57 23 -61 20 -58 7 -61 4 -59 -9 -61 -12 -58 -24 -61 -28 -57 -20 -41 -48 -60 -52 -40 -47 -41 -88 -24 -80 -58 -84 -60 -93 -61 -110 -18 -102 -56 -175 -93 -120 -104 -64 -80 -48 -62 -80 -144 -94 -152 -124 -112 -108 -152 -112 -148 -31 -57 -32 -54 -73 -121 -78 -112 -80 -124 -98 -132 -94 -112 -96 -124 -179 -248
