4 2 -8 224 48 191 41 191 33 195 57 187 47 193 41 191 44 189 41 189 36 188 11 197 28 191 23 192 13 209 0 224 -3 223 -7 251 -14 251 -23 257 -31 257 80 443 72 443 -54 257 -62 257 -70 251 -78 251 -68 224 -76 224 -133 225 -111 259 -118 251 -126 251 -133 224 -143 238 -151 240 -160 239 -161 240 -175 240 -185 239 -191 238 -202 224 -208 213 -221 197 -232 196 -250 207 -310 205 -253 193 -256 209 -267 210 -275 224 -278 248 -298 192 -422 129 -381 85 -440 77 -439 60 -448 60 -456 60 -464 60 -472 61 -482 64 -496 78 -503 79
0 -2 -7 216 42 179 43 183 65 179 57 179 47 184 40 185 44 180 39 184 40 180 22 200 28 184 21 201 13 202 1 216 2 214 -7 246 -15 243 -23 243 -31 249 -38 249 -46 249 -54 249 -62 243 -74 209 -70 213 -212 122 -220 122 -221 126 -112 243 -119 244 -127 243 -135 243 -142 243 -151 244 -159 245 -167 244 -175 245 -183 245 -189 211 -198 217 -207 216 -214 219 -223 216 -230 216 -237 232 -248 203 -259 202 -268 216 -263 217 -272 200 -321 185 -344 185 -367 185 -436 123 -444 122 -443 73 -464 18 -472 22 -480 28 -488 42 -496 42 -460 70
0 -16 -8 208 -15 208 33 172 36 174 57 171 47 176 40 177 48 172 40 172 33 174 36 175 31 176 21 193 10 208 4 208 -1 207 -9 237 -15 236 -23 235 -31 235 -38 241 -47 241 -54 241 -62 241 -75 224 -79 232 -87 236 -95 235 -102 235 -111 237 -118 241 -127 236 -135 237 -142 235 -150 237 -159 237 -167 235 -175 236 -173 203 -191 237 -199 237 -203 203 -218 204 -226 204 -232 203 -238 206 -246 208 -256 206 -333 213 -273 177 -295 191 -305 193 -307 172 -316 173 -322 172 -346 173 -362 176 -405 177 -409 176 -416 176 -488 181 -496 -14 -504 22
0 -7 -8 -24 -8 -22 -22 200 -15 208 30 163 50 163 45 164 48 166 42 165 41 167 34 167 30 168 21 184 15 185 -11 216 -3 198 -7 198 -15 229 -23 228 -31 228 -38 227 -47 228 -55 227 -63 228 -71 228 -78 233 -87 229 -95 227 -103 228 -111 228 -119 227 -127 229 -135 228 -143 229 -151 227 -157 203 -165 196 -166 196 -180 200 -189 195 -196 200 -209 195 -200 200 -255 200 -359 233 -362 216 -252 177 -261 176 -385 225 -270 184 -271 183 -380 166 -409 49 -432 243 -426 200 -327 164 -336 167 -362 165 -376 168 -383 163 -408 166 -495 104 -457 47
0 -14 -8 -23 -9 -21 -23 192 25 156 40 160 49 155 40 161 44 156 39 159 41 159 27 158 22 158 34 176 13 177 8 177 -22 194 -23 209 -17 188 -23 221 -31 221 -39 221 -47 220 -55 220 -63 220 -71 220 -79 221 -87 220 -95 220 -103 220 -111 221 -119 220 -118 188 -126 188 -141 187 -149 187 -159 221 -162 190 -199 168 -181 190 -173 192 -327 225 -336 234 -343 34 -335 32 -339 31 -357 36 -356 32 -379 47 -384 32 -395 25 -395 26 -413 47 -408 48 -386 46 -395 52 -448 225 -336 159 -355 159 -376 160 -401 160 -487 195 -496 96 -503 19
0 -24 -8 -40 -12 -39 -24 184 -30 183 25 151 48 147 40 152 44 149 38 151 -2 152 -68 200 24 148 -69 149 -112 226 6 160 1 152 -12 169 -25 191 -26 180 -34 180 -39 213 -47 213 -55 213 -54 180 -68 184 -74 184 -71 184 -221 201 -231 15 -240 217 -123 180 -125 179 -132 183 -174 184 -155 180 -160 184 -166 153 -300 91 -303 95 -204 148 -322 91 -336 10 -337 41 -339 40 -345 48 -356 40 -363 41 -332 44 -376 26 -392 40 -396 26 -397 22 -391 40 -432 45 -423 39 -414 183 -347 151 -355 151 -370 147 -382 148 -408 149 -496 150 -504 -21
4 0 -7 -5 -16 -48 -16 -28 -32 176 -37 202 20 142 40 139 32 146 36 139 28 140 21 143 16 142 2 160 -45 -37 -9 142 -2 143 -10 160 -20 161 -42 192 -35 177 -44 173 -49 174 -52 174 -63 174 -67 177 -80 145 -212 81 -224 2 -232 3 -206 175 -149 175 -122 180 -129 160 -168 143 -156 175 -163 176 -189 176 -175 152 -204 202 -193 163 -217 161 -237 159 -245 159 -251 159 -358 2 -368 5 -376 5 -384 6 -392 5 -399 38 -408 33 -404 27 -411 29 -379 35 -440 225 -429 192 -348 139 -369 144 -377 145 -402 143 -488 152 -491 3 -504 19
34 13 6 2 -16 1 -24 12 -32 -4 -40 -25 -47 167 2 132 13 136 25 131 14 137 8 137 0 137 -8 137 -4 131 -11 135 -15 133 -23 134 -18 135 -15 151 -36 144 -43 143 -66 184 -56 152 -63 152 -78 144 -83 144 -87 152 -127 152 -137 152 -121 151 -125 142 -132 152 -139 153 -145 152 -255 184 -157 152 -167 152 -179 153 -184 152 -194 153 -201 152 -208 153 -218 153 -341 79 -349 -56 -368 -53 -376 -20 -384 -3 -350 22 -351 28 -394 32 -416 -5 -424 -8 -432 -3 -440 -5 -389 131 -427 131 -369 140 -470 185 -477 -1 -476 19 -484 19 -492 19
0 0 0 2 0 1 -23 15 -32 -32 -40 -59 -47 -58 -42 -44 -63 159 -40 126 -61 127 -74 168 -4 130 -7 124 -15 124 -83 126 -128 4 -127 -8 -144 192 -152 -2 -145 -5 -127 7 -176 177 -169 160 -187 -10 -185 -4 -199 -9 -212 -5 -211 -7 -226 176 -204 173 -212 126 -256 202 -232 125 -263 -9 -280 -12 -288 193 -183 126 -189 126 -176 143 -184 144 -198 144 -200 144 -218 128 -228 127 -264 128 -364 67 -373 -13 -362 -12 -392 154 -348 -64 -340 128 -353 128 -424 -64 -432 -12 -419 127 -442 176 -455 -10 -464 3 -461 13 -477 15 -477 13 -495 16 -503 16
0 0 14 -12 -13 8 8 12 -31 8 0 0 -47 9 -46 -15 -52 -18 -72 -13 -80 6 -73 11 -96 194 -103 -16 -112 192 -103 3 -83 6 -123 -7 -133 -12 -146 -13 -144 -8 -168 -14 -127 8 -184 10 -190 8 -189 -6 -201 -11 -209 -11 -216 -10 -216 -7 -228 -12 -233 -12 -251 0 -243 -13 -267 7 -264 0 -288 -17 -296 -20 -302 185 -309 151 -309 152 -203 119 -220 117 -344 195 -352 184 -337 120 -366 56 -376 16 -384 -21 -362 162 -272 121 -279 167 -283 168 -345 124 -430 -22 -440 10 -448 11 -456 10 -464 11 -471 17 -476 58 -472 72 -480 72 -356 192
0 0 1 0 1 0 -24 -25 -32 6 0 0 0 0 -56 6 -50 -8 -72 -13 -36 1 -88 5 -96 -29 -98 2 -112 -17 -115 -15 -121 -4 -131 -5 -122 -22 -132 -16 -157 -2 -165 -1 -158 -4 -184 4 -192 5 -200 0 -204 -2 -209 -15 -212 -5 -225 0 -239 -3 -233 -13 -253 -1 -256 0 -272 -29 -276 50 -272 65 -149 184 79 112 -41 176 -50 177 -75 168 -96 162 -92 166 -114 165 -117 176 -122 174 -130 171 -138 173 -146 171 -154 171 -160 173 -170 171 -176 171 -209 159 -200 161 -208 159 -183 185 -226 160 -296 47 -287 47 -233 178 -233 177 -56 176
0 -37 43 -3 25 -10 18 -10 -32 -37 -36 42 -44 42 -40 57 -48 57 -6 72 99 216 295 104 287 104 279 104 158 169 150 169 142 169 134 169 126 170 118 170 110 169 101 170 94 170 86 170 191 104 -183 57 -204 42 -200 56 -130 72 -228 42 -224 57 135 103 14 169 -9 167 -16 170 -35 163 -86 8 -101 40 -110 40 -83 39 -75 160 -83 158 -95 157 -103 157 -107 158 -116 159 -124 164 -170 8 -233 7 -236 8 -266 16 -274 24 -281 24 -289 25 -297 25 -305 25 -310 23 -260 8 -272 40 -182 39 -290 40 -241 165 -241 165 -62 168
244 150 238 155 232 153 216 143 227 162 216 159 208 157 200 159 193 152 186 160 178 160 171 161 156 152 136 148 130 151 87 33 80 0 24 -2 0 2 0 1 -8 1 -19 0 -16 4 0 0 0 12 4 7 -2 0 0 0 37 159 30 161 17 162 13 162 -9 156 -9 32 -16 34 -20 168 -44 152 -86 32 -89 0 -97 0 -114 0 -168 -2 -160 -3 -181 -2 -208 2 -210 1 -224 12 -243 17 -252 16 -258 16 -264 17 -273 16 -281 16 -289 17 -297 17 -305 19 -312 17 -322 17 -328 17 -338 16 -269 4 -238 152 -256 158 -259 148
192 -6 160 -3 128 -6 135 -5 123 14 104 -5 84 -8 190 146 178 153 182 25 177 147 167 25 343 280 153 147 132 144 56 -11 0 0 0 0 0 8 3 7 -16 -2 -24 -5 -12 4 -24 -4 -24 -8 -25 -9 -32 -9 -23 0 -16 -8 13 147 0 24 11 160 10 155 -19 141 -26 147 -77 -7 -84 -2 -96 6 -120 -8 -123 8 -160 -7 -168 -7 -168 -1 -194 -8 -208 -2 -201 8 -202 8 -189 -7 -232 8 -258 10 -265 9 -273 9 -281 9 -287 8 -288 13 -305 6 -313 9 -320 9 -329 11 -308 8 -345 10 -354 10 -354 12 -342 17
248 15 211 17 205 16 197 16 209 15 181 16 147 16 139 15 144 -16 192 140 303 79 294 80 142 128 141 139 52 2 51 -18 24 -15 0 0 -8 0 -10 -6 0 0 0 0 0 -1 -16 -16 -32 -15 -24 -12 -22 -15 -20 -16 -28 -16 -30 -16 -25 -15 -3 139 -64 -17 -64 -8 -80 -8 -78 -14 -94 -10 -96 -8 -117 -16 -126 -15 -128 -15 -144 -6 -176 -15 -179 0 -184 -14 -162 -16 -192 -19 -248 -9 -240 -14 -256 1 -247 8 -261 0 -281 2 -254 9 -224 0 -195 15 -201 17 -153 17 -267 15 -228 141 -218 136 -101 162 -96 304 -311 271
189 344 353 263 401 191 390 182 380 133 215 121 208 8 192 8 159 9 157 8 114 6 115 5 70 -8 61 -8 53 1 43 -7 78 -8 30 -8 30 -8 0 0 -23 -10 -24 -4 -33 -13 -32 -10 -42 -10 -24 -14 -30 -20 -40 -24 -56 -24 -46 -24 -48 -23 -56 -23 -64 -24 -78 -24 -75 6 -83 5 -95 8 -92 8 -56 133 -68 127 -113 9 -118 8 -81 8 -182 8 -113 8 -161 6 -173 8 -178 6 -191 7 -194 8 -157 7 -161 7 -196 10 -297 8 -178 201 -173 347 -192 296 -217 122 -276 5 -207 146 -287 5 -277 -24 -110 157 -440 264
0 0 -8 94 -1 103 106 133 352 265 217 17 210 0 360 64 368 144 376 130 353 129 166 2 298 192 89 320 138 1 129 -1 0 0 129 119 294 128 99 -1 96 -1 92 -1 60 1 41 0 0 0 0 0 0 0 22 1 0 0 -41 0 0 0 0 0 0 0 -4 123 -16 136 -25 125 -44 120 -41 -1 -56 128 -41 0 -191 -1 -81 120 -80 131 -88 124 -157 1 -158 0 -124 123 -131 1 -134 132 -253 -33 -265 4 -31 257 -32 128 -159 129 -404 320 -336 256 -76 191 -235 0 -218 0 -81 190 -269 -32 -241 0 -268 49 -250 0
56 56 48 56 79 53 74 52 69 53 75 54 147 119 41 89 -28 53 -71 120 123 361 103 88 2 87 29 83 89 232 151 330 128 106 128 132 162 24 203 153 79 105 79 111 210 138 4 327 -1 312 -13 249 -15 312 40 119 17 119 24 121 160 119 134 136 0 104 -71 -7 -28 111 -33 116 -153 -6 108 182 128 120 138 66 74 184 -87 114 -89 -9 -116 40 -93 -7 -118 -7 -14 184 -118 105 -121 -40 -173 -7 -206 -10 -68 105 -70 233 -341 216 -239 312 -250 248 -386 280 -72 256 -112 232 -96 264 -101 233 -184 118 -94 182 -167 247
120 53 101 63 105 52 97 52 112 66 81 53 71 51 43 113 -64 -113 24 16 -76 -14 -83 -14 -89 -14 23 96 16 96 8 95 129 96 -10 -18 -134 298 271 189 40 -44 28 -49 80 -16 -53 112 -61 111 -69 118 46 305 247 132 22 -16 16 -16 148 175 8 113 0 109 -70 -16 -77 -15 -39 -17 -34 -15 117 238 -39 107 88 304 72 245 -70 2 -89 -16 31 113 28 171 -187 44 40 256 -32 176 15 112 -70 145 -140 276 -147 272 -415 224 -54 228 -15 301 -63 224 -66 224 -199 114 -77 253 -281 240 -289 240 -263 239 -365 112 -373 95
400 238 119 108 377 33 332 138 289 137 341 120 335 119 200 264 -58 93 175 -24 314 168 130 -8 280 144 107 232 211 208 136 104 127 103 296 105 177 136 224 104 103 101 88 104 94 106 200 123 211 239 176 104 186 103 102 138 159 40 189 121 100 201 141 164 0 101 -139 -24 65 88 152 32 96 124 87 40 153 47 87 241 48 232 60 216 41 103 57 27 -83 106 -119 88 64 39 -117 106 -129 104 -135 105 -144 102 -151 105 -161 103 -154 106 -50 122 -75 104 -28 104 -264 -56 -33 38 -138 104 -104 228 -61 304 -120 240 -248 264
339 81 280 273 80 83 415 95 353 127 406 99 216 91 329 137 71 80 27 97 68 104 -72 -15 -80 -16 282 209 275 207 233 160 55 31 304 97 150 48 287 95 274 104 87 79 81 -31 248 95 261 95 167 129 103 96 88 96 189 156 140 98 136 95 168 100 127 67 -8 95 -16 92 -25 103 -24 98 -40 95 -40 97 -56 95 -64 95 -72 94 64 31 83 97 102 92 97 93 42 86 46 104 0 128 47 33 -11 128 -39 126 -20 97 -8 156 -42 161 -38 235 -58 216 -63 238 -430 282 -264 257 -232 283 -359 93 -357 60 -406 64
0 -118 -7 -124 -16 -129 -24 54 315 201 145 154 336 278 332 153 209 96 187 90 192 -41 166 91 152 80 284 153 77 155 276 153 266 152 260 153 252 152 239 152 248 172 245 134 256 97 267 92 259 92 186 122 193 145 175 149 157 151 182 152 159 91 149 96 192 36 190 91 176 87 126 24 -32 86 -40 86 -48 86 -56 86 -64 87 -73 86 -80 86 -89 86 98 85 96 86 48 89 42 84 32 90 18 78 -16 120 -22 114 -16 92 -40 88 -22 159 -104 89 -65 197 -63 212 -38 288 -196 217 -220 294 -358 89 -370 80 -376 44
13 -176 7 -176 -6 -175 40 16 25 16 29 18 9 18 119 81 71 -63 64 -64 55 -64 46 -63 40 -64 25 32 110 272 193 81 182 80 264 208 171 80 167 88 215 88 215 108 240 79 233 81 194 108 191 141 186 143 178 144 172 144 165 143 152 140 168 140 141 88 119 115 184 86 169 81 119 17 -40 78 -48 79 -57 78 -64 78 -72 78 -81 78 46 18 46 16 96 74 91 77 44 77 36 78 28 78 20 78 4 74 -32 106 -5 126 -48 81 -54 78 -40 151 -120 80 -88 208 -409 305 -268 262 -359 76 -367 49 -376 36
80 7 72 8 45 7 -6 56 62 8 25 7 -45 57 17 2 134 72 125 72 11 40 -69 48 96 41 16 4 11 8 76 72 121 -55 121 67 96 61 100 65 95 71 88 71 81 69 70 72 228 75 123 57 164 182 72 199 224 297 176 214 135 72 137 185 145 74 118 104 143 73 125 8 -32 71 -40 70 -48 71 -57 71 -64 70 -72 71 -80 70 -89 70 -96 70 -104 70 -113 70 20 8 64 68 56 68 53 71 48 68 4 71 -13 61 -46 104 -56 73 -61 73 -120 73 -61 210 -46 264 -226 248 -220 280 -366 71 -375 39
0 0 -8 42 -1 -1 -24 30 0 -1 -40 -192 -47 32 42 -5 3 2 38 -4 -1 0 -22 1 1 0 18 3 0 0 0 0 0 0 59 64 247 128 285 63 199 135 232 128 256 72 254 64 176 95 178 127 170 173 151 182 162 176 170 198 15 255 136 66 134 72 184 9 143 65 136 0 -32 62 -40 62 -48 62 -56 62 -64 62 -72 62 -80 62 -88 62 -96 62 -104 62 -112 62 -121 62 -128 62 -136 62 -144 62 0 0 0 0 2 65 -12 61 16 17 -52 70 -68 64 -132 64 -84 211 -320 174 -244 228 -366 60 -372 29
34 -10 -7 -193 -16 -185 -12 -186 -30 -72 -9 27 45 -10 43 -8 47 -9 41 -12 24 -8 -9 -8 -66 -9 -76 -15 -19 22 -23 25 0 0 0 0 -40 -11 44 56 -97 184 -78 184 191 106 204 121 186 176 -12 184 0 296 -86 53 -35 264 152 168 145 200 -142 188 136 118 103 86 178 62 166 56 -32 54 -40 54 -48 55 -56 55 -64 55 -72 55 -81 55 -88 55 -97 54 -104 54 -112 54 -120 54 -129 54 -136 54 -145 54 -153 54 -160 54 -168 54 24 52 -22 54 0 0 -67 63 -68 121 -452 264 -295 265 -240 240 -248 243 -375 53
2 -191 -8 -207 -6 -208 -23 17 -32 16 59 -21 48 -13 46 -14 50 -18 53 -17 55 0 9 -16 23 -11 0 0 1 0 0 0 0 0 0 0 -16 -15 -45 -16 -46 34 -41 32 187 48 7 176 7 174 56 207 -108 16 -86 0 -126 16 22 239 -2 32 -46 176 0 236 -264 191 113 185 140 121 160 48 -40 46 -48 45 -54 46 -59 46 -68 46 -81 56 -88 45 -96 46 -104 47 -113 47 -120 46 -128 46 -136 46 -145 47 -152 46 -160 46 -168 46 -176 46 16 48 -28 44 0 0 -76 51 -345 25 -478 -79 -488 65 -228 256 -374 49
0 0 -8 10 50 -25 57 -25 33 -25 60 -26 77 -24 56 24 64 -24 51 -5 47 -8 25 -23 24 9 24 -3 18 -12 8 32 -1 34 -7 32 -14 24 -25 -8 -57 -23 27 40 -79 27 150 25 195 59 -8 200 -78 -8 -84 -18 -102 -17 -104 42 -32 266 -248 32 -4 232 -10 232 -112 233 105 155 79 71 150 42 -48 38 -56 37 -64 37 -73 48 -81 38 -89 38 -96 38 -104 38 -113 38 -120 38 -128 39 -136 38 -144 38 -153 39 -161 39 -168 38 -176 38 -184 38 -56 -24 -36 40 -62 42 -321 3 -478 -166 -488 56 -244 192 -252 231
65 -33 85 -33 81 -33 56 -34 33 -33 76 -36 81 -30 72 -13 49 14 56 16 48 -30 32 -16 0 0 24 1 0 0 0 0 0 0 0 0 0 0 -17 -16 -35 -24 -71 -38 -49 16 -59 15 -80 0 121 65 154 32 24 190 -97 25 -103 30 -176 162 -131 -29 -125 37 -9 225 2 160 105 145 128 105 103 32 145 -20 142 35 -64 30 -72 30 -80 30 112 -16 96 33 -105 30 -112 30 -121 30 -128 30 -136 30 -144 31 -152 31 -160 29 -169 31 -176 30 -184 30 -192 31 -65 -31 -82 64 -345 10 -478 -96 -488 -173 -256 273 -256 220
69 -41 89 -45 80 -45 56 -43 62 -40 71 -44 65 8 47 -11 0 0 23 -16 -24 -3 37 -23 31 -21 4 17 19 -23 11 -7 0 0 -37 -8 -27 -42 -71 -41 -160 -103 -139 -1 -106 -40 -155 -44 -64 -32 56 7 57 35 3 -137 139 25 -8 204 149 135 145 24 17 34 -137 7 -62 264 120 184 53 87 102 88 88 88 104 83 63 58 41 56 34 56 47 88 68 99 71 32 75 26 4 56 69 28 -136 22 -144 22 -152 22 -160 22 -166 21 -176 22 -185 22 -192 22 -200 23 -56 13 -344 -24 -421 -41 -483 -101 -496 -184 -462 -156
16 -16 88 -52 80 -53 71 -48 80 -48 151 19 86 -17 71 -41 62 -31 56 10 49 13 41 -33 32 16 32 -18 12 -20 11 -23 0 0 -8 -28 -24 -48 -134 -16 -67 -48 -75 -47 -159 -17 -184 -41 -169 -219 25 17 13 -112 33 17 40 20 154 -48 13 7 15 9 0 0 -137 -113 -45 146 40 209 96 158 41 68 32 16 18 16 90 80 82 81 76 91 50 140 -24 16 51 78 18 80 -58 0 0 78 6 72 51 21 36 16 -160 15 -168 14 -176 14 -184 14 -192 14 -200 14 -97 32 -347 -1 -363 -29 -471 -57 -493 -188 -462 -169
0 0 71 -56 80 -60 90 -59 76 -58 73 -59 65 -8 58 -8 63 3 55 4 49 5 40 -38 25 -24 15 -24 -42 -16 4 4 0 0 -7 -16 -8 -40 -58 -57 -96 -56 -162 -63 -82 -57 -121 -55 -103 -55 -97 -60 -114 -62 265 104 31 5 24 4 0 0 0 0 -16 7 0 0 -253 136 112 136 40 8 41 8 33 63 80 74 90 84 84 72 50 72 58 200 0 136 38 145 18 128 -32 72 17 71 24 92 49 13 40 10 32 8 -168 6 -176 7 -185 6 -192 6 -42 -53 -78 40 -46 209 -224 166 -353 -8 -436 -55 -500 -117
0 0 47 -63 95 -48 246 0 238 1 230 2 191 -15 188 -10 182 -5 193 -3 50 -32 41 -47 23 -31 27 -16 18 -48 -25 -40 0 0 -54 -22 -50 -63 -126 -29 -91 -65 -106 -63 -82 -65 -87 -63 0 0 -95 -70 -113 -66 -147 -68 -96 5 24 0 0 0 -22 -128 0 0 0 0 85 33 -280 135 0 0 107 63 0 0 0 0 0 0 0 0 0 0 28 120 32 112 -26 0 -41 1 0 0 0 0 0 0 0 0 46 3 0 0 -16 -64 -15 -62 0 0 0 -1 0 0 -208 -2 -85 -64 -144 1 -476 176 -236 160 -379 -17
0 0 57 -73 80 -6 214 -137 188 -138 180 -138 173 -137 165 -137 157 -134 288 -143 53 -39 39 -55 30 -60 2 -38 23 -56 4 -55 6 -39 -7 -56 -19 -69 -42 -68 -49 -55 -29 -52 -53 -69 -88 -56 -80 -73 -80 -72 -198 -24 -150 -70 -126 -77 -6 -5 212 -56 11 7 0 0 -9 -16 -9 -9 90 136 -16 164 103 129 108 73 102 60 77 -6 66 -4 64 56 58 124 -35 -18 52 56 48 65 37 51 16 -4 31 8 0 0 -21 24 -34 16 32 -5 16 -4 -56 27 -78 24 -89 23 -208 -8 -216 -16 -222 -6 -225 -15 -114 9 -116 102
0 -272 48 -80 204 -18 233 -15 224 -14 219 -14 208 -14 200 -14 192 -14 185 -176 40 -43 42 -64 100 -8 25 -64 8 -64 14 -64 -4 -64 -16 -64 -15 -21 -45 -48 -34 -24 -40 -33 -45 -24 -58 -64 -63 -60 -65 -33 -113 -65 -136 -80 -132 -79 -213 -31 -138 -86 -151 -48 150 61 -9 -143 31 -145 -16 -15 -24 -18 130 1 73 -17 71 -31 65 47 63 -9 47 -2 72 49 32 96 -6 48 16 40 1 -16 0 0 16 38 -13 17 -40 15 -31 17 -40 10 -63 17 -48 -8 -60 44 -41 38 -208 -33 -229 -24 -271 -144 -278 -144 -248 -23 -239 -14
0 -7 57 -89 203 -26 221 -27 103 -167 95 -167 87 -167 79 -167 71 -167 65 -168 23 -62 47 -78 19 -90 23 -72 -1 -90 -7 -92 -1 -88 -23 -88 -25 -56 -44 -40 -62 -37 -39 -56 -57 -48 -55 -29 -63 -41 -73 -87 -81 -68 -93 -63 -111 -73 -135 -92 -144 -88 -144 -92 -128 -19 119 88 189 13 -24 -27 -32 -24 -39 -25 -41 -32 71 -8 80 110 64 41 73 39 39 -7 53 40 7 6 20 -24 41 40 72 -69 -11 -24 -17 -8 -39 10 -18 -24 -56 8 -56 17 8 -79 -66 -8 -65 -24 -3 -16 -229 -32 -270 -152 -295 -152 -301 -152 -309 -152
0 -14 -6 -64 178 -33 221 -162 191 -144 183 -143 199 -160 139 -227 0 -32 178 -159 -53 -49 21 -99 12 -100 11 -99 -16 -96 -20 -100 -21 -99 -12 -97 -21 -65 -48 -65 -33 -32 -42 -36 -73 -45 -56 -64 -82 -44 -73 -90 -81 -89 -88 -84 -97 -80 -114 -97 -145 -96 -152 -100 -161 -95 -43 -33 96 28 175 1 103 30 -40 -33 -48 -34 116 -31 58 64 20 96 -145 159 47 31 26 -32 31 -32 28 -32 9 -29 69 -79 -24 0 48 -33 8 -35 0 0 -17 -16 -24 -16 -26 32 -55 31 -65 30 -80 -96 -230 -38 -305 -164 -300 -192 -241 -160 -250 -160
0 -24 57 -105 58 -108 -24 -42 -25 -236 -32 -236 -41 -235 -48 -236 -56 -235 -72 -24 -80 -22 9 -103 0 -107 -9 -105 -17 -103 -9 -105 -8 -88 -10 -96 -81 -71 -22 -88 -35 -73 -50 -72 -48 -88 -48 -72 -63 -88 -73 -104 -95 -107 -102 -108 -101 -86 -96 -96 -157 -84 -186 -103 -255 -53 -200 -104 -179 -104 -144 -57 -279 137 -104 168 -47 -40 -56 -40 128 -41 56 24 -60 152 -280 90 94 -104 95 -44 88 -34 82 -88 35 -8 1 -39 44 -104 35 -40 36 -37 -32 -32 -244 200 -377 89 -65 -105 -228 135 -176 -84 -210 -39 -114 -48 -358 -104 -435 -105 -500 -166
0 -76 89 -117 18 -114 9 -116 -27 -223 -40 -252 56 -112 -56 -25 -63 -160 -66 -223 -80 -273 7 -110 -80 -80 -10 -110 -8 -116 -16 -112 -23 -111 -32 -112 -15 -65 -23 -65 -31 -65 -39 -64 -47 -64 -63 -65 64 112 26 81 53 112 -2 143 37 113 -18 143 16 110 8 113 0 112 56 146 -272 87 96 76 100 80 95 85 98 82 21 15 34 0 -1 -49 0 -49 -16 -48 28 16 48 16 46 24 16 -44 -4 -41 8 -44 0 -2 -220 18 -378 -64 -296 -47 -304 -56 -56 83 -206 -55 -246 -176 -208 -63 -234 -56 -192 -180 -296 -175 -233 -209 -249 -176
272 136 261 -9 361 41 216 -71 -32 -169 -40 -36 176 -55 -48 -263 -61 -259 186 -72 55 -197 258 40 -96 80 -104 80 -112 79 -120 79 -122 75 -136 82 280 144 228 86 224 92 180 40 243 137 240 146 228 144 -200 81 176 120 -216 81 194 135 196 144 148 121 120 71 128 87 108 74 107 64 120 104 93 76 79 69 70 72 71 55 63 60 72 77 4 1 13 -9 56 8 51 7 14 -48 20 -51 8 -52 -4 7 -248 -90 -90 -23 -407 -231 -64 -56 -172 107 -88 -50 -205 -64 -255 -216 -245 -213 -216 -57 -44 -56 -365 -68 -377 -117 -444 -120
256 -65 248 -65 227 -69 135 -197 -28 -265 -25 -261 -32 -260 -49 -261 -50 -256 -72 -52 177 -50 250 -64 295 81 284 84 274 68 256 60 248 64 250 61 240 57 237 63 228 63 216 60 216 88 176 64 176 61 174 78 159 67 160 80 160 64 140 65 112 48 153 96 114 62 103 52 128 72 116 71 112 72 104 68 92 72 88 63 80 72 1 0 16 -15 1 0 2 0 0 0 48 1 32 0 12 1 -387 -261 -392 -262 -399 -263 -408 -262 39 -65 -7 -127 -18 -65 -205 -71 -255 -223 -305 -206 -207 -58 -237 -72 -283 -191 -301 -191 -249 -192
257 -73 236 -80 187 -232 244 -72 287 -39 182 -137 223 -72 214 -71 209 -62 167 -87 165 -77 311 -57 226 -72 232 -73 228 -18 275 64 256 48 256 62 232 56 227 48 224 55 184 42 -176 68 -184 52 216 116 211 117 -207 70 196 119 -192 80 148 70 142 64 144 56 127 46 131 56 125 56 120 57 50 -8 108 66 32 -20 88 57 27 -23 16 -1 60 -7 10 -24 0 -24 -22 -8 -34 -9 22 58 -212 -24 -383 -267 -385 -262 -399 -248 -416 -277 36 -62 -176 -73 -185 -73 -204 -79 -266 -228 -284 -230 -219 -73 -217 -80 -294 48 -370 -134 -488 -184
235 -88 200 -207 184 -228 111 -223 103 -223 95 -223 87 -223 79 -222 77 -220 76 -216 57 -216 322 -68 304 -15 299 57 273 41 260 40 255 47 216 32 -107 28 -10 48 -1 113 20 48 15 48 45 48 62 46 -169 49 -208 47 -216 61 -224 63 -232 63 172 113 120 52 128 73 120 69 104 48 96 48 96 40 80 28 81 42 80 49 64 41 56 40 43 39 38 48 41 65 24 46 16 29 24 56 -128 -80 -263 -143 -340 -144 -408 -336 -345 -276 -104 -47 -171 -84 -184 -208 -254 -208 -289 -233 -220 -83 -220 -81 -233 -80 -260 -206 -238 -208 -116 -16
381 -24 381 -27 375 -27 240 -182 234 -182 398 -89 390 -88 336 -27 328 -27 320 -27 302 -24 271 -27 292 35 275 33 272 64 76 24 59 41 56 40 112 72 8 42 -160 48 -56 40 -48 72 -167 40 -96 64 -97 57 -208 39 -192 24 -224 44 -232 60 144 72 -248 57 160 103 120 57 120 64 98 56 92 33 60 23 88 76 -312 54 -320 52 -328 52 112 138 24 41 16 47 8 30 16 26 -36 -30 -141 -92 -124 -86 -109 -162 -155 -153 -104 -85 -7 -86 -95 -87 -134 -104 -191 -103 -255 -247 -329 -232 -342 -217 -225 -81 -101 -45 -463 120 -256 123
383 18 384 32 386 46 384 44 369 43 345 24 336 24 333 27 321 24 307 22 272 16 101 32 96 32 184 64 -112 40 -120 40 295 104 -136 50 -113 65 -152 48 -143 32 -64 55 -96 36 103 32 -80 32 -70 76 -81 63 -216 33 -224 32 -104 80 -240 34 -248 47 160 96 -264 44 81 16 -280 48 -288 34 -261 48 -304 32 -304 24 -320 33 -320 37 -336 30 76 98 32 48 25 28 18 15 17 -96 -179 -256 -145 -102 -141 -94 -164 -99 -279 -221 -344 -95 -240 -112 -239 -105 -256 32 -211 -99 -328 -236 -195 -224 -89 -34 -382 14 -365 -91 -405 -126
381 16 386 42 362 14 359 21 352 42 352 54 368 89 -56 40 -64 23 -72 31 351 97 -88 37 -96 38 -104 40 -112 42 -120 24 -128 36 -136 40 -144 24 -152 24 -32 56 -40 6 -48 87 -62 24 -192 32 -69 24 -117 25 -91 12 -92 24 -138 22 -176 56 -120 73 -192 55 -249 25 -137 87 -184 22 -242 88 -185 40 -224 30 -184 72 -320 26 22 -24 80 87 40 56 32 36 25 9 -112 -104 -136 -114 -140 -108 -184 -264 -269 -257 -275 -256 -287 -233 -168 -104 -1 -171 -57 -9 -95 -121 -212 -112 -330 -248 -222 -111 -211 -102 -218 -103 -111 -168 -142 -103
376 32 346 -24 -16 30 -24 30 -32 30 -40 29 361 80 -40 72 -64 29 -72 30 332 80 321 81 327 81 314 79 -112 34 -120 16 -32 16 -56 16 -16 78 -30 32 -25 69 -115 80 -48 16 -96 4 -64 80 88 -1 -48 48 52 14 -96 16 -43 16 -80 48 -166 12 -70 16 -136 80 0 17 -128 16 -160 80 -12 21 -240 0 -289 0 -304 40 26 8 -336 29 72 79 32 16 24 7 -3 -50 -113 -192 -134 -240 -209 -243 -265 -252 -274 -254 -287 -241 -168 -115 1 -87 -82 15 -53 16 -212 -118 -330 -255 -343 -241 -225 -104 -231 -239 -110 -48 -299 -40
416 69 -8 30 5 -1 -24 7 -32 8 -40 9 -45 9 -56 10 64 40 -25 81 48 41 -1 16 -32 39 -104 8 16 8 -105 -8 -128 12 -39 9 -144 12 -152 14 -48 24 -42 70 80 8 152 38 64 8 72 6 49 10 48 12 40 8 24 40 32 24 -58 8 -96 40 24 89 -8 8 0 16 -163 71 -182 23 -232 40 -183 12 -320 9 105 79 -336 24 71 72 16 8 23 5 16 -3 36 23 -32 -72 8 -56 -8 -58 -157 -248 -290 -248 -166 -118 -1 -188 -100 -120 -87 -121 -212 -124 -328 -264 -216 -249 -30 -89 -324 72 -354 -152 -486 -152
0 12 -8 20 0 0 74 0 46 0 56 25 -48 16 -36 -16 64 33 24 17 -62 -16 -88 3 -75 -1 -104 0 -112 0 -64 24 0 0 -134 1 -106 17 -76 0 -94 0 120 -8 -112 -1 -167 0 -64 -16 72 0 48 1 48 -2 62 95 28 32 8 8 -2 0 0 0 4 3 -150 -16 -232 72 -192 0 -200 19 -186 -14 -269 -5 -304 17 64 40 -336 15 74 62 10 -8 18 -8 18 0 12 0 6 -1 -8 -9 0 0 -41 -63 -10 -66 -56 -96 7 -191 1 -192 -10 -128 -199 -223 -244 -254 -216 -255 -67 -130 -169 -95 -362 -144 -404 -127
0 0 416 57 0 -24 -16 -8 -32 10 -40 -8 -11 8 -56 -9 -64 8 -72 -7 -60 -26 -88 8 -88 -10 -88 -20 -94 -9 -120 8 -112 -24 -136 -8 -47 17 -28 56 -33 23 -44 52 100 -4 89 -3 -128 -7 50 -8 56 -10 31 24 46 -8 23 -8 31 -9 0 0 0 0 8 -8 -80 2 -216 -15 -179 8 -232 54 -176 56 -214 -8 -224 -8 -324 -5 -336 -7 -344 7 64 52 67 57 -1 -8 5 -8 0 0 0 0 -4 0 -68 -80 -20 -48 -16 -73 -14 -63 -40 -136 -80 -105 0 -130 -10 -132 -16 -132 -96 -104 -99 -103 -104 -132 -124 -127
420 48 395 17 0 0 -24 3 -32 -1 -40 -3 -48 -12 -56 -24 -64 1 -72 -16 -80 -20 -88 -16 -96 -13 -40 16 -112 -14 -103 -17 -128 -15 -136 -16 -112 -14 -24 52 -114 48 -56 -24 82 -15 89 -17 63 -16 62 -17 32 4 46 -16 64 0 8 16 0 0 0 0 0 0 4 32 -16 -16 -24 -16 -14 -14 -168 48 -176 48 -40 -15 -224 -15 -328 -14 -200 16 -328 -34 -352 3 56 47 54 49 0 0 8 0 -9 -17 -16 -24 -33 -36 -16 -14 -72 -95 -52 -79 -31 -77 -32 -71 -58 -136 -66 -136 -76 -136 -82 -144 -89 -136 -99 -136 -88 -67
378 -17 378 -7 -16 -8 394 41 386 39 -40 -24 -48 -11 -56 -6 -64 -28 -53 -41 -80 -9 -88 -23 -96 -24 1 1 -112 -26 -112 -24 -52 -40 -56 -41 -24 -40 120 -22 112 -24 104 -20 93 -23 63 -23 56 -17 64 -26 47 24 64 8 -38 44 48 8 8 -24 53 9 -16 8 -16 8 -48 -24 -89 41 -20 -24 -33 -23 -32 -26 -24 -24 -272 40 -282 40 -208 -22 -344 -24 -352 -8 -360 -24 -368 0 8 9 -32 -41 -12 -16 -16 -31 -23 -26 -32 -32 -26 -22 -107 -153 -86 -105 -64 -87 -40 -81 -48 -92 -62 -74 -66 -88 -72 -80 -80 -75 -120 -90
368 -33 366 -33 361 -13 367 -1 400 40 -38 -22 -48 -23 344 32 -44 -17 -72 -34 -80 -32 -72 -43 -96 -31 -104 -24 -112 -28 -24 17 -128 -33 -9 17 -16 -32 0 0 144 -32 20 -48 92 -34 88 -32 64 -30 64 -31 32 16 -28 30 16 0 40 -15 0 16 0 0 28 -1 20 -2 -9 -33 -22 -28 -16 -32 -41 -28 -32 -30 -152 16 -32 -34 -145 -23 -240 -33 -228 -16 -336 -32 -344 -32 -364 -31 -376 -18 0 0 -36 -65 -15 -16 -24 -32 -32 -36 -40 -51 -32 -28 -40 -36 -119 -161 -127 -160 -48 -95 -94 -96 -97 -96 -77 -96 -117 -96 -126 -95
368 -48 384 -20 368 -24 396 25 380 24 376 22 336 -8 372 24 -38 -56 27 -32 48 -8 8 -24 -96 -42 -104 -23 17 -8 -104 -57 -32 -22 -9 23 128 -41 -74 24 -40 22 112 -33 96 -38 71 -40 80 -32 76 -22 32 -9 24 -8 -45 33 30 -39 32 -21 16 -42 16 -56 -8 -40 -16 -36 -10 -40 -17 -40 -160 24 -176 22 -186 24 -224 -24 -200 -56 -275 -53 -327 -44 -336 -40 -360 -40 -368 -38 -376 -23 -384 -27 28 25 -32 -41 -16 -23 -34 -40 -33 -39 -30 -27 -42 -38 -48 -38 -116 -112 -112 -119 -121 -120 -124 -121 -134 -120 -142 -120 -155 -119
392 -28 383 -29 338 -59 415 32 320 -54 374 14 -48 -34 -56 -32 -64 -35 52 0 48 -16 46 -38 -96 -44 -104 -48 -36 -16 -40 -11 -112 -65 -24 -16 -16 -65 -17 -24 -48 -48 -104 16 94 -50 104 16 80 -52 80 -16 48 -54 24 -24 0 0 -43 14 16 -47 40 16 -2 -56 24 -16 -16 -47 -2 -41 16 0 -23 -45 -144 0 -48 -48 -129 -39 -200 12 -288 24 -278 24 -216 -16 -280 -13 -368 -46 -376 -48 -384 -32 26 16 -16 -32 -28 -33 -32 -49 -36 -50 -48 -56 -48 -52 -48 -40 -52 -36 -62 -43 -124 -127 -150 -177 -140 -127 -144 -127 -164 -123
376 -58 383 -36 342 -64 392 7 392 8 -40 -42 -48 -60 -56 -56 64 -24 12 -48 -14 -65 71 8 32 8 -4 -58 78 -56 5 -25 -31 -58 -9 -74 -23 1 -24 4 88 -55 128 -56 100 -72 88 -52 80 -56 104 -8 48 22 44 -24 -45 -12 31 -57 16 -54 35 -24 16 -44 -13 -23 -16 -56 -24 -55 -24 -56 -7 -55 -46 -59 -24 -55 -168 -73 -56 -56 -49 -52 -208 8 -256 -56 -244 -72 -272 -5 -376 -56 -384 -57 -392 -44 16 8 10 4 -64 -88 -45 -56 -60 -55 -56 -62 -64 -62 -73 -69 -65 -47 -69 -50 -78 -54 -148 -129 -94 -52 -103 -48
392 -41 368 -65 360 -47 400 1 -32 -49 -24 -84 80 -28 -8 2 -16 0 -3 -71 -48 -62 184 -64 18 -48 -40 -75 -48 -32 -108 -59 0 -9 -8 -64 132 -65 120 -64 128 -64 80 -68 96 -64 84 -64 64 -62 61 -63 48 -3 24 -25 40 -64 32 -63 16 -64 32 -32 0 16 -8 -64 -6 -64 -12 -66 -32 -64 -23 -64 -240 -1 -42 -66 -50 -66 -52 -64 -143 -56 -62 -56 -216 -36 -264 -64 -368 -49 -376 -64 -384 -48 -392 -50 -400 -48 10 -1 32 27 -60 -66 -48 -48 -64 -62 -64 -64 -67 -64 -70 -56 -91 -83 -84 -56 -88 -59 -194 -120 -100 -54
394 -56 368 -70 322 -117 400 -8 -32 -63 -22 -89 48 -56 67 -15 17 -40 52 -7 -25 -8 40 -8 -32 1 168 -71 16 -15 -24 -72 -60 -8 136 -68 124 -72 136 -68 105 -72 88 -72 80 -72 78 -68 64 -72 56 -17 40 -36 -16 -24 4 -32 16 -65 9 -72 -10 -50 0 -70 0 -72 0 -72 -8 -70 -20 -73 -8 -74 -176 -9 -184 -8 -192 -9 -60 -72 -208 -8 -74 -74 -296 -8 -240 -88 -352 -72 -358 -88 -384 -70 -392 -55 -400 -56 -408 -70 -412 -72 -70 -78 -78 -86 -54 -54 -64 -56 -72 -74 -78 -79 -88 -91 -96 -91 -86 -67 -94 -67 -104 -72
390 -75 367 -79 360 -64 390 -17 344 -48 -8 -88 -48 -80 72 -81 64 -74 -24 -16 18 -62 35 -16 -64 -78 56 -32 -48 -93 6 -80 0 -17 140 -71 130 -79 109 -78 127 -48 72 -48 10 -17 100 -49 0 -13 55 -17 -21 -15 -27 -17 30 -88 51 13 0 -80 -32 -64 -8 -45 -40 -48 -2 -64 -8 -75 -224 -88 -232 -91 -35 -80 -39 -80 -48 -77 -194 -16 -280 -16 -74 -78 -224 -16 -264 -82 -240 -48 -240 -50 -384 -80 -295 -80 -400 -81 -408 -64 -416 -65 -424 -67 -432 -70 -78 -88 -64 -64 -83 -80 -72 -80 -87 -87 -80 -68 -88 -78 -96 -78 -108 -73
385 -96 386 -80 360 -92 343 -88 320 -124 -40 -81 -48 -79 -56 -92 -64 -88 22 -68 -77 -87 -88 -88 32 -24 24 -31 16 -24 66 -67 122 -88 122 -88 112 -85 120 -40 79 -51 72 -24 11 -23 44 -40 58 -8 72 -8 48 -8 30 -26 -36 -24 12 -56 0 -56 2 -26 0 -92 -13 -92 -8 -88 -27 -85 -96 -104 -8 -85 -161 -63 -40 -88 -256 -88 -41 -105 -208 -34 -76 -88 -80 -104 -92 -89 -238 -24 -252 -32 -320 -24 -264 -55 -386 -104 -311 -72 -288 -56 -384 -104 18 8 -93 -125 -64 -72 -72 -88 -76 -89 -88 -106 -83 -86 -88 -85 -96 -88 -106 -88
322 -225 325 -227 370 -104 368 -77 324 -138 376 -32 -48 -79 -55 -97 -64 -79 24 -81 48 -113 22 -48 -48 -32 24 -40 9 -33 148 -100 128 -94 133 -98 128 -96 96 -96 96 -48 68 -72 80 -32 32 -32 72 -16 48 -36 59 -17 -23 -40 32 -34 32 -17 -48 -64 33 -64 0 -95 -12 -64 -88 -74 -24 -92 -32 -96 -24 -96 -16 -60 -40 -100 -32 -97 -80 -96 -88 -96 -150 -113 -80 -81 -200 -32 -113 -95 -38 -65 -280 -88 -266 -33 -304 -68 -332 -113 -352 -64 -424 -97 -432 -80 -80 -96 -90 -96 -82 -98 -72 -100 -66 -81 -96 -115 -148 -169 -156 -171 -160 -172
329 -232 386 -167 372 -108 348 -104 346 -101 383 -39 -48 -80 -56 -90 -64 -88 -52 -117 48 -58 40 -96 32 -47 -6 -72 -88 -104 152 -106 144 -101 112 -104 112 -104 56 -64 88 -90 42 -72 90 -24 88 -24 56 -41 68 -24 48 -42 6 -20 -32 -40 12 -40 -48 -39 -57 -39 -16 -40 -80 -36 -80 -36 -64 -92 -32 -112 -24 -96 -48 -103 -64 -103 -64 -103 -80 -103 -71 -103 -96 -52 -105 -108 -88 -104 -120 -108 -104 -106 -352 -104 -270 -45 -264 -40 -277 -118 -320 -80 -414 -104 -432 -104 -56 -70 -64 -75 -72 -110 -72 -107 -88 -111 -80 -98 -149 -177 -171 -233 -162 -180
384 -240 314 -241 380 -104 363 -115 354 -92 314 -146 364 -50 -48 -119 -64 -112 -72 -113 48 -112 -88 -113 -80 -128 22 -79 144 -111 150 -112 -32 -24 112 -112 96 -63 84 -80 86 -48 96 -33 72 -53 64 -52 60 -48 49 -48 40 -52 31 -53 24 -53 16 -53 8 -53 0 -53 -8 -53 -48 -40 -24 -32 -32 -80 -96 -47 -72 -80 -39 -76 -60 -60 -66 -121 -106 -32 -164 -48 -116 -56 -160 -47 -80 -80 -112 -109 -120 -108 -264 -56 -274 -128 -272 -124 -278 -128 -288 -78 -416 -120 -432 -112 -31 -49 0 1 -72 -116 -80 -119 -88 -120 -81 -103 -88 -110 -156 -187 -156 -192
382 -247 379 -247 319 -252 359 -129 356 -120 344 -104 332 -102 368 -54 -64 -111 -72 -122 -64 -136 -88 -120 -78 -136 24 -127 175 -115 5 -56 144 -120 103 -72 104 -118 56 -88 85 -61 97 -40 72 -60 68 -56 56 -60 52 -56 40 -60 32 -61 24 -60 16 -61 8 -61 4 -56 -8 -61 -16 -60 -8 -38 -8 -42 -32 -59 -107 -55 -112 -98 -84 -104 -80 -88 -56 -40 -88 -60 -88 -58 -96 -55 -118 -124 -112 -86 -109 -121 -256 -52 -296 -122 -330 -87 -408 -112 -320 -104 -424 -112 -432 -103 -23 -57 -56 -88 -83 -120 -72 -121 -90 -139 -80 -112 -86 -114 -167 -249 -176 -248
