5 1 -8 227 49 191 41 191 32 191 25 197 49 187 42 187 32 193 48 188 39 188 8 196 28 191 22 192 13 209 -42 257 -66 256 -7 251 -15 251 -23 257 -31 257 95 463 -47 257 -55 257 -62 257 -71 252 -79 252 -68 224 -76 224 -140 224 -112 252 -119 251 -127 251 -134 224 -191 256 -151 240 -223 223 -230 224 -243 256 -243 254 -259 256 -245 256 -208 212 -223 197 -232 196 -256 188 -256 207 -263 193 -257 209 -267 210 -334 254 -336 245 -298 192 -422 129 -432 269 -440 296 -448 296 -456 296 -464 296 -472 296 -480 296 -488 296 -496 296 -504 296
0 120 -7 216 14 185 40 183 32 186 25 187 49 179 39 184 32 185 127 252 15 200 17 182 28 184 21 201 15 201 -41 247 -62 244 -7 245 -15 245 -23 244 -30 249 -38 249 -47 249 -54 249 -62 246 -115 251 -84 212 -212 122 -220 122 -228 122 -113 246 -119 244 -127 244 -135 243 -143 244 -150 216 -159 243 -166 216 -174 216 -182 216 -189 216 -198 219 -206 216 -279 248 -222 216 -296 248 -284 249 -253 203 -256 201 -327 241 -327 235 -285 193 -320 188 -344 185 -367 184 -436 122 -444 122 -443 72 -464 28 -470 272 -480 29 -487 262 -495 263 -504 262
0 -14 -8 208 -16 175 8 204 33 174 24 179 49 171 39 176 36 173 103 243 32 172 26 172 18 176 21 193 -33 241 -40 243 -63 236 -6 208 -15 235 -23 235 -31 235 -39 236 -47 236 -55 236 -63 235 -73 231 -143 240 -87 235 -95 235 -102 235 -112 236 -119 235 -127 236 -135 237 -143 237 -150 208 -158 209 -167 208 -174 209 -182 208 -191 236 -198 208 -206 208 -218 204 -222 208 -229 207 -238 208 -296 228 -309 229 -267 194 -273 177 -297 191 -306 192 -308 172 -316 172 -319 172 -346 172 -363 175 -405 176 -408 175 -416 175 -488 180 -494 -16 -502 30
4 243 -8 -24 -8 -20 4 207 -2 167 24 165 44 169 41 163 37 165 48 164 40 164 28 168 28 167 21 185 13 185 -10 217 -52 220 -11 199 -16 229 -23 227 -31 227 -39 228 -47 228 -55 228 -63 228 -71 228 -79 228 -87 228 -95 228 -103 227 -111 227 -119 228 -128 229 -135 229 -143 229 -150 200 -158 200 -166 200 -173 201 -182 200 -190 200 -196 200 -210 198 -268 220 -255 200 -358 242 -316 216 -256 177 -262 176 -347 226 -270 184 -290 164 -380 166 -424 270 -432 267 -412 161 -327 164 -281 235 -368 168 -376 163 -416 170 -488 159 -496 104 -503 247
4 233 -8 -24 -9 -23 -23 195 -32 152 14 156 21 158 41 155 33 161 25 161 40 158 34 159 24 158 23 159 13 177 5 177 -2 176 -60 223 -16 188 -13 188 -32 220 -40 220 -47 220 -55 220 -63 221 -71 221 -79 221 -87 221 -95 220 -103 221 -111 221 -119 221 -117 188 -128 188 -142 192 -150 192 -158 192 -164 191 -184 169 -232 209 -235 209 -328 225 -336 233 -344 241 -352 264 -360 264 -368 264 -376 263 -384 264 -392 261 -400 263 -408 262 -416 264 -424 264 -432 241 -440 264 -433 216 -336 156 -368 161 -377 160 -400 159 -487 196 -495 96 -503 238
4 225 -8 -40 -12 219 -23 186 -32 145 25 151 20 150 40 147 32 152 26 152 -41 140 5 154 16 149 -69 150 -112 224 8 160 1 152 -11 168 -67 204 -26 181 -34 181 -42 179 -47 213 -55 213 -53 180 -68 185 -75 184 -118 182 -221 201 -232 225 -240 217 -123 180 -130 180 -132 184 -175 183 -156 180 -212 204 -166 153 -300 91 -247 151 -243 155 -323 91 -336 9 -344 257 -352 257 -360 257 -368 256 -376 257 -384 231 -392 256 -400 256 -408 256 -416 256 -424 256 -432 233 -440 256 -399 150 -360 153 -368 153 -377 152 -409 146 -457 152 -495 87 -504 2
2 220 -6 218 -12 214 -24 176 -31 176 -23 142 16 142 12 140 31 145 24 145 16 145 8 145 0 145 -9 142 -53 144 54 211 -13 142 -5 160 -18 160 -52 176 -84 207 -92 196 -98 195 -58 172 -67 172 -124 196 -81 145 -212 81 -224 2 -232 248 -206 175 -176 196 -183 195 -130 160 -161 140 -207 197 -207 207 -169 160 -175 151 -185 161 -192 160 -218 160 -277 144 -285 145 -267 -41 -357 1 -368 225 -376 224 -384 225 -392 225 -400 225 -408 248 -416 248 -424 248 -432 248 -440 200 -422 139 -360 145 -369 144 -376 139 -448 141 -487 153 -495 215 -504 247
0 217 -8 240 -16 238 -24 239 -32 240 -38 214 -48 179 -26 136 2 132 6 135 13 136 9 131 -1 137 -9 137 -16 137 -24 137 -32 139 -23 133 -32 134 -15 151 -35 144 -43 152 -50 152 -56 152 -65 152 -85 144 -84 144 -87 152 -127 151 -110 140 -123 151 -118 140 -133 152 -139 153 -145 152 -179 143 -152 152 -167 152 -176 152 -187 153 -195 153 -201 152 -208 153 -225 152 -293 135 -336 -52 -364 -16 -376 -28 -384 215 -392 217 -400 217 -408 240 -416 239 -423 215 -431 216 -440 240 -402 128 -426 135 -370 140 -439 135 -480 212 -488 239 -496 240 -504 240
0 209 -8 232 -16 232 -24 232 -32 203 -38 194 -48 -53 -56 192 -63 159 -53 125 -61 127 -60 125 -17 127 -12 130 -20 131 -82 126 -128 212 -136 230 -144 184 -152 -2 -160 230 -168 228 -158 184 -71 125 -191 202 -200 232 -208 229 -216 210 -224 228 -119 126 -120 124 -211 125 -256 200 -232 126 -272 232 -280 211 -288 193 -183 125 -191 126 -176 143 -194 127 -192 144 -205 144 -227 126 -236 128 -282 129 -364 67 -375 208 -383 204 -383 152 -342 127 -345 129 -352 127 -422 -64 -432 209 -439 191 -442 184 -453 -12 -464 232 -472 232 -480 232 -488 232 -496 232 -504 232
0 224 -8 224 -16 224 -24 225 -32 224 -40 205 -48 201 -56 223 -64 204 -71 196 -80 224 -88 220 -96 194 -104 194 -112 184 -120 224 -128 201 -136 224 -144 224 -152 223 -160 224 -168 224 -176 201 -184 224 -192 224 -200 224 -208 224 -216 224 -224 224 -232 224 -240 224 -248 223 -256 224 -264 223 -272 224 -280 224 -288 220 -296 204 -303 185 -311 150 -222 126 -213 116 -217 118 -344 220 -352 184 -355 187 -366 56 -374 16 -384 226 -283 116 -272 121 -346 184 -334 184 -345 124 -432 -42 -440 224 -448 224 -456 224 -464 224 -472 229 -480 -22 -473 72 -480 72 -405 185
0 216 -8 216 -16 216 -24 193 -32 216 -40 216 -48 216 -56 216 -64 216 -72 216 -80 216 -88 215 -96 198 -104 192 -112 216 -120 216 -128 216 -136 216 -144 216 -152 216 -160 216 -168 216 -176 216 -184 193 -192 216 -200 216 -208 216 -216 216 -224 216 -232 216 -240 216 -248 216 -256 216 -264 216 -272 -29 -276 50 -272 65 -211 80 91 240 -41 176 -50 177 -76 168 -96 162 -75 179 -96 168 -117 176 -122 174 -132 167 -138 173 -146 171 -154 171 -160 173 -170 171 -176 170 -211 158 -201 161 -208 159 -182 186 -225 159 -296 47 -288 47 -233 178 -233 177 -60 180
0 -37 43 -3 -16 190 -24 190 -32 186 -40 -38 -47 -57 -41 57 -48 57 23 73 19 169 299 232 293 232 232 95 158 168 150 169 142 169 134 169 126 170 118 169 110 169 102 169 94 170 86 169 202 232 -184 56 -208 -52 -201 56 -130 72 -228 42 -225 57 138 232 14 169 0 170 -16 170 -36 163 -80 8 -102 40 -110 40 -83 39 -75 160 -88 156 -80 160 -103 156 -108 158 -115 162 -124 164 -169 8 -208 6 -248 8 -266 16 -272 25 -281 24 -289 24 -297 25 -305 25 -300 25 -260 9 -272 40 -180 38 -274 40 -241 165 -241 165 -52 173
244 155 237 155 228 149 216 143 226 162 217 160 207 158 200 159 192 152 186 158 175 159 173 160 166 162 151 152 129 150 124 152 78 -1 37 -1 0 0 0 0 0 0 -2 0 0 0 17 16 0 0 0 0 0 0 -4 32 36 159 30 161 16 162 8 162 -13 158 -9 32 -17 34 -20 168 -43 156 -52 151 -94 32 -97 0 -113 0 -121 0 -131 0 -171 -3 -201 0 -207 0 -224 8 -232 15 -243 13 -253 17 -265 16 -272 16 -281 17 -289 17 -297 17 -306 19 -313 16 -321 16 -329 16 -337 16 -270 1 -238 152 -253 156 -230 170
200 -6 168 -8 136 -8 134 -8 108 0 112 0 74 0 190 146 200 161 182 25 177 147 167 25 346 280 153 147 133 148 86 -8 10 -8 8 -4 0 2 0 -1 -16 -5 -24 -8 0 -6 -14 -8 0 0 -14 -8 -16 -8 -28 -8 -15 -8 13 147 0 25 10 160 10 155 -19 141 -27 147 -79 -8 -86 -7 -112 -10 -116 -8 -114 0 -160 -8 -151 -7 -160 -7 -192 -8 -208 -3 -201 8 -204 8 -190 -8 -232 8 -250 10 -265 9 -273 9 -281 9 -287 8 -304 3 -303 3 -313 9 -320 8 -329 10 -304 8 -346 10 -354 10 -357 12 -340 7
248 15 211 17 204 16 197 16 209 15 181 16 146 16 139 15 143 -17 191 139 303 79 294 79 142 128 141 140 52 2 74 2 13 -15 -1 0 0 -1 2 0 0 0 0 0 -16 -16 -6 -15 -16 -16 -1 0 -22 -16 -28 -15 0 0 -27 -16 7 138 -2 140 -64 -18 -77 -17 -86 -17 -82 -16 -102 -16 -109 -17 -118 -16 -126 -16 -134 -16 -128 -5 -160 -15 -177 0 -160 -3 -163 -16 -167 -16 -131 141 -208 -15 -248 0 -247 8 -249 8 -281 2 -260 0 -246 -16 -195 15 -201 17 -235 17 -252 16 -228 140 -218 136 -105 160 -107 264 -148 272
344 257 393 278 359 176 295 128 400 70 215 123 207 8 192 8 171 10 157 8 114 6 93 5 71 -8 61 -8 54 1 44 -8 80 -8 30 -8 42 -24 0 0 -16 -8 -12 -7 -36 -17 -38 -20 -32 -16 -40 -21 -31 -24 -20 -16 -24 -10 -42 -24 -53 -23 -59 -24 -64 -25 -76 -24 -79 5 -84 6 -95 8 -48 136 -56 132 -69 132 -76 129 -118 8 -82 9 -182 8 -113 8 -162 6 -173 7 -180 7 -192 7 -199 8 -157 7 -161 7 -196 10 -297 8 -177 200 -174 346 -240 329 -213 131 -276 5 -207 146 -288 5 -277 -24 -110 157 -503 201
0 0 0 0 13 62 105 132 364 256 217 17 209 0 344 64 368 126 391 127 343 56 166 2 317 268 235 248 137 1 129 -1 0 0 128 119 293 128 99 -1 97 -1 92 -1 0 0 43 1 0 0 0 0 37 124 21 1 0 0 -40 0 0 0 0 0 0 0 1 133 -12 128 -24 123 -44 120 -41 -1 -56 128 -42 0 -112 0 -81 120 -80 130 -88 127 -137 1 -156 0 -126 126 -131 1 -135 132 -258 -32 -265 3 -28 272 -32 145 -160 128 -339 224 -119 257 -53 113 -235 0 -218 0 -17 160 -270 -32 -242 0 -45 159 -250 0
55 56 48 56 53 56 72 54 68 53 61 50 147 119 39 87 -28 54 -72 120 241 183 103 88 1 87 25 114 227 240 8 116 128 106 126 128 147 24 167 153 79 105 105 132 210 138 155 239 149 241 136 248 111 241 40 119 17 118 24 121 160 120 134 120 0 104 -71 -7 -28 111 -33 117 -153 -7 104 120 131 120 139 65 45 136 -87 114 -90 -9 -117 40 -125 -40 -118 -7 -49 128 -119 104 -123 -40 -173 -7 -198 -12 -66 124 -91 240 -95 242 -240 312 -248 312 -128 248 -72 255 -86 241 -87 252 -60 272 -184 117 -175 115 -71 288
119 52 64 49 83 112 101 51 64 65 87 50 82 49 9 79 -64 -114 24 16 -76 -14 -84 -14 -88 -14 22 96 16 96 8 95 129 96 -10 -18 61 235 239 105 44 -48 31 -48 80 -16 -55 111 -64 107 -70 117 46 305 248 125 22 -16 16 -16 209 144 7 113 -5 120 -71 -16 -79 -15 -39 -17 -34 -15 109 235 0 0 8 239 80 247 -70 2 -89 -16 30 113 40 111 -7 80 33 240 -25 136 15 112 -70 145 -177 272 -177 241 -416 176 -38 245 -47 244 -40 242 -54 240 -199 114 -64 272 -281 353 -288 353 -222 321 -365 112 -420 112
408 232 119 108 385 44 392 103 287 137 339 120 336 124 172 233 5 43 175 -24 370 -39 130 -8 222 120 160 152 256 235 136 103 127 102 232 40 216 104 223 104 103 101 87 105 89 105 200 123 212 239 165 104 185 103 173 168 169 168 128 105 -240 240 177 128 0 101 -139 -24 65 87 100 41 128 120 87 41 153 47 85 232 79 239 74 240 17 137 38 40 -82 106 -102 105 46 35 -118 106 -129 104 -135 105 -144 102 -151 105 -161 103 -154 106 -66 104 -73 104 -33 100 -210 102 -32 37 -136 104 -92 238 -479 167 -96 240 -278 280
322 96 218 288 123 60 415 95 352 127 416 96 216 91 249 96 1 63 0 0 0 0 0 0 -80 -16 304 223 286 228 167 88 314 96 301 96 146 49 287 95 275 105 267 94 81 -31 248 95 266 94 183 132 119 97 103 97 93 88 70 99 63 95 205 99 192 96 -8 95 -16 95 -26 103 -24 98 -40 94 -40 97 -56 95 -65 94 -73 94 48 32 64 31 81 98 97 99 89 99 44 104 0 128 -8 125 -16 128 -22 128 -16 104 -104 76 -124 76 -43 218 -44 236 -48 240 -84 236 -248 288 -214 303 -359 93 -360 60 -407 63
1 101 -6 98 -14 94 -13 -160 304 208 297 207 333 209 240 85 209 96 187 90 192 -41 168 88 173 93 208 105 199 209 281 216 192 105 176 80 183 75 175 74 238 96 213 122 256 96 268 92 258 92 186 122 189 96 109 72 102 72 96 76 141 96 152 95 128 113 189 91 177 87 94 20 -33 86 -41 86 -48 86 -57 86 -64 86 -73 86 -81 86 28 30 101 85 96 86 50 84 81 86 24 79 18 78 -16 119 -24 118 -32 96 -35 91 -105 77 -103 88 -46 221 -58 222 -78 234 -215 217 -284 307 -359 83 -416 72 -376 44
12 -176 7 -176 14 42 40 16 25 16 18 17 8 17 137 93 70 -64 63 -64 54 -63 47 -63 40 -63 26 32 113 273 185 95 183 80 308 235 171 80 164 80 217 89 214 108 239 79 234 76 239 104 130 66 114 97 189 208 102 65 97 65 90 65 72 59 112 110 120 109 175 84 168 82 89 21 -40 78 -49 78 -57 78 -65 78 -73 78 -81 78 46 18 41 17 60 78 88 77 43 77 34 78 26 77 18 76 0 72 -32 106 -38 112 -48 80 -106 63 -118 80 -22 223 -60 225 -408 305 -190 255 -359 76 -365 51 -453 58
64 6 24 6 47 7 46 7 62 8 -9 8 -18 7 0 0 133 72 125 72 117 72 -60 3 95 41 -9 9 0 0 76 72 121 -55 121 67 104 72 100 64 95 71 88 72 80 69 70 72 252 71 138 57 188 212 68 205 144 196 166 200 63 90 157 205 123 80 120 99 140 73 102 8 -33 71 -41 70 -48 71 -57 70 -64 71 -72 70 -81 70 -89 70 -97 70 -105 70 15 8 24 8 15 8 18 8 56 72 8 72 0 72 -16 65 -47 104 -56 73 -61 72 -120 73 -62 201 -84 219 -254 193 -268 317 -367 40 -423 58
0 0 57 0 0 0 -24 31 0 0 -38 -184 -16 33 0 0 0 0 29 -2 0 0 -23 0 0 0 11 2 0 0 0 0 0 0 59 64 180 183 284 63 262 192 150 79 257 72 254 64 195 95 133 63 180 197 194 216 179 191 170 198 -50 288 139 65 128 66 120 92 144 62 128 0 -33 62 -41 62 -48 62 -57 62 -64 62 -73 62 -81 62 -89 62 -97 62 -104 62 -113 62 -121 62 -128 62 -18 -1 -32 -4 -34 -2 -28 -1 -24 1 -13 62 -36 56 -63 97 -67 64 -129 62 -84 195 -455 193 -255 279 -367 59 -374 36
19 -10 -3 50 -16 -192 -15 -200 -32 -72 3 -164 18 -6 43 -10 33 -9 39 -11 28 -7 -55 -9 -67 -9 -3 -1 -19 22 0 0 0 0 0 0 -43 -12 44 56 31 249 188 183 112 24 122 46 196 179 -12 184 -16 296 -87 61 111 185 166 185 160 183 -120 217 67 64 118 91 162 65 166 56 -32 54 -41 54 -49 55 -56 55 -64 55 -73 55 -81 55 -89 54 -97 54 -105 54 -113 54 -121 54 -129 54 -137 54 -144 54 -153 54 -161 54 -169 54 -42 -9 -22 54 -38 46 -72 58 -63 185 -132 180 -288 248 -220 264 -233 263 -375 51
4 56 -8 -200 -6 -208 -24 -18 -9 -186 58 -21 47 -14 59 -20 52 -16 40 -19 55 0 9 -16 26 -12 -7 -17 0 0 0 0 0 0 0 0 -14 -15 -55 0 -58 20 -69 49 186 47 28 290 66 113 72 240 -133 47 -87 0 -127 16 -41 273 -2 33 -25 236 -64 240 118 174 125 177 139 71 160 48 -40 45 -48 46 -54 46 -60 46 -68 46 -81 55 -89 46 -96 46 -105 47 -112 46 -121 46 -128 46 -136 46 -145 46 -153 46 -161 46 -170 46 -176 46 -46 -12 -30 45 -16 -12 -159 48 -345 -1 -477 -160 -488 52 -328 296 -375 43
3 -86 -8 -86 -15 -35 -22 -25 0 0 57 -22 77 -25 67 -7 60 -24 53 -9 54 -10 25 -24 -32 35 23 -4 15 -7 -55 38 -63 38 -79 40 -81 40 -26 -7 -57 -23 27 40 -79 27 133 31 195 58 56 232 -78 -8 -83 -4 -103 -17 -104 43 -46 279 -26 79 7 247 -73 199 -72 152 120 177 107 75 148 42 -48 38 -56 38 -65 48 -73 48 -82 38 -89 38 -96 38 -105 38 -112 38 -120 38 -128 38 -136 38 -145 38 -154 38 -161 39 -168 38 -177 38 -185 38 -193 38 -63 -25 -78 40 -344 -8 -477 -167 -488 60 -239 165 -241 247
0 0 56 -32 63 -37 -24 -37 -32 -38 72 -34 76 -30 69 -15 64 -12 26 26 48 -32 35 -32 0 0 24 1 0 0 -54 28 0 0 0 0 -64 16 -17 -16 -34 -24 -71 -38 -50 16 -57 15 -95 20 121 65 153 32 -4 224 -159 1 -104 30 -239 95 -125 -27 -160 19 -200 158 18 136 125 159 98 42 87 55 144 35 134 33 -65 30 -73 30 -81 30 88 40 94 32 -104 30 -106 24 -121 30 -128 30 -135 32 -144 31 -152 31 -160 31 -169 31 -178 30 -184 30 -192 30 -80 -34 -81 64 -328 -5 -478 -176 -488 44 -305 271 -240 239
9 -43 56 -41 15 -41 -24 -44 32 -40 59 -43 77 -25 70 -24 64 -24 53 -23 49 -24 36 -23 -22 -8 -6 16 12 -23 -39 25 0 0 -33 -11 -27 -41 -136 -48 -160 -104 -117 -42 -114 -41 -155 -44 -64 -32 56 7 56 34 32 22 139 25 -56 272 166 151 144 23 17 32 -201 26 -62 264 62 146 38 10 29 3 23 6 88 32 112 33 124 30 48 58 18 8 17 65 72 32 68 25 61 -35 57 25 -137 22 -145 22 -153 22 -160 22 -168 22 -176 21 -185 22 -193 22 -201 22 -80 53 -344 -24 -420 -41 -484 -102 -496 -183 -504 41
8 -45 22 -48 15 -9 40 -46 64 -50 133 20 45 -20 72 -40 61 -32 -7 8 50 -24 -24 7 33 13 22 -23 17 -19 7 -21 0 0 -69 -16 -12 -32 -59 -47 -68 -48 -103 -43 -84 -44 -184 -40 -192 -12 25 17 12 -112 33 17 41 20 152 -48 13 7 15 9 0 0 -138 -113 -56 144 -280 151 119 161 22 16 22 16 18 6 49 20 54 26 52 24 108 177 -24 15 36 16 1 23 -58 0 -64 1 -72 -8 51 20 38 15 -161 14 -169 14 -176 14 -184 14 -193 14 -200 14 -98 32 -404 16 -332 -26 -467 -49 -494 23 -504 55
0 -24 0 -64 14 -57 68 -55 69 -61 134 11 82 -50 73 -53 0 0 7 8 49 5 -24 2 30 -24 -42 8 -52 8 7 2 0 0 -68 0 -9 -41 -58 -57 -102 -59 -156 -56 -112 -53 -120 -55 -125 -57 -133 -55 -117 -53 46 -86 31 16 24 5 0 0 0 0 -16 9 0 0 83 135 119 135 23 -6 39 8 23 7 17 -6 59 17 52 18 1 -14 36 132 32 144 88 171 32 133 -90 -24 -56 -12 3 7 50 12 40 10 32 8 -169 6 -176 6 -185 6 -80 -59 0 0 -44 24 -472 213 -206 198 -419 8 -436 -55 -500 -117
0 0 -7 -32 39 -63 72 -62 152 8 80 -65 66 -66 19 -29 0 0 0 -1 0 0 40 -47 0 0 23 -16 17 -48 -56 -6 0 0 -48 -7 -113 -71 -120 -35 -91 -65 -105 -64 -82 -66 -88 -64 0 0 -84 -66 -148 -64 -149 -68 -95 6 24 0 0 0 -19 -127 0 0 0 0 50 33 107 147 0 0 31 -14 80 -4 0 0 0 0 -2 -11 -2 0 72 145 48 133 -35 0 -42 1 0 0 0 0 0 0 0 0 47 4 -16 -63 -39 -64 0 0 0 0 0 0 0 0 -208 -2 -209 -7 -145 0 -84 173 -222 191 -379 -17
0 0 -8 -40 79 -78 74 -68 167 -4 56 -72 71 -74 7 -8 5 -8 -5 -7 49 -8 41 -60 29 -60 -21 -24 24 -57 -23 -41 5 -39 -7 -56 -23 -68 -31 -68 -49 -55 -29 -52 -50 -70 -70 -57 -89 -77 -80 -72 -142 -72 -151 -71 -158 -68 -6 -5 189 1 11 7 0 0 -24 -20 -9 -9 117 139 -1 94 126 136 97 0 79 -8 47 23 68 -4 -7 -21 -9 -11 -35 -18 19 0 30 0 24 0 -17 22 27 24 0 0 -24 24 -34 16 33 -4 12 -5 -56 26 -78 24 -65 23 -208 -10 -230 -18 -222 -6 -225 -15 -115 9 -137 -8
0 0 -8 -45 14 -80 74 -84 376 -32 201 -17 198 -21 189 -20 128 -176 113 -175 96 -176 178 -16 24 -82 25 -64 6 -64 4 -72 -3 -64 -8 -65 -17 -20 -66 -30 -97 -17 -88 -15 -116 -16 -134 -31 -62 -60 -68 -60 -108 -64 -136 -80 -200 -94 -136 -85 -149 -78 -151 -48 152 7 -9 -143 -49 -142 -17 -15 -24 -17 82 -17 73 -17 20 -20 80 -16 86 0 48 -4 42 -24 48 116 -33 -18 -37 -31 1 -16 0 0 11 -9 -16 10 -22 16 -30 16 -38 16 -48 15 -40 -9 -82 -33 -40 3 -209 -30 -229 -23 -270 -144 -274 -176 -248 -23 -239 -14
0 0 -7 -22 15 -54 31 -80 359 -31 199 -152 180 -152 167 -152 159 -152 184 -16 177 -15 169 -29 49 -74 23 -72 -1 -90 -8 -92 -1 -72 -23 -88 -61 -25 -81 -38 -87 -37 -39 -56 -95 -24 -55 -29 -128 -30 -78 -86 -83 -69 -136 -42 -114 -72 -136 -93 -144 -87 -154 -90 -159 -37 132 103 166 -24 -24 -27 -33 -24 -33 -28 81 -88 70 -8 79 104 96 112 -14 -32 37 -23 -18 -44 23 -2 -48 -36 16 -24 0 0 -10 -24 -17 -8 -25 1 0 0 -42 12 -44 4 -2 -88 -64 -4 -66 -25 -80 -88 -229 -31 -270 -152 -295 -153 -301 -152 -310 -152
0 0 -6 -270 -16 -62 45 -97 224 -48 216 -30 197 -41 186 -44 177 -44 176 -38 165 -42 169 -48 48 -79 11 -99 -17 -96 -21 -100 -16 -100 -24 -96 -48 -39 -74 -32 -96 -32 -104 -32 -93 -35 -55 -48 -64 -80 -73 -80 -82 -89 -87 -84 -96 -80 -114 -100 -147 -96 -179 -100 -161 -95 -43 -33 21 -35 175 1 138 96 -39 -36 -49 -34 122 -91 0 0 60 112 -143 161 -20 -15 -33 -41 9 -32 28 -32 6 -23 0 0 0 0 56 -32 8 -35 0 0 0 0 -43 -27 -110 -44 -151 -64 -127 -46 -224 -48 -230 -38 -295 -192 -318 -164 -242 -160 -249 -159
0 0 -8 -72 49 -105 74 -105 224 -56 205 -43 87 -183 78 -183 71 -183 61 -184 54 -182 156 -43 144 119 -9 -106 -17 -103 -23 -104 -8 -88 -1 -88 -34 -56 -103 -55 -95 -40 -86 -40 -40 -87 -129 -40 -63 -88 -72 -104 -16 -36 -101 -107 -100 -86 -113 -108 -146 -105 -186 -104 -241 -105 -201 -106 -179 -103 -179 -39 -31 87 -104 185 -48 -40 -57 -40 120 -32 -8 -55 -110 138 -265 128 67 -17 79 -33 -3 -25 42 -16 32 -16 -75 -57 -12 -10 43 -36 40 -35 -32 -34 -93 81 -116 87 -65 -105 -99 -7 -225 -56 -214 -39 -160 88 -358 -103 -435 -105 -500 -166
50 -304 51 -112 56 -112 152 -51 97 -44 126 -179 175 -159 191 -176 -64 -48 -72 -39 -80 -38 -88 -28 1 -49 15 -92 7 -109 -21 -48 -29 -47 -37 -47 -75 -48 79 81 68 81 93 76 34 79 75 113 65 113 74 144 66 144 40 116 32 116 24 113 34 144 24 144 5 86 -240 96 -272 88 -279 88 88 78 90 88 80 74 30 74 19 75 28 79 -15 15 -4 16 -352 -48 -360 -39 -368 -38 -376 -28 -384 -13 -16 -39 -1 -39 -12 -44 -32 -16 -41 -34 -352 -48 -56 83 -206 -54 -246 -176 -205 -47 -233 -57 -275 -175 -296 -175 -242 -177 -249 -176
272 52 96 104 -16 79 360 120 114 -88 50 -182 -36 -248 -56 -16 -64 -16 -72 -16 -80 -17 -88 -16 -96 -21 -25 71 -112 79 14 40 256 89 -136 80 244 92 222 73 214 71 204 72 211 92 208 89 195 91 188 92 184 94 168 87 150 71 156 92 146 92 136 76 118 72 54 9 -272 -36 -280 -18 -288 -17 -296 -16 -304 -16 -312 -16 -320 -16 -328 -16 -336 -16 -344 -16 -352 -16 -360 -16 -368 -16 -376 -16 -384 -16 -265 -55 -8 -52 -10 -50 -32 -23 -38 -32 -173 9 -159 -86 -206 -61 -256 -216 -308 -219 -216 -55 -45 -55 -365 -73 -376 -117 -444 -120
386 69 382 68 376 69 375 69 104 -191 -40 -72 -45 -191 -56 -23 4 -126 -72 -40 -16 -64 -87 -47 -96 -17 -104 -4 279 69 291 89 266 72 258 72 264 86 256 83 232 71 234 79 216 68 202 62 198 63 188 64 180 63 172 71 168 64 160 72 140 64 89 61 -255 -56 -264 -29 -268 -54 -280 -24 -288 -24 -287 -240 -295 -240 -296 -230 -318 -230 -313 -176 -243 -160 -278 -97 35 0 31 0 21 -116 -106 -63 64 -64 -265 -63 -71 -79 -40 -56 -35 -55 -42 -125 -46 -128 -25 -131 -205 -71 -255 -223 -327 -208 -232 -72 -275 -191 -296 -191 -300 -191 -249 -192
398 60 392 61 386 61 288 -72 127 -215 208 -79 220 -72 -53 -244 -1 -72 -72 -70 145 -71 -88 -31 67 -216 30 -201 290 61 280 60 270 62 264 61 254 64 256 75 228 54 217 55 207 70 200 80 188 72 191 75 147 56 152 54 160 74 151 62 160 86 -248 -55 -256 -32 -264 -32 -272 -32 -280 -29 96 -56 119 -139 144 -105 133 -105 120 -72 112 -73 34 -100 87 41 83 -76 89 -40 74 -72 79 -39 -47 53 -265 -70 -69 -76 -80 -84 -32 -64 40 -40 -174 -74 -186 -71 -204 -77 -266 -231 -302 -230 -213 -70 -218 -80 -388 24 -397 -72 -488 -184
255 -80 248 -81 239 -79 232 -78 102 -224 96 -224 175 -192 -56 -63 -64 -40 -72 -40 -80 -40 -88 -41 -96 -60 143 -83 280 52 272 49 260 46 240 44 210 46 202 48 175 49 -2 82 13 49 -16 48 63 45 -162 56 -192 64 176 80 160 72 148 60 168 48 -246 -193 -197 -145 -260 -205 -271 -66 -280 -87 -96 160 -70 -77 -299 -88 -311 -80 -320 -80 -328 -71 -336 -71 -344 -70 -352 -68 -360 -68 -367 -67 -375 -67 -384 -305 -296 -74 -73 -79 -26 -72 -32 -80 -41 -144 -197 -79 -154 -207 -255 -208 -315 -240 -332 -231 -222 -84 -233 -80 -249 -207 -238 -208 -185 -63
410 -92 246 -103 241 -80 185 -216 98 -234 95 -231 34 -184 43 -87 325 -24 199 -88 190 -87 184 -78 143 -103 32 -231 288 47 237 38 -33 39 179 41 85 41 8 42 0 31 -136 41 -112 72 -69 20 -96 54 -98 56 -190 56 -119 39 -208 56 146 58 152 -95 117 -89 -45 41 -144 -148 -268 -214 -280 -293 -288 -293 -296 -295 -303 -314 -308 -214 -304 -199 -241 -184 -270 -121 50 -24 -125 -153 -89 -87 -95 -78 -137 -103 -138 -93 -7 -68 -73 -102 -78 -101 -16 -81 25 -88 -97 -88 -134 -105 -192 -104 -255 -247 -328 -232 -343 -217 -225 -80 -101 -53 -157 36 -374 -90
328 -96 384 -102 225 -101 184 -224 144 -240 95 -239 87 -239 79 -239 71 -239 63 -239 55 -238 47 -238 52 -232 151 -224 299 56 268 36 265 37 241 29 240 48 -152 39 -144 30 -72 57 -112 28 96 27 -160 34 -166 34 -112 48 -88 32 -202 30 -218 32 18 -93 12 -88 -16 -106 -8 -105 -31 -97 -39 -97 -43 -101 -51 -101 -94 -224 -97 -255 -112 -256 -127 -257 -135 -255 -151 -225 -164 -256 -164 -224 -118 -98 -120 -88 -128 -87 -10 -161 -23 -96 -27 -96 -39 -97 -324 -95 -239 -96 -245 -96 -125 25 -211 -99 -320 -242 -195 -224 -161 -80 -150 28 -355 -131 -407 -127
304 -115 327 -109 292 -113 344 -72 415 -167 207 -232 199 -232 208 -198 371 -96 377 -167 369 -167 231 -89 198 -127 297 24 262 20 266 42 251 33 248 26 235 45 -152 33 -106 25 -56 24 -16 40 86 23 -47 -8 70 24 -112 40 -187 25 -223 -40 156 28 145 -168 8 -96 0 -96 13 -235 -16 -96 -23 -96 -49 -231 -68 -230 -49 -232 -68 -108 -76 -114 -81 -110 -91 -108 92 -104 86 -104 -117 -108 -235 -256 -209 -241 -128 -233 -140 -96 -142 -232 -150 -232 -153 -108 -168 -104 -1 -171 -38 30 -89 -105 -213 -108 -329 -247 -222 -110 -215 -103 -219 -103 -110 -168 -75 -171
376 12 396 32 352 11 357 11 356 11 364 28 352 16 328 11 304 12 285 14 304 32 292 28 288 14 276 12 268 28 -104 41 -16 48 -60 22 129 16 -72 24 -96 33 -106 15 -48 16 -86 16 0 16 -15 16 -16 16 -186 18 99 -95 24 -115 -5 -111 -5 -114 -45 -273 -90 -275 -102 -244 -38 -242 -33 -240 158 48 14 -135 -65 -241 -73 -240 -83 -239 101 -113 22 -97 -33 -133 12 -69 80 -104 72 -104 16 -104 5 -178 -144 -111 -185 -129 -163 -113 -169 -114 -1 -89 -38 24 -43 24 -213 -118 -330 -255 -344 -241 -222 -115 -230 -239 -176 -96 -412 16
384 28 374 24 112 40 -24 15 351 24 344 7 328 5 324 18 65 39 22 16 -80 7 296 39 288 26 280 20 281 31 -102 -8 -32 16 -106 7 -80 34 -88 40 -30 24 -128 8 16 8 86 4 64 8 56 7 80 16 -152 8 161 32 150 4 157 8 176 25 160 22 135 9 135 19 121 9 112 8 104 32 90 8 86 9 64 2 71 9 27 1 29 2 34 3 50 24 40 24 10 3 18 19 8 8 -81 -113 -157 -247 -290 -248 -166 -118 -44 -185 -100 -120 -88 -121 -212 -124 -328 -264 -233 -247 -31 -89 -150 5 -415 -135 -411 -179
384 18 372 12 -2 0 74 -1 48 10 -40 14 336 13 -56 9 64 30 28 32 28 3 -88 16 285 15 279 20 -112 8 -16 0 -128 0 -119 -15 -128 -16 -127 0 -132 4 104 -4 -143 3 -90 0 0 -1 76 1 49 40 38 32 24 0 -47 11 72 1 -58 0 -66 0 -72 0 32 0 -91 0 -100 1 -104 4 -112 -16 -145 9 -262 -4 -230 0 -144 -1 -238 13 -352 16 26 24 16 16 -1 -3 0 7 4 6 4 0 -81 -141 -18 -120 -32 -96 21 -179 -10 -120 -11 -128 -199 -223 -244 -254 -217 -255 -63 -127 -169 -95 -424 -125 -438 -160
384 12 380 13 0 -23 104 -40 -23 -4 339 8 336 7 -40 8 -64 8 -57 -23 16 16 -1 0 288 16 -88 18 255 -9 263 9 -112 -24 -136 -14 -45 -9 -92 -7 -32 24 -117 -8 16 -6 71 -8 -160 -6 56 -8 48 -8 32 39 48 -8 22 -14 16 -10 4 19 0 0 -6 -7 -16 27 -24 30 -32 26 -44 21 -64 24 -74 24 -64 21 -168 -9 -56 -16 -313 -9 -224 -8 -344 -8 16 10 10 -7 6 -8 8 -3 -1 -9 -78 -140 -89 -149 -97 -151 -34 -128 -43 -128 -66 -103 -8 -132 -14 -133 -25 -133 -23 -131 -105 -105 -112 -136 -135 -131
381 2 384 8 362 0 -24 -9 352 18 340 -5 -32 -18 328 4 -48 -32 39 16 -40 -27 25 -31 0 8 -1 0 -98 -9 -26 -20 -110 -18 -120 -32 -104 -16 -112 -16 -96 0 104 -20 80 -16 85 -13 0 0 52 12 48 15 58 0 28 13 20 16 16 14 -10 21 -56 8 -57 9 -20 15 -28 16 -60 58 -22 0 -48 -16 -56 15 0 0 -152 -48 -145 -1 -273 -17 -288 16 -342 -32 -368 0 8 3 0 -18 0 -13 3 -1 -8 -16 32 14 -112 -152 -105 -157 -112 -157 -67 -136 -58 -136 -83 -110 -73 -137 -95 -111 -90 -136 -97 -135 -135 -137
374 -25 368 -27 364 -14 361 -7 352 -6 338 -8 335 1 -40 -40 16 -18 45 -40 -61 -7 -69 -40 -78 -24 10 -24 -112 -17 -104 -39 -96 -16 -38 -16 -122 -22 124 -23 -85 -24 23 -15 -16 24 8 -8 72 -20 52 7 44 2 24 8 -24 40 -40 8 0 8 7 8 0 0 16 44 -16 72 -8 56 -88 -4 -44 10 -52 8 -24 -9 -52 -24 -68 -24 -143 -53 -290 -24 -335 -25 -343 -39 6 -16 8 0 0 -12 -2 -24 -8 -16 -10 -14 -16 -24 20 6 -117 -155 -111 -153 -120 -165 -129 -168 -95 -145 -104 -146 -112 -146 -160 -169 -127 -145 -177 -165
388 -34 384 -27 377 -11 363 -17 352 -33 336 -25 338 -12 328 -14 -64 -16 -72 -15 24 -16 -56 -32 -32 0 -104 -24 -24 -24 -12 -33 -96 2 -10 1 -36 -32 44 -35 113 -32 116 -32 97 -29 71 -35 72 -34 88 2 48 0 -24 0 64 24 42 -16 0 0 -58 3 0 0 24 72 -16 0 -28 0 0 0 -40 -37 -68 4 -58 -1 -64 4 -56 17 -80 -32 -74 -32 -256 -11 -328 -30 -352 -35 8 -1 0 -14 -8 -31 -12 -35 -16 -24 -14 -20 -22 -27 -30 -34 -39 -35 -120 -161 -128 -161 -137 -173 -146 -174 -151 -173 -160 -173 -180 -176 -174 -160
392 -35 384 -36 360 -42 359 -25 352 -22 340 -24 336 -25 328 -26 36 -32 25 -40 48 -5 -24 -42 -96 -48 -6 -36 -8 -28 -44 -30 -31 -40 136 -36 128 -44 120 -42 94 -40 88 -40 96 -40 72 -41 -37 -16 51 -7 32 8 -8 -10 32 7 24 -4 12 -13 8 -8 0 0 -13 -12 -16 -4 -24 -6 -32 -8 -44 -40 -48 -40 -41 -57 -48 -34 -52 -40 -64 -40 -312 -38 -248 -22 -272 -26 -350 -56 -376 -25 -5 -24 -8 -28 -13 -33 -16 -40 -23 -39 -24 -36 -30 -34 -40 -41 -2 -10 -12 -10 -128 -173 -139 -172 -154 -169 -162 -169 -174 -169 -185 -169
388 -44 382 -45 367 -34 360 -48 354 -28 345 -31 331 -31 324 -33 -49 -64 55 -40 48 -14 16 -28 -16 -38 -88 -63 -64 20 -24 -48 15 -48 -8 -21 0 0 -92 -48 -129 -47 112 -48 96 -48 72 -49 64 -48 56 -15 48 -16 40 -32 28 -13 -40 -24 34 -30 23 -35 0 -17 -8 -15 -16 -48 -43 -15 -32 -16 -8 -32 -8 -28 -75 -12 -48 -44 -148 -40 -54 -44 -152 -44 -320 -46 -296 -48 -256 -32 -376 -40 0 -30 -12 -32 -14 -46 -18 -47 -24 -49 -22 -34 -26 -32 -40 -40 -48 -50 -57 -50 -63 -49 -24 -15 -160 -177 -162 -177 -170 -177 -62 -22
392 -58 383 -57 368 -43 357 -39 352 -44 343 -41 340 -18 52 -42 32 -56 23 -40 -26 -55 101 -48 -34 -57 6 -40 -48 -55 -56 -57 -84 -54 36 -88 48 -51 42 -72 96 -20 24 -56 76 -42 88 -56 0 -72 -8 -24 14 10 7 10 -34 -22 40 -40 22 -58 -10 -16 0 -40 -8 -24 16 -41 -17 -55 -32 -22 -32 -55 -48 -25 -46 -57 -52 -56 -72 -57 -81 -55 -153 -48 -206 -42 -328 -56 -288 -57 -264 -24 -1 -41 -12 -40 -20 -45 -18 -32 -42 -56 -34 -57 -42 -48 -40 -44 -48 -44 -56 -52 -64 -58 -71 -57 -36 -26 -44 -26 -48 -24 -104 -59
392 -61 384 -56 372 -43 363 -42 348 -51 64 -50 56 -50 136 -66 0 -8 -34 -65 112 -95 180 -64 -64 -65 -72 -64 -86 -60 -4 -64 -16 -16 -104 -62 112 -64 124 -64 112 -80 70 -32 80 -64 72 -65 0 -32 40 -34 16 -32 36 -28 32 -30 25 -27 16 -30 8 -32 0 -32 25 -32 -16 -27 8 -48 -32 -28 -40 -29 -48 -66 -77 -31 -64 -66 -80 -64 -144 -56 -90 -64 -288 -65 -288 -67 -240 -96 -314 -48 -384 -47 -360 -78 -20 -52 -29 -53 -35 -65 -48 -67 -44 -64 -44 -50 -55 -60 -60 -56 -64 -64 -70 -59 -80 -64 -88 -66 -44 -31 -102 -64
392 -69 400 -49 359 -74 364 -51 347 -55 24 -25 48 -57 -24 -66 15 -40 204 -68 -40 -70 104 -68 60 -62 168 -66 80 -68 -14 -56 64 -64 49 -67 112 -72 -121 -71 106 -64 88 -73 68 -67 79 -71 64 -40 -8 -40 44 -41 74 30 63 23 32 -76 16 -44 24 -54 0 -38 0 -74 -16 -72 -14 -68 -16 -72 -24 -70 -48 -72 -35 -88 -128 -68 -56 -72 -184 -56 -76 -72 -80 -88 -328 -70 -240 -40 -267 -61 -248 -105 -375 -88 -384 -88 -16 -40 -32 -58 -49 -74 -48 -73 -52 -68 -56 -67 -56 -48 -64 -65 -70 -67 -78 -67 -87 -74 -52 -40 -104 -75
408 -63 384 -72 373 -78 356 -67 352 -65 112 -116 64 -80 56 -76 48 -81 198 -80 34 -80 185 -81 48 -32 -8 -64 40 -93 -89 -79 64 -70 134 -82 126 -96 84 -45 96 -47 128 -48 75 -50 72 -49 1 -16 66 -48 -16 -44 -15 -55 32 -64 4 -44 32 -48 -12 -38 32 -15 -65 -59 -72 -56 -24 -88 -97 -64 -139 -76 -48 -82 -57 -81 -64 -80 -74 -81 -144 -78 -88 -80 -80 -81 -288 -78 -336 -81 -336 -80 -256 -72 -295 -56 -272 -48 -408 -65 -36 -68 -40 -64 -48 -64 -60 -83 -60 -82 -64 -80 -56 -64 -72 -74 -78 -75 -89 -84 -96 -83 -102 -75
402 -82 392 -90 376 -82 360 -90 356 -67 -40 -80 -48 -80 -56 -80 -48 -76 -24 -40 -80 -88 16 -84 80 -119 -32 -90 80 -80 -48 -24 128 -57 112 -89 112 -88 96 -92 93 -59 88 -72 80 -60 40 -9 64 -8 24 0 56 -8 48 -56 -33 -23 20 -39 12 -57 24 8 0 -57 -9 -55 -8 -88 28 -56 -32 -88 -20 -104 -264 -90 -62 -88 -64 -89 -50 -104 -162 -120 -88 -89 -168 -68 -170 -84 -176 -84 -200 -119 -112 -92 -296 -88 -296 -73 -288 -78 -320 -72 -296 -56 -48 -72 -66 -90 -56 -76 -60 -80 -54 -68 -70 -83 -78 -87 -87 -91 -95 -91 -103 -90
336 -225 329 -225 381 -87 368 -96 352 -80 340 -84 -48 -80 -55 -89 51 -111 -22 -96 -16 -95 -52 -89 64 -92 70 -127 -80 -95 136 -96 127 -98 119 -97 112 -95 86 -66 128 -40 39 -64 18 -30 23 -64 64 -34 48 -2 37 -16 62 -32 24 -63 -8 -74 -50 -64 54 -64 0 -64 -37 -19 -18 -64 -24 -96 -32 -99 -16 -108 -48 -96 -40 -112 -64 -95 -90 -64 -87 -97 -70 -96 -96 -80 -168 -88 -112 -96 -216 -48 -352 -94 -363 -97 -336 -80 -313 -80 -308 -96 -303 -91 -418 -96 -57 -98 -60 -96 -64 -90 -62 -88 -72 -98 -78 -92 -63 -80 -52 -65 -56 -63
324 -233 320 -242 384 -104 368 -99 359 -97 344 -86 336 -88 -56 -90 64 -100 40 -84 -32 -104 8 -88 -64 -100 -1 -73 0 -112 138 -106 142 -104 39 -87 104 -102 88 -73 96 -72 41 -73 80 -8 74 -24 48 -24 64 -24 48 -40 31 -40 -32 -41 -4 -28 -48 -72 8 -58 -64 -84 0 -70 -23 -73 -12 -88 -16 -72 -40 -104 -56 -104 -68 -104 -64 -103 -72 -104 -90 -103 -154 -72 -112 -74 -105 -104 -120 -105 -104 -120 -352 -103 -368 -104 -368 -102 -280 -112 -328 -88 -396 -84 -414 -119 -60 -92 -64 -95 -56 -97 -64 -99 -72 -102 -32 -70 -64 -89 -71 -89 -82 -90
336 -257 328 -239 388 -107 380 -95 356 -109 342 -103 338 -94 324 -95 -50 -128 -54 -127 48 -82 -71 -127 0 -88 24 -80 31 -95 72 -128 62 -104 136 -108 112 -82 104 -80 92 -78 72 -32 72 -32 78 -34 68 -32 63 -33 48 -32 49 -33 39 -32 31 -34 23 -31 15 -31 -16 -33 -8 -63 -44 -33 -29 -37 -96 -79 -41 -80 -48 -78 -64 -104 -80 -96 -128 -92 -146 -48 -120 -36 -159 -49 -109 -88 -112 -84 -122 -111 -320 -112 -346 -112 -269 -103 -379 -110 -296 -99 -45 -93 -414 -127 -58 -111 -64 -103 -56 -100 -65 -107 -73 -114 -79 -115 -40 -80 -72 -97 -80 -97
382 -248 376 -234 425 -95 378 -115 362 -112 351 -115 340 -116 320 -118 320 -102 -72 -112 -62 -136 44 -151 -78 -132 24 -128 64 -150 -66 -120 144 -123 52 -102 112 -90 46 -99 24 -40 90 -40 85 -42 79 -41 70 -41 63 -41 53 -41 45 -41 37 -41 31 -41 21 -41 15 -41 0 -41 -8 -42 -10 -40 -17 -42 -96 -54 -94 -86 -48 -88 -59 -89 -80 -88 -100 -44 -80 -56 -144 -48 -120 -40 -62 -88 -112 -85 -104 -120 -314 -119 -312 -88 -400 -113 -408 -112 -336 -92 -424 -119 -53 -103 -51 -100 -60 -117 -58 -114 -64 -113 -70 -115 -80 -122 -40 -86 -178 -249 -174 -249
