0 6 0 8 -16 192 -22 180 33 191 25 191 17 195 13 193 31 192 24 193 16 193 4 195 18 191 20 192 13 209 -55 248 -66 260 -8 223 -15 252 -23 252 -30 257 -38 257 -47 252 -55 251 -63 251 -70 252 -78 252 -136 63 -191 190 -210 265 -112 226 -117 225 -126 224 -132 224 -193 258 -155 223 -222 224 -231 254 -238 255 -236 244 -237 257 -269 261 -280 256 -229 209 -231 197 -261 207 -257 207 -272 192 -254 205 -275 252 -334 256 -352 257 -298 191 -422 130 -431 270 -440 294 -448 294 -456 294 -464 294 -472 294 -480 294 -488 294 -496 294 -504 294
0 -6 0 -6 1 183 -22 172 34 183 27 183 16 186 42 179 31 184 24 185 95 251 14 182 27 183 21 184 16 201 -55 242 -62 249 -10 216 -15 243 -23 244 -31 244 -39 244 -47 243 -55 243 -62 216 -116 236 -144 240 -157 184 -220 123 -228 123 -161 238 -117 217 -119 212 -135 244 -142 218 -150 216 -161 216 -167 216 -178 216 -181 216 -192 216 -248 236 -256 232 -216 216 -224 215 -280 236 -284 250 -318 253 -255 196 -327 241 -335 255 -290 182 -385 181 -360 184 -367 184 -424 -8 -444 122 -456 42 -462 263 -470 264 -478 253 -486 262 -495 262 -503 262
3 245 -7 -13 -6 -4 -8 176 32 175 26 175 16 178 42 171 32 176 30 171 99 239 33 175 29 174 21 192 -48 235 -58 244 -62 241 -11 208 -14 208 -23 236 -31 235 -39 235 -47 236 -55 235 -63 235 -73 232 -79 232 -87 236 -95 235 -102 211 -113 207 -118 208 -125 208 -132 208 -141 208 -154 206 -161 207 -167 207 -174 208 -181 208 -189 209 -201 206 -206 208 -214 206 -224 206 -233 206 -288 227 -310 241 -316 241 -341 217 -274 178 -297 192 -305 192 -309 173 -311 175 -320 175 -352 176 -358 172 -400 176 -408 175 -416 175 -488 180 -496 -6 -502 252
2 240 -5 236 -16 -20 -24 166 -1 202 17 163 19 165 42 163 31 169 24 169 95 235 33 167 24 167 21 167 14 184 -57 239 -66 235 -70 233 -14 197 -21 200 -29 202 -39 228 -47 228 -55 229 -63 228 -71 227 -79 227 -87 226 -84 196 -101 200 -110 200 -117 200 -125 202 -134 200 -141 201 -155 199 -156 198 -170 198 -177 199 -184 198 -191 198 -196 198 -256 218 -285 239 -318 166 -359 242 -368 232 -324 240 -261 177 -370 242 -265 183 -295 166 -412 31 -424 270 -432 267 -422 224 -352 171 -359 169 -370 168 -375 163 -416 170 -480 159 -495 104 -503 244
4 237 -5 229 -15 -25 -24 96 -32 155 -40 153 19 159 36 161 31 160 24 161 100 224 33 159 18 156 11 158 16 168 5 176 2 176 -80 233 -78 225 -21 192 -31 192 -37 192 -45 192 -54 192 -61 192 -69 192 -72 187 -90 187 -93 192 -105 188 -108 192 -117 192 -125 192 -135 190 -147 190 -200 212 -156 189 -225 221 -285 192 -248 239 -253 239 -327 233 -336 234 -344 262 -352 262 -360 262 -368 262 -376 262 -384 262 -392 261 -400 262 -408 262 -416 262 -424 262 -432 241 -440 262 -433 215 -280 227 -369 160 -377 160 -400 159 -488 164 -495 97 -503 238
2 222 -4 222 -16 184 -14 -30 -32 152 -39 139 17 151 12 152 30 152 24 153 -45 144 4 154 83 217 -69 151 -111 226 -7 150 -24 150 -11 168 -79 209 -85 217 -94 217 -44 180 -48 182 -59 180 -62 182 -65 185 -131 203 -152 231 -223 216 -232 226 -240 250 -167 203 -128 182 -181 202 -213 232 -215 217 -212 204 -166 154 -245 152 -299 -40 -243 155 -320 -40 -335 230 -344 243 -352 254 -360 238 -368 254 -376 238 -384 231 -392 254 -400 254 -408 254 -416 254 -424 254 -432 242 -440 256 -419 -20 -361 153 -369 152 -378 152 -402 151 -455 152 -495 88 -501 225
2 220 -6 218 -12 216 -22 209 -30 209 -19 -33 -45 132 -1 141 29 145 26 139 15 144 7 145 -1 145 -4 139 -47 -35 -11 140 -14 142 -13 142 -19 161 -105 192 -101 209 -103 210 -110 210 -118 209 -126 210 -135 201 -79 145 -212 82 -223 1 -232 236 -229 -48 -192 216 -198 216 -136 144 -160 158 -218 218 -223 215 -168 160 -192 145 -263 187 -177 160 -218 161 -237 159 -244 160 -261 144 -358 2 -368 220 -376 225 -384 225 -392 225 -400 234 -408 246 -416 246 -424 246 -432 225 -440 200 -422 140 -361 145 -366 140 -394 143 -447 142 -486 153 -495 217 -504 246
0 212 -8 238 -16 238 -24 238 -32 240 -39 205 -48 179 -30 165 -34 135 -42 135 0 135 6 136 1 131 -9 136 -17 137 -25 136 -36 138 -39 140 -31 134 -31 134 -35 144 -43 144 -50 152 -54 152 -62 152 -77 145 -83 144 -98 132 -130 152 -138 152 -122 152 -122 144 -132 152 -139 153 -138 152 -252 130 -169 132 -165 152 -179 153 -182 152 -194 152 -197 152 -206 152 -203 151 -294 136 -307 -54 -366 144 -375 216 -384 212 -392 217 -400 217 -408 242 -416 222 -422 214 -431 213 -440 242 -386 136 -432 132 -436 133 -452 136 -480 220 -488 238 -496 238 -504 238
0 210 -8 230 -16 230 -24 230 -32 202 -37 195 -48 -51 -56 193 -63 159 -53 126 -75 186 -72 126 -66 127 -24 123 -33 123 -115 -10 -128 213 -136 230 -144 226 -151 204 -160 230 -168 228 -158 184 -123 -15 -192 202 -200 230 -208 229 -216 218 -224 229 -226 185 -142 134 -247 62 -255 202 -230 127 -272 230 -280 212 -288 158 -203 131 -191 126 -192 126 -195 127 -204 127 -220 126 -229 126 -240 126 -282 130 -352 -64 -376 204 -384 201 -392 161 -336 -52 -342 129 -356 127 -423 -52 -431 205 -439 192 -442 185 -455 204 -464 230 -472 230 -480 230 -488 230 -496 230 -504 230
0 222 -8 222 -16 222 -24 206 -32 222 -40 222 -48 205 -56 222 -64 204 -71 196 -80 222 -88 221 -96 204 -104 204 -112 194 -120 222 -128 201 -136 222 -144 222 -152 222 -160 222 -168 222 -176 210 -184 222 -192 206 -200 222 -208 222 -216 222 -224 222 -232 222 -240 222 -248 222 -256 222 -264 222 -272 222 -280 222 -288 204 -296 205 -297 57 -308 193 -246 -17 -207 120 -251 128 -344 204 -352 185 -354 56 -365 57 -376 17 -384 228 -281 122 -273 121 -326 184 -282 168 -346 124 -432 -45 -440 222 -448 222 -456 222 -464 223 -472 228 -466 72 -255 247 -273 247 -182 216
0 214 -8 214 -16 198 -24 188 -32 214 -40 214 -48 214 -56 214 -64 214 -72 214 -80 214 -88 215 -96 192 -104 193 -112 214 -120 214 -128 214 -136 214 -144 214 -152 214 -160 214 -168 214 -176 214 -184 192 -192 214 -200 214 -208 214 -216 214 -224 214 -232 214 -240 214 -248 214 -256 214 -264 215 -272 221 -265 65 -51 240 86 112 -34 177 -42 178 -65 164 -69 175 -76 170 -85 176 -98 170 -117 176 -122 175 -131 171 -139 169 -147 172 -154 172 -163 171 -170 172 -177 171 -191 175 -195 173 -204 166 -212 166 -223 176 -297 47 -233 172 -233 176 -233 175 -68 176
0 -38 -8 212 -16 195 -24 195 -31 182 -36 42 -33 57 174 232 255 201 247 201 302 104 294 104 174 169 166 169 158 169 145 169 141 170 133 170 119 177 111 177 104 176 72 152 64 153 89 178 77 168 32 232 -192 56 11 232 97 201 -216 57 -12 232 134 104 8 169 -9 167 -19 159 -35 163 -85 8 -103 40 -110 40 -86 40 -79 156 -88 156 -80 160 -102 165 -111 158 -119 157 -124 165 -131 165 -139 164 -146 164 -155 164 -163 164 -171 164 -179 164 -187 164 -195 164 -202 165 -210 164 -219 164 -262 40 -232 164 -247 167 -241 166 -144 208
244 151 237 155 232 154 220 150 226 162 217 161 207 159 200 159 192 158 182 159 175 159 170 161 166 162 152 153 128 150 125 154 116 152 109 156 101 156 93 156 85 156 77 156 69 156 61 156 53 156 45 156 37 156 31 155 39 168 24 161 16 162 10 162 -13 159 -9 33 -12 31 -22 160 -43 155 -52 151 -58 155 -68 151 -75 156 -82 156 -91 157 -99 156 -107 156 -115 156 -123 156 -131 156 -139 156 -147 156 -155 156 -163 156 -171 156 -179 156 -187 156 -195 156 -203 156 -211 156 -219 156 -227 156 -332 0 -234 162 -252 150 -259 157
245 148 237 148 229 148 221 148 213 148 205 148 114 8 189 143 196 155 185 24 173 161 157 25 82 272 151 155 132 149 125 148 117 148 109 148 101 148 93 148 85 148 77 148 69 148 61 148 53 148 45 148 37 148 29 148 -21 -9 13 148 1 25 8 150 0 154 -23 151 -28 144 -35 148 -43 148 -51 148 -59 148 -67 148 -75 148 -83 148 -91 148 -99 148 -107 148 -115 148 -181 -8 -187 21 -139 148 -147 148 -155 148 -163 148 -171 148 -179 148 -187 148 -195 148 -203 148 -211 148 -219 148 -227 148 -234 148 -347 13 -333 8 -340 8
249 17 239 15 204 17 197 17 189 17 179 17 198 141 139 15 139 -17 196 145 185 145 182 145 143 129 141 139 133 140 125 140 117 140 109 140 101 140 93 140 85 140 77 140 69 140 61 140 53 140 45 140 37 140 29 140 21 137 13 140 7 138 -4 135 -11 140 -19 140 -27 140 -35 141 -43 140 -50 140 -117 -16 -124 13 -75 138 -83 140 -91 140 -99 140 -107 140 -114 140 -123 140 -131 139 -139 140 -147 140 -156 136 -163 140 -171 140 -261 0 -191 15 -193 16 -51 289 -204 153 -218 138 -224 136 -215 145 -105 161 -85 303 -383 271
227 139 376 264 399 216 364 197 375 120 212 123 208 9 192 9 190 8 155 9 108 7 149 8 97 4 140 129 52 2 126 132 57 -23 48 -24 47 5 13 -8 85 132 77 132 69 132 61 132 53 132 45 132 37 132 29 132 21 132 14 132 5 132 -3 132 -10 132 -69 9 -77 8 -84 8 -54 9 -45 135 -56 129 -72 124 -76 129 -84 129 -88 8 -123 10 -108 136 -113 133 -179 7 -131 133 -190 8 -144 134 -144 7 -161 8 -148 5 -169 9 -112 344 -178 289 -197 272 -214 132 -219 132 -212 137 -247 8 -240 133 -359 10 -346 266
0 1 -1 1 0 63 37 145 159 256 209 0 207 17 396 128 370 128 336 111 308 160 354 127 304 287 19 254 325 128 129 0 0 1 127 120 303 160 98 0 98 0 88 137 51 1 99 -4 0 1 31 0 0 1 0 1 0 1 0 1 0 1 0 1 1 1 -3 128 -17 127 -25 127 -44 120 -40 -1 -55 132 126 128 -78 117 -80 120 -65 130 -87 122 -58 0 -113 120 -127 128 -100 0 -126 122 -147 124 -273 -2 -28 255 -48 127 -177 128 -267 271 -274 255 -92 192 -297 -4 -219 1 -43 256 -272 -32 -241 0 -147 191 -250 1
64 56 47 57 42 56 72 60 68 52 55 60 136 120 169 151 -28 54 -72 130 -80 120 -88 120 90 120 25 88 26 84 9 84 128 106 120 128 146 24 184 104 96 122 99 125 210 140 -64 246 -69 246 -76 246 -16 248 40 120 16 120 32 121 147 121 134 120 0 104 -70 -8 -29 112 -35 114 -153 -5 68 182 111 152 104 160 17 194 -72 120 -90 -8 94 247 -97 -4 -118 -7 -32 185 -119 104 -142 -8 -144 -9 -159 -9 -119 8 -238 240 -305 246 -311 248 -317 248 -127 249 -72 262 -80 312 -86 231 -98 227 -177 121 -144 192 -168 249
130 49 102 63 84 113 97 53 83 51 77 51 82 50 63 94 -59 153 133 176 -64 0 44 176 -90 -14 25 104 14 95 8 96 129 96 -9 -18 113 227 168 143 29 -48 27 -15 80 -16 -55 112 -61 112 -69 112 39 311 179 177 23 -16 201 225 146 180 7 114 0 95 -71 -15 -17 -16 -37 -17 -42 -16 119 239 -177 11 8 241 58 247 -70 2 -89 -15 46 171 42 177 101 121 10 224 26 112 -17 111 -10 48 -161 272 -168 248 -50 231 -31 239 -73 229 -55 220 -67 219 -199 114 -51 300 -342 112 -357 240 -242 301 -375 94 -421 113
380 214 55 97 425 104 404 36 278 105 341 121 336 124 182 263 -50 -25 359 230 347 232 393 201 84 221 285 216 232 229 135 104 126 102 280 120 216 104 224 104 104 100 87 104 89 105 200 123 184 214 135 103 165 163 139 137 176 40 71 120 116 224 147 169 0 101 -11 -24 115 164 41 80 97 137 86 42 105 136 71 232 62 215 59 215 65 132 89 39 -96 104 -117 87 47 36 -123 104 -121 98 -136 104 -153 87 -152 104 -160 104 -159 105 -129 31 -80 138 2 48 -210 102 -53 102 -149 96 -94 214 -122 222 -116 232 -244 255
392 162 248 224 209 99 415 96 354 128 368 89 387 94 335 157 258 128 246 130 139 31 231 129 52 104 282 210 275 208 199 128 313 95 255 157 307 102 263 154 206 112 271 95 91 2 248 96 248 35 183 96 96 95 176 162 152 158 175 157 63 95 201 42 185 95 -8 93 -21 103 -27 104 -35 103 -40 94 -48 94 -56 94 -64 95 -73 94 112 92 76 94 64 92 60 105 16 124 8 125 0 124 -8 129 -14 100 -11 103 -2 162 -48 160 -96 159 -54 216 -56 241 -76 237 -270 232 -208 255 -231 284 -353 60 -420 93 -375 48
1 101 -6 101 -14 95 -24 -166 191 88 150 216 144 216 251 135 204 90 172 77 192 -40 173 88 152 80 284 156 80 216 267 207 260 208 254 227 258 217 199 136 230 152 245 147 193 129 198 122 190 122 204 144 176 151 170 156 128 136 160 152 176 152 134 98 125 122 120 118 185 91 170 88 162 80 -41 86 -48 86 -56 86 -65 86 -73 86 -80 86 107 81 104 84 52 80 50 84 32 80 24 80 63 40 -16 120 -24 120 -32 88 -13 168 -110 87 -100 138 -64 198 -84 216 -30 298 -208 224 -228 279 -367 72 -416 73 -441 79
12 -176 7 -176 5 -158 40 16 23 16 24 16 7 16 119 81 80 -60 174 75 165 76 157 76 40 -64 -44 88 144 271 168 80 256 76 228 78 236 96 232 79 226 96 217 85 259 14 200 110 210 138 180 148 194 209 166 207 166 200 118 152 154 146 144 143 158 139 133 89 111 104 176 83 162 79 -41 78 -49 78 -57 78 -64 78 -72 78 70 16 107 77 68 80 59 78 50 78 40 75 32 75 19 69 16 75 35 23 -32 106 -42 82 -48 80 -118 81 -120 80 -148 149 -80 223 -407 273 -256 257 -347 43 -363 52 -453 58
17 5 23 9 0 1 24 -4 41 3 -29 3 -31 8 8 6 31 12 23 9 -50 7 -58 8 1 1 -9 10 1 8 74 72 319 166 115 80 96 72 102 70 96 72 239 13 80 69 71 70 246 8 188 134 144 153 -25 200 -31 199 151 201 64 88 113 71 151 136 138 124 112 100 167 69 -33 70 -40 70 -48 70 -56 70 -64 70 -72 70 -80 71 -88 70 -96 70 -105 70 24 7 80 73 72 68 28 68 20 70 11 70 0 69 -14 62 -48 102 -60 72 -38 145 -118 72 -76 208 -57 268 -244 232 -237 262 -369 39 -423 72
0 1 57 -1 -15 -65 -24 31 0 1 -36 64 -20 32 0 1 0 1 28 -5 0 1 -23 0 0 1 0 1 0 1 0 1 0 1 -40 -2 -90 75 232 127 19 184 225 184 238 121 184 96 194 126 172 172 160 184 151 181 160 178 157 198 -144 53 144 70 138 71 119 91 139 54 176 66 118 3 -40 62 -48 62 -57 62 -64 62 -72 62 -80 62 -88 62 -97 63 -104 62 -112 62 18 2 0 1 12 0 8 0 0 0 35 57 -4 64 -14 62 -54 96 -64 65 -42 130 -128 63 -84 211 -416 256 -240 252 -355 27 -372 30
0 1 -4 60 -12 70 -21 -200 -32 -72 -10 -182 17 -5 42 -11 32 -8 101 59 24 -10 -54 -8 -87 -71 -75 -10 0 1 0 1 9 8 -17 -12 -69 -11 9 40 -33 183 -25 248 209 169 202 175 -4 184 -76 185 -78 50 -82 20 -98 184 152 185 111 152 -104 184 122 124 126 117 96 88 174 60 96 -1 -41 54 -48 55 -56 55 -64 55 -72 55 -81 55 -88 54 -96 54 -104 54 -112 54 -121 54 -129 54 -137 54 -145 54 -153 54 -160 54 -169 54 -12 56 -24 54 -64 88 -72 72 -92 169 -282 184 -477 41 -367 49 -367 51 -377 18
3 55 -5 53 -9 -208 -23 18 -25 -208 26 -15 18 -9 48 -16 47 -20 116 52 38 -19 9 -18 30 -17 -7 -17 0 1 0 1 0 -16 -15 -15 -28 -14 -54 0 -49 -23 -99 17 186 48 -56 32 14 176 58 209 -76 3 -97 -18 -94 -6 -104 52 16 29 4 172 -3 238 -71 176 112 208 94 108 153 49 -41 46 -48 45 -56 46 -64 46 -68 46 -81 56 -88 46 -96 46 -104 46 -112 46 -120 46 -128 46 -136 46 -145 46 -152 46 -160 47 -169 46 -44 -16 15 45 -32 45 -71 80 -48 126 -344 0 -478 -159 -488 52 -270 226 -375 42
0 -216 -1 -216 -16 -23 -24 -22 -23 -213 56 -29 75 -24 75 -8 60 -23 53 -9 37 -26 25 -24 -32 35 30 -4 12 -6 -55 33 -63 39 -72 39 -64 24 -21 -12 -47 -9 25 41 -79 7 134 87 243 231 -62 8 -71 -7 -85 -19 -112 -32 -103 39 -50 281 -214 -3 -128 41 -9 232 -80 247 104 168 128 126 149 44 143 41 -57 38 -64 38 -72 37 -81 38 104 32 -96 38 -105 38 -112 38 -121 38 -128 38 -136 38 -144 38 -152 39 -160 39 -168 38 -176 38 -184 38 -46 -24 -40 36 -76 44 -344 -8 -478 53 -488 75 -246 164 -252 231
5 -218 -2 -41 15 -34 -24 -30 0 1 55 -32 64 -34 71 -33 58 -17 0 1 49 -31 37 -32 -33 48 -22 17 -44 16 -57 34 -48 20 -65 30 -83 48 -60 -29 -65 -27 -89 -37 -111 0 -115 0 -116 30 181 -32 178 -33 39 158 -160 25 -104 32 64 128 -111 16 -195 50 -72 224 45 223 104 147 63 96 120 92 77 62 121 40 128 30 -73 30 98 32 36 66 89 34 -104 30 47 -28 72 28 -128 30 -136 29 -144 30 -152 30 -160 30 -169 30 -176 30 -185 30 -192 30 -4 31 -80 56 -328 -5 -480 -197 -488 45 -496 32 -445 48
0 -42 2 -45 -15 -43 -23 -104 33 -41 52 -38 75 -35 79 -24 62 -40 65 -23 49 -23 41 -32 -31 -8 4 13 11 -23 -40 24 -52 10 -74 40 -38 -41 -136 -47 -160 -102 -105 -45 -114 -41 -169 -41 -85 -33 56 7 52 26 14 -103 204 -40 -20 187 149 135 136 32 -129 -104 -137 8 -137 -13 -87 152 96 162 55 96 73 91 79 86 94 81 77 79 50 83 13 96 39 87 29 55 16 57 42 83 64 -28 56 23 -145 22 -152 22 -160 22 -168 22 -176 22 -184 22 -192 22 -78 -40 -8 -22 -344 -24 -421 -41 -488 -103 -496 -205 -504 39
16 -48 -8 -53 -14 -47 40 -49 35 -47 58 -52 83 -32 68 -49 62 -49 -13 17 0 1 -24 8 32 20 -27 13 -47 9 12 -23 0 1 -60 -13 -27 -52 -60 -46 -68 -44 -137 -50 -99 -48 -169 -48 -181 -240 21 15 12 -111 33 19 36 11 32 10 13 7 15 9 0 1 -137 -113 -12 150 40 208 80 135 106 144 31 16 14 15 64 81 80 84 74 80 36 128 40 154 13 81 22 82 -58 16 1 82 16 80 49 -36 34 17 32 15 -169 14 -176 14 -184 14 -193 14 -200 14 -77 79 -347 0 -345 -28 -486 -113 -493 25 -504 54
0 -25 -1 -239 0 -56 46 -56 35 -55 56 -55 64 -57 65 -40 0 1 7 9 48 -32 -31 6 -29 9 -24 8 -41 7 -56 8 -1 -31 -52 -7 -8 -46 -85 -60 -129 -55 -147 -60 -112 -54 -121 -55 -112 -60 -125 -55 -146 -60 -99 132 32 5 24 5 0 1 0 1 -16 8 0 1 -87 137 96 120 39 8 41 8 81 117 38 55 66 68 52 72 50 76 63 217 48 200 22 118 20 133 11 117 -34 72 22 93 -18 31 6 12 26 10 23 6 -176 6 -184 6 0 1 -3 6 -76 33 -84 154 -219 161 -355 -9 -397 -40 -487 -248
0 1 -2 -256 49 -65 78 -69 61 -64 55 -67 127 3 3 8 0 1 -23 -16 0 1 40 -46 0 1 -21 -7 16 -47 -58 9 0 -4 -65 1 -113 -71 -120 -40 -92 -64 -105 -65 -82 -66 -87 -70 0 1 -84 -66 -148 -64 -153 -67 -143 12 24 0 0 1 -23 -127 0 1 0 1 23 16 72 136 0 64 58 64 0 1 -6 -16 -6 0 0 1 0 1 34 109 32 111 -40 0 -32 0 0 1 0 1 -1 1 0 1 -26 32 -1 1 -27 -65 -1 1 -1 1 0 1 -37 -7 -208 -1 -209 -7 -99 16 -100 148 -235 159 -379 -17
0 1 -8 -40 39 -77 69 -71 61 -69 55 -72 47 -71 70 -56 47 -32 55 -53 -19 -7 40 -72 28 -70 -45 -1 8 -76 9 -65 -54 -21 -60 5 -23 -67 -80 -49 -44 -56 -53 -55 -52 -68 -67 -72 -94 -72 -87 -72 -147 -73 -152 -73 -156 -73 -7 -5 145 55 191 -9 0 1 -24 -20 -7 -6 60 -8 25 191 91 131 87 53 57 37 64 -8 88 54 32 55 -9 52 -35 -9 9 56 48 64 33 56 24 72 -6 24 -32 -2 -22 24 -46 24 -41 24 21 -59 -55 27 -40 48 -43 49 -208 -10 -232 -19 -230 -16 -225 -15 -76 10 -167 -8
0 1 -8 -270 0 -81 33 -86 37 -84 51 -77 20 -82 56 -82 60 -72 54 -81 34 -80 28 -82 12 -85 19 -80 13 -82 17 -64 -40 -41 -4 -64 -17 -46 -81 -17 -32 -50 -89 -26 -110 -16 -120 -8 -128 -40 -128 -48 -109 -64 -136 -79 -194 -82 -163 -81 -159 -79 -138 -72 164 51 -7 -143 -45 -176 -24 -18 -24 -16 90 -81 74 -16 100 48 57 51 48 -8 55 -15 23 47 33 96 -6 48 45 45 1 -15 0 1 11 46 17 16 -19 16 -34 16 -40 10 -46 16 -58 -13 -72 48 -40 8 -208 -18 -230 -25 -236 -24 -242 -21 -248 -22 -240 -14
0 1 -8 -26 -7 -275 -24 -95 32 -89 23 -89 18 -89 43 -92 39 -88 24 -88 47 -87 8 -87 0 -85 23 -72 -19 -89 68 -23 0 -88 -24 -88 -77 -20 -77 -25 -96 -16 -40 -56 -65 -56 -58 -60 -129 -16 -73 -86 -133 -56 -136 -24 -105 -85 -155 -87 -158 -86 -189 -87 -31 -22 151 133 83 40 -24 -27 -32 -26 -32 -34 -41 -32 71 -7 71 108 60 93 48 27 40 -5 16 39 9 7 20 -24 32 42 0 1 -11 -23 -17 -24 -21 -18 -48 7 -32 -19 -16 32 11 -76 -64 -4 -46 49 -223 -41 -229 -32 -236 -32 -243 -27 -301 -152 -265 -153
0 1 -5 -27 -9 -287 41 -96 24 -100 40 -98 19 -98 40 -95 48 -98 37 -101 36 -95 33 -94 223 1 166 -32 107 -97 -25 0 -17 -79 -16 -95 -83 -33 -79 -65 -94 -31 -97 -34 -113 -23 -118 -31 -65 -80 -65 -87 -82 -88 -85 -88 -97 -96 -114 -96 -175 -90 -181 -99 -180 -97 -69 -33 123 33 117 32 -92 84 -40 -32 93 -96 122 -29 0 1 60 113 -210 96 17 40 26 -31 30 -32 15 -32 40 45 0 1 -24 -2 56 -31 8 -34 -31 -3 -6 25 -41 -28 -26 36 -72 37 -63 33 -224 -48 -231 -39 -239 -161 -241 -162 -249 -161 -258 -160
0 1 0 -295 32 -120 6 -103 32 -105 -29 -110 6 -104 46 -104 159 -105 167 -57 160 -40 333 -159 271 -40 166 -39 78 -167 135 -167 -49 87 124 64 -84 -24 -49 -97 -49 -72 -55 -96 -79 -100 -54 -88 -68 -104 -84 -107 -19 -36 -103 -104 -99 -103 -112 -103 -156 -89 -185 -104 -243 -112 -197 -105 -167 -108 -156 -57 143 144 -152 104 -48 -42 18 -70 39 1 64 24 -130 88 -20 87 39 21 10 0 45 17 -1 1 30 18 21 33 -32 -8 25 -32 17 -33 -32 -32 -241 88 -314 120 -67 -104 -33 -23 -208 -41 -208 -38 -113 -41 -368 -101 -437 -104 -500 -166
96 -47 51 -111 55 -111 38 -112 26 -112 19 -112 24 -90 328 -177 351 159 175 -175 141 -175 144 -177 155 -50 147 -42 322 -45 265 -28 -128 -10 280 -56 -144 -10 -152 -10 -160 -10 -168 -10 -176 -10 -184 -10 -192 -10 -200 -11 -208 -13 54 144 27 86 27 112 17 113 24 111 64 144 142 138 117 100 92 80 85 80 90 72 81 71 74 71 64 68 74 79 -21 22 -6 11 -24 -49 49 20 45 23 9 -48 0 -48 -8 -48 -16 -47 -25 -21 -32 -16 -40 -32 -304 -56 -53 68 -207 -53 -211 -54 -205 -47 -219 -43 -245 -174 -234 -176 -242 -176 -257 -177
87 169 95 104 401 146 388 146 352 90 328 60 337 55 80 -183 -13 140 8 168 309 60 156 -66 151 -60 150 -58 144 -58 301 -125 191 -23 120 -71 278 -126 -22 -119 -65 -153 -154 -312 -172 -181 -179 -181 -192 -34 -200 -18 -208 -19 -55 78 190 145 188 145 184 143 120 74 128 86 120 84 128 104 136 136 78 61 94 70 82 78 72 53 52 52 56 56 0 1 -17 -57 24 7 26 8 39 25 34 21 30 7 20 22 -3 -48 -26 -49 -19 -48 25 -112 -104 42 -153 -93 -206 -63 -211 -60 -217 -61 -217 -57 -78 -134 -365 -73 -376 -116 -445 -120
370 65 364 64 358 62 361 62 360 61 344 45 272 6 200 -193 98 72 -26 128 304 113 157 -68 149 -68 139 -67 52 -200 120 -74 117 -194 111 -192 253 0 113 -158 297 -31 85 -191 82 -68 257 -65 -191 -51 -200 -26 -208 -27 168 100 144 67 129 56 144 96 136 80 128 80 120 70 112 45 104 56 94 45 87 47 80 46 90 65 65 47 11 0 -10 -66 10 0 -27 -65 -27 -67 -41 -64 0 1 0 0 -2 2 -24 1 8 0 0 0 -42 -125 -169 -71 -26 -130 -206 -69 -211 -68 -327 -208 -216 -56 -238 -72 -259 -191 -242 -192 -250 -191
382 52 368 58 373 56 365 65 352 48 343 45 279 -69 209 -74 270 -24 290 70 271 -90 157 -76 149 -76 144 -75 134 -199 -120 -52 -128 -34 -136 -34 -144 -34 -152 -34 -160 -34 -168 -34 207 32 204 -4 -191 -265 -200 -33 -208 -34 -55 61 -160 136 122 46 136 56 136 48 128 48 122 51 112 45 122 57 119 66 95 63 13 0 90 57 14 -10 8 -10 52 -6 8 -24 -1 -24 -42 -25 -41 -1 9 36 -48 -18 -54 -10 -72 -73 8 -6 -32 -64 24 -69 -176 -74 -186 -71 -204 -77 -211 -76 -300 -218 -221 -80 -218 -79 -170 -39 -401 -40 -356 -64
382 52 368 48 360 48 366 44 360 55 344 39 415 -43 186 -86 192 -78 185 -78 316 65 156 -88 149 -84 76 -228 280 48 -52 -111 -28 -79 -132 -204 -144 -42 -152 -57 -159 -284 -167 -67 63 -17 -82 80 -192 -273 119 -47 63 -78 175 98 152 80 164 104 144 88 120 52 192 146 104 45 100 46 100 48 96 42 97 45 87 48 76 57 64 41 56 40 40 52 35 47 25 48 26 48 18 40 15 55 1 29 -66 -81 13 -14 6 -17 -36 -72 -41 -143 -178 -208 -186 -208 -255 -207 -210 -84 -219 -83 -208 -69 -234 -80 -230 -210 -249 -208 -128 -12
382 48 376 33 368 36 360 33 352 34 350 41 210 -199 190 -92 181 -92 173 -92 308 -152 288 -238 149 -92 32 -232 256 74 117 -24 -112 -200 -132 -215 -144 -50 -152 -73 -160 -80 -163 -63 68 -94 61 -92 -64 -218 46 -216 192 72 -52 45 160 97 168 98 143 73 155 98 156 103 120 40 116 60 87 36 91 40 149 138 106 103 -124 40 87 108 80 108 76 104 16 40 28 55 25 55 16 27 5 20 -48 -30 -64 -88 7 -24 8 -22 -2 -26 27 -84 -110 -96 -135 -104 -193 -103 -211 -91 -219 -92 -220 -90 -225 -80 -102 -25 -306 40 -364 -124
384 39 381 48 352 28 368 48 344 32 344 28 278 -97 187 -102 264 -176 171 -101 167 -103 182 -94 2 -130 22 31 132 -100 126 -100 8 -240 111 -101 -144 -291 -152 -76 -160 -58 -168 -58 -176 -75 81 -95 77 -95 183 -1 224 96 204 96 156 64 -47 32 -52 32 -56 32 128 65 110 54 171 129 -92 34 -100 40 -136 42 79 112 -152 48 -160 37 104 112 47 77 8 29 0 1 24 36 18 14 -1 -97 35 -96 -9 -160 -18 -160 -26 -161 -35 -78 -164 38 -337 -192 -247 -95 -321 31 -213 -102 -218 -100 -215 -225 -85 -30 -301 33 -436 -88 -441 -79
388 24 380 38 369 41 297 -72 347 -87 342 -168 208 -105 190 -106 367 -174 184 -103 165 -108 49 -248 173 -104 135 -122 134 -108 322 -104 114 -111 -1 -248 -144 -92 -152 -65 -148 -280 103 -104 69 -107 59 -233 245 -105 186 -37 172 23 -28 25 -168 87 8 38 -112 34 -88 48 -133 24 -216 88 -2 26 -64 23 -129 89 -193 88 -256 88 -152 40 -272 104 27 4 72 86 64 88 17 15 32 40 16 14 -25 -31 8 -38 46 -104 -138 -198 -150 -231 -138 -232 -169 -106 -18 -72 -68 6 -139 -40 -212 -108 -219 -108 -221 -109 -213 -101 -219 -102 -225 -103 -78 -164
352 0 374 16 366 16 371 -47 402 -114 243 -206 208 -112 188 -115 71 -255 173 -116 165 -116 157 -116 149 -116 141 -116 133 -116 264 -100 129 -125 109 -116 93 -128 92 -117 85 -116 -33 -254 192 -80 202 -44 180 0 182 78 -17 17 48 16 48 0 -72 81 36 0 -32 17 -96 80 -24 32 -48 31 -80 24 -64 31 -92 16 -144 33 -149 29 -162 28 99 89 -177 24 52 71 0 0 24 31 16 16 7 6 0 1 26 -83 -144 -112 -156 -120 -153 -117 -168 -114 -47 -96 -60 16 -60 4 -212 -117 -219 -116 -221 -115 -224 -114 -220 -206 -110 -45 -352 82
418 70 376 24 418 88 360 -11 352 -10 326 -56 366 -61 375 -112 199 -214 182 -247 141 -247 131 -250 53 -256 142 -124 133 -124 126 -124 117 -124 -1 -262 20 -264 67 -246 103 -214 222 -59 215 1 5 8 -83 16 56 8 43 64 40 58 28 44 -19 35 32 40 -10 9 9 7 8 40 48 72 -168 25 -15 7 64 72 -193 40 -264 72 -274 76 51 47 -172 16 40 56 15 7 8 -6 4 10 6 8 0 1 -7 -13 -8 -53 -159 -247 -162 -248 -169 -120 -169 -127 -73 -120 -87 -121 -212 -123 -219 -124 -216 -249 -92 -57 -296 8 -436 -104 -470 -186
369 1 384 8 368 -8 362 -7 352 -6 341 -17 302 -80 334 -63 327 -66 337 -71 311 -95 303 -97 352 -179 329 -120 326 -128 318 -128 52 -193 319 -121 249 -64 233 -9 32 0 -44 7 92 0 24 -2 -64 0 9 31 50 64 8 28 30 -4 32 -3 24 0 14 0 16 0 -88 64 -208 64 -208 71 -244 68 -232 64 -258 65 -152 12 -256 80 41 37 -152 0 64 66 96 97 -4 -15 0 -4 0 1 0 -4 -13 -17 6 10 -35 -62 -10 -66 -8 -69 -43 -97 -48 -96 -19 -121 -194 -222 -203 -258 -217 -255 -61 -125 -135 -95 -177 -95 -185 -95
352 -12 379 7 368 24 352 7 332 -8 328 -12 336 -13 328 -17 315 -24 306 -24 305 -28 314 -7 218 -89 284 -16 192 -89 270 0 258 -16 250 -15 252 48 73 -10 65 -11 80 -11 88 -4 24 0 32 -6 62 -8 48 72 32 22 48 0 40 0 -32 -3 16 -9 -35 1 -60 -6 -114 58 -185 64 -212 60 -228 56 -210 68 -232 56 -178 16 -167 -7 -288 55 -182 -2 32 32 88 91 -16 -11 0 -20 0 0 -6 -13 -17 -28 -74 -73 -39 -71 -44 -72 -16 -75 -29 -75 -52 -128 -74 -102 -80 -105 -88 -104 -96 -105 -101 -103 -113 -136 -90 -73
400 48 341 -59 384 48 359 32 366 40 368 44 336 22 312 -32 316 -2 296 -13 295 -16 272 -16 272 -18 296 18 256 -31 240 -24 224 -33 256 14 -80 48 68 -4 48 -12 96 -16 85 -16 79 -17 64 -12 56 18 48 14 -25 49 50 0 24 -16 0 0 26 30 16 -11 6 16 27 15 -32 -16 -72 -16 -205 44 -144 48 -88 -18 -224 48 -280 50 -241 64 -296 52 48 48 48 48 24 25 0 0 -16 -24 -17 -16 -16 -24 -33 -37 -12 -8 -88 -81 -54 -78 -60 -80 -40 -80 -43 -82 -48 -68 -87 -136 -98 -140 -73 -83 -80 -82 -89 -81
376 -9 369 -23 164 -28 399 48 352 24 354 36 334 22 360 49 352 44 352 40 272 -26 270 -24 304 40 311 43 256 -24 320 58 270 34 40 -28 -84 41 122 -25 52 -24 40 -23 64 24 67 -22 80 8 64 11 48 7 34 12 44 8 32 55 0 8 24 12 0 -29 -40 8 -16 -26 -88 2 -16 -16 -8 -7 -104 -17 -89 -25 -226 58 -264 38 -240 32 -188 -16 -192 -15 32 34 32 39 23 32 -16 -21 -16 -23 -16 -32 -24 -29 -32 -35 -43 -44 -96 -98 -105 -89 -76 -87 -80 -88 -54 -87 -56 -89 -70 -88 -72 -86 -90 -90 -128 -86
354 -64 379 -15 324 -64 396 32 392 35 344 14 360 25 376 32 341 25 342 32 318 32 74 -26 288 14 308 24 303 39 42 -24 272 32 48 -31 -96 41 56 -17 80 -16 40 -16 76 -32 88 -32 96 -16 73 -17 50 -32 38 32 -16 -1 40 -17 0 -6 -24 32 16 0 16 0 0 5 -44 0 -18 -30 -136 32 -64 -16 -40 -32 -224 56 -42 51 -256 32 -294 34 -192 -18 -312 53 16 14 35 33 32 32 2 -1 -24 -32 -33 -31 -32 -36 -48 -52 -54 -52 -58 -52 -112 -100 -129 -160 -88 -95 -82 -94 -90 -95 -111 -96 -120 -93 -185 -161
384 -20 380 -25 396 20 360 7 379 23 370 22 360 17 392 57 322 22 89 -32 80 -24 74 -36 288 8 288 20 50 -34 41 -33 32 -29 -88 32 160 24 8 20 113 -41 48 -40 80 -40 88 -41 72 -36 40 -16 56 -8 50 -13 41 -8 40 -28 12 -8 -43 7 -2 -32 -10 -45 -24 -33 -80 -33 -16 -35 -72 -34 -96 -34 -156 -12 -224 24 -242 32 -246 32 -285 24 -192 -24 -201 -32 -204 -32 -216 -34 0 1 0 1 -32 -41 -40 -41 -32 -45 -41 -48 -42 -40 -57 -59 -64 -60 -42 -24 -135 -105 -141 -105 -146 -172 -152 -108 -164 -106 -102 -32
389 -32 379 -32 369 -17 386 16 392 20 376 8 347 5 328 -14 360 32 94 -41 81 -39 72 -36 64 -40 57 -39 -48 16 -72 18 57 -49 -89 17 -96 17 -94 16 160 44 52 -43 112 -31 72 -49 24 -48 72 -32 48 -32 50 -18 44 -18 -16 -16 32 -16 40 -16 0 -53 8 -12 -16 -39 -64 -48 -40 -40 -82 -48 -98 -48 -42 -4 -97 -49 -152 16 -240 24 -248 32 -248 16 -264 16 -322 19 -215 -40 0 8 16 16 -40 -46 -41 -49 -32 -49 -49 -47 -48 -53 -50 -46 -64 -60 -70 -55 -87 -68 -62 -36 -148 -114 -152 -122 -92 -40 -102 -49
376 -55 378 -40 368 -25 389 11 376 2 368 10 138 -57 3 54 95 -47 88 -42 119 -55 -30 7 -48 9 -50 8 12 -56 37 -48 -30 0 -77 5 -80 8 55 -57 104 -56 -43 -50 126 -24 88 -52 64 -57 64 -24 48 -24 39 7 -8 -16 -16 -20 18 -56 8 4 0 -28 -1 -20 -10 -54 -8 -56 -32 -48 -8 -40 -48 -49 -96 -56 -80 -43 -103 -58 -96 -40 -187 -33 -292 10 -278 10 -270 24 -330 11 0 0 -230 -50 -3 1 0 9 -32 -25 -64 -56 -49 -57 -61 -56 -60 -56 -72 -64 -84 -75 -91 -75 -96 -76 -107 -76 -114 -76 -127 -76
388 -48 371 -64 340 -80 384 -5 157 -63 120 -48 -1 -1 8 0 0 1 22 12 -2 8 -2 2 -48 4 -24 8 -48 16 -48 50 -64 0 -40 16 131 -63 56 -56 48 -48 72 -12 80 -56 64 -64 64 -48 56 -36 8 -23 12 -32 32 -64 29 -64 16 -65 8 -66 12 -32 -2 -60 -18 -64 -11 -15 -32 -64 -24 -60 -102 -54 -32 -64 -116 -56 -120 -48 -124 -64 -74 -64 -224 -2 -208 -9 -208 -49 -216 -46 -224 -52 -230 -60 -216 -66 0 1 -7 0 0 1 -80 -68 -80 -68 -80 -68 -72 -66 -80 -70 -80 -66 -90 -56 -106 -83 -104 -57 -128 -84
388 -54 379 -60 360 -56 392 2 384 -5 0 0 1 0 16 -3 -8 -8 51 -1 0 24 1 0 -1 0 96 -65 48 -40 -64 -8 0 -1 -12 -66 132 -72 70 -64 57 -63 96 -72 80 -72 30 -72 64 -72 56 -8 60 -40 49 -41 47 -57 40 -36 24 -72 4 -40 -64 -10 -1 -73 -48 -72 -16 -73 -16 -73 -90 -72 -128 -32 -112 -60 -192 -8 -112 -72 -112 -72 -136 -69 -224 -64 -264 -7 -320 -6 -328 -8 -336 -9 -229 -67 -238 -65 -247 -66 -32 -32 12 12 16 26 -71 -72 -64 -56 -80 -72 -78 -80 -100 -92 -98 -90 -105 -91 -110 -90 -122 -92
374 -81 369 -81 338 -96 388 -16 376 -16 22 32 0 0 17 32 32 -16 -8 -16 -32 0 111 -71 -32 -16 -40 -16 0 0 -32 -8 2 0 70 -80 128 -80 110 -80 104 -88 88 -32 79 -85 56 -33 64 -22 67 -49 56 -82 32 -48 36 -80 -8 -64 -48 0 -17 -57 -6 -44 4 -50 -4 -48 -8 -66 -68 -75 -92 -76 -28 -80 -44 -80 -104 -80 -122 -80 -116 -76 -136 -64 -128 -79 -287 -10 -306 -16 -282 -25 -336 -15 -233 -72 -306 -17 -244 -74 -228 -80 -24 -24 -32 -16 -53 -48 -80 -84 -64 -60 -80 -86 -82 -72 -102 -100 -106 -100 -119 -100 -120 -100
390 -84 384 -91 372 -72 337 -101 401 -5 63 -56 56 -56 104 -81 -17 -16 88 -76 96 -89 -40 -20 -24 -24 32 -24 48 -23 136 -88 136 -88 124 -88 112 -56 88 -56 88 -58 88 -72 72 -28 37 -43 54 -30 52 -28 40 -26 32 -29 30 -24 -24 -23 24 -59 16 -60 -16 -40 -8 -88 0 -73 -10 -76 -74 -73 -56 -72 -240 -24 -56 -86 -101 -81 -120 -74 -256 -20 -128 -88 -224 -81 -153 -88 -240 -76 -296 -16 -80 -25 -230 -86 -352 -23 -361 -23 -373 -21 -268 -72 -48 -44 -16 -16 -81 -100 -73 -88 -88 -88 -88 -96 -104 -108 -104 -106 -114 -108 -128 -108
332 -164 324 -165 360 -96 352 -96 392 -24 361 -39 114 -90 37 -57 136 -97 -16 -26 4 -24 -8 -32 1 0 56 -56 0 1 152 -92 144 -96 136 -99 61 -96 85 -57 96 -16 40 -64 80 -33 64 -37 64 -32 49 -33 44 -31 48 -68 32 -32 35 -63 24 -64 -55 -30 0 -97 1 -63 0 -62 -40 -80 -36 -96 -89 -88 -90 -96 -91 -87 -136 -80 -76 -64 -88 -95 -135 -83 -86 -96 -200 -30 -96 -92 -158 -94 -306 -24 -296 -16 -341 -33 -345 -33 -368 -30 -377 -32 -274 -80 -48 -64 -96 -114 -72 -96 -74 -96 -86 -104 -96 -115 -153 -171 -92 -90 -120 -112
336 -236 378 -166 374 -96 364 -88 348 -89 344 -64 362 -34 106 -97 97 -97 90 -96 -32 -32 -8 -32 -38 -40 -9 -23 -50 -8 104 -103 96 -104 105 -104 84 -88 55 -64 112 -24 96 -72 80 -72 68 -44 58 -44 50 -44 48 -40 24 -22 -33 -39 32 -76 18 -25 17 -75 8 -72 0 -56 -5 -72 -16 -72 -26 -104 -87 -97 -96 -96 -50 -104 -96 -104 -64 -104 -80 -103 -92 -68 -93 -71 -91 -104 -160 -90 -152 -100 -288 -28 -334 -40 -304 -26 -296 -76 -288 -73 -353 7 -272 -94 -56 -54 -96 -108 -72 -112 -74 -107 -96 -124 -94 -123 -84 -96 -151 -184 -118 -123
325 -249 328 -241 362 -132 352 -113 348 -96 310 -118 328 -80 320 -66 -16 -42 -24 -43 -32 -48 -41 -46 64 -104 -10 -56 32 -48 22 -16 -64 -48 72 -104 128 -80 104 -80 104 -80 52 -66 80 -48 68 -49 59 -53 52 -48 42 -52 30 -53 28 -50 20 -48 12 -53 2 -52 -4 -50 2 -80 -9 -81 -24 -64 -32 -32 -31 -111 -48 -114 -56 -81 -48 -80 -72 -116 -144 -48 -79 -79 -160 -32 -88 -64 -112 -115 -249 -103 -288 -43 -344 -47 -285 -72 -312 -52 -328 -66 -236 -116 -271 -104 -56 -67 -16 -49 -73 -115 -79 -103 -89 -129 -87 -105 -102 -131 -152 -192 -168 -182
382 -248 408 -182 328 -200 368 -124 344 -120 347 -104 320 -120 360 -64 304 -88 24 -80 83 -114 74 -114 -47 -36 -56 -55 240 -55 -30 -36 96 -120 136 -88 128 -88 120 -103 96 -56 84 -56 76 -57 68 -58 60 -58 52 -58 44 -60 36 -58 28 -58 20 -58 12 -58 4 -58 -4 -58 -8 -56 -20 -58 -32 -63 -24 -92 -80 -89 -80 -104 -50 -122 -64 -89 -80 -56 -80 -57 -76 -40 -86 -93 -109 -84 -114 -112 -176 -113 -336 -56 -296 -34 -352 -39 -304 -88 -369 -54 -264 -111 -48 -80 -34 -62 -64 -104 -73 -112 -80 -128 -88 -138 -97 -139 -102 -139 -164 -184 -177 -249
